#Title, #runnumber: 255 yelloweye_data.ss yelloweye_control.ss 5266.83 2279.52 657.138 StartTime: Thu Jun 15 15:30:10 2017
SSv3_default_rebuild.dat
# Number of sexes
1
# Age range to consider (minimum age; maximum age)
0 100
# Number of fleets
12
# First year of projection (Yinit)
2011
# First Year of rebuilding period (Ydecl)
2013
# Number of simulations
1000
# Maximum number of years
500
# Conduct projections with multiple starting values (0=No;else yes)
0
# Number of parameter vectors
1000
# Is the maximum age a plus-group (1=Yes;2=No)
1
# Generate future recruitments using historical recruitments (1)  historical recruits/spawner (2)  or a stock-recruitment (3)
3
# Constant fishing mortality (1) or constant Catch (2) projections
1
# Fishing mortality based on SPR (1) or actual rate (2)
1
# Pre-specify the year of recovery (or -1) to ignore
-1
# Fecundity-at-age
# 0 1 2 3 4 5 6 7 8 9 10 11 12 13 14 15 16 17 18 19 20 21 22 23 24 25 26 27 28 29 30 31 32 33 34 35 36 37 38 39 40 41 42 43 44 45 46 47 48 49 50 51 52 53 54 55 56 57 58 59 60 61 62 63 64 65 66 67 68 69 70 71 72 73 74 75 76 77 78 79 80 81 82 83 84 85 86 87 88 89 90 91 92 93 94 95 96 97 98 99 100 #runnumber: 255 yelloweye_data.ss yelloweye_control.ss 5266.83 2279.52 657.138
 0 0 8.24451e-008 8.63953e-007 6.56661e-006 3.9089e-005 0.000189177 0.000753306 0.00247021 0.00670891 0.015342 0.0302392 0.0526567 0.082874 0.120209 0.163312 0.210544 0.260299 0.311205 0.362205 0.412556 0.461775 0.509579 0.555823 0.600446 0.643441 0.684828 0.724636 0.762901 0.799657 0.834937 0.868774 0.901197 0.932237 0.961925 0.990293 1.01737 1.0432 1.0678 1.09123 1.11351 1.13468 1.15479 1.17387 1.19195 1.2091 1.22533 1.24069 1.25522 1.26895 1.28193 1.29419 1.30576 1.31668 1.32698 1.33669 1.34584 1.35447 1.3626 1.37025 1.37745 1.38423 1.39062 1.39662 1.40227 1.40758 1.41257 1.41727 1.42168 1.42583 1.42973 1.43348 1.43701 1.44032 1.44343 1.44635 1.44909 1.45167 1.45409 1.45636 1.45849 1.46049 1.46237 1.46414 1.46579 1.46735 1.4688 1.47017 1.47146 1.47266 1.47379 1.47485 1.47585 1.47678 1.47766 1.47848 1.47925 1.47998 1.48065 1.48129 1.48229 #female fecundity; weighted by N in year Y_init across morphs and areas
# Age specific selectivity and weight adjusted for discard and discard mortality
 #wt and selex for gender,fleet: 1 1
 0.0110059 0.0228073 0.0605444 0.11645 0.190358 0.2797 0.381361 0.492391 0.61026 0.732928 0.858829 0.986864 1.11639 1.24714 1.37915 1.51252 1.64735 1.78356 1.92087 2.05882 2.19677 2.334 2.46977 2.60339 2.73425 2.86182 2.98571 3.10561 3.22131 3.33265 3.43959 3.54207 3.64013 3.73381 3.82319 3.90835 3.9894 4.06647 4.13967 4.20915 4.27503 4.33746 4.39658 4.45252 4.50543 4.55544 4.60269 4.64731 4.68942 4.72915 4.76662 4.80195 4.83524 4.86661 4.89615 4.92397 4.95015 4.9748 4.99799 5.0198 5.04031 5.05961 5.07775 5.0948 5.11082 5.12588 5.14003 5.15333 5.16582 5.17755 5.18867 5.1992 5.2091 5.21839 5.22711 5.2353 5.24299 5.25021 5.25698 5.26334 5.26931 5.27491 5.28016 5.28509 5.28972 5.29406 5.29814 5.30196 5.30555 5.30891 5.31207 5.31503 5.31781 5.32041 5.32286 5.32515 5.3273 5.32932 5.33122 5.33299 5.33579
 0 0 0 0 0 0 0 0 0 0 0 0 0 0 0 0 0 0 0 0 0 0 0 0 0 0 0 0 0 0 0 0 0 0 0 0 0 0 0 0 0 0 0 0 0 0 0 0 0 0 0 0 0 0 0 0 0 0 0 0 0 0 0 0 0 0 0 0 0 0 0 0 0 0 0 0 0 0 0 0 0 0 0 0 0 0 0 0 0 0 0 0 0 0 0 0 0 0 0 1 0
 #wt and selex for gender,fleet: 1 3
 0.0109288 0.0213945 0.0552872 0.106176 0.173788 0.256104 0.350558 0.454628 0.566097 0.683162 0.804531 0.929466 1.05771 1.18927 1.32419 1.4623 1.6032 1.74618 1.89035 2.03472 2.17832 2.32027 2.45982 2.59633 2.72934 2.85846 2.98344 3.1041 3.2203 3.33199 3.43915 3.54179 3.63995 3.73369 3.82311 3.9083 3.98937 4.06644 4.13966 4.20914 4.27502 4.33745 4.39657 4.45252 4.50543 4.55544 4.60269 4.64731 4.68942 4.72915 4.76662 4.80195 4.83524 4.86661 4.89615 4.92397 4.95015 4.9748 4.99799 5.0198 5.04031 5.05961 5.07775 5.0948 5.11082 5.12588 5.14003 5.15333 5.16582 5.17755 5.18867 5.1992 5.2091 5.21839 5.22711 5.2353 5.24299 5.25021 5.25698 5.26334 5.26931 5.27491 5.28016 5.28509 5.28972 5.29406 5.29814 5.30196 5.30555 5.30891 5.31207 5.31503 5.31781 5.32041 5.32286 5.32515 5.3273 5.32932 5.33121 5.33299 5.33579
 0 0 0 0 0 0 0 0 0 0 0 0 0 0 0 0 0 0 0 0 0 0 0 0 0 0 0 0 0 0 0 0 0 0 0 0 0 0 0 0 0 0 0 0 0 0 0 0 0 0 0 0 0 0 0 0 0 0 0 0 0 0 0 0 0 0 0 0 0 0 0 0 0 0 0 0 0 0 0 0 0 0 0 0 0 0 0 0 0 0 0 0 0 0 0 0 0 0 0 1 0
 #wt and selex for gender,fleet: 1 4
 0.0108597 0.020106 0.0504097 0.0976396 0.161991 0.24234 0.336829 0.443335 0.559739 0.684069 0.814557 0.949658 1.08804 1.2286 1.3704 1.51272 1.65499 1.79675 1.93764 2.07733 2.21549 2.3518 2.48592 2.61749 2.74618 2.87168 2.99368 3.11194 3.22626 3.33649 3.44253 3.54432 3.64184 3.73511 3.82417 3.90909 3.98997 4.0669 4.14 4.2094 4.27522 4.33761 4.39669 4.45261 4.5055 4.5555 4.60274 4.64735 4.68945 4.72918 4.76664 4.80197 4.83526 4.86662 4.89616 4.92398 4.95016 4.9748 4.99799 5.0198 5.04032 5.05961 5.07775 5.0948 5.11083 5.12589 5.14004 5.15333 5.16582 5.17755 5.18867 5.19921 5.2091 5.21839 5.22712 5.2353 5.24299 5.25021 5.25698 5.26334 5.26931 5.27491 5.28016 5.28509 5.28972 5.29406 5.29814 5.30196 5.30555 5.30891 5.31207 5.31503 5.31781 5.32042 5.32286 5.32515 5.32731 5.32932 5.33122 5.33299 5.33579
 0 0 0 0 0 0 0 0 0 0 0 0 0 0 0 0 0 0 0 0 0 0 0 0 0 0 0 0 0 0 0 0 0 0 0 0 0 0 0 0 0 0 0 0 0 0 0 0 0 0 0 0 0 0 0 0 0 0 0 0 0 0 0 0 0 0 0 0 0 0 0 0 0 0 0 0 0 0 0 0 0 0 0 0 0 0 0 0 0 0 0 0 0 0 0 0 0 0 0 1 0
 #wt and selex for gender,fleet: 1 5
 0.010933 0.0214958 0.0560906 0.10882 0.17991 0.267612 0.36939 0.482576 0.604675 0.7335 0.867197 1.00423 1.14334 1.28353 1.42398 1.56412 1.7035 1.84182 1.97886 2.11443 2.24838 2.38051 2.51062 2.63844 2.76373 2.88619 3.00555 3.12156 3.234 3.34267 3.44744 3.5482 3.6449 3.73751 3.82606 3.91058 3.99114 4.06782 4.14073 4.20998 4.27569 4.33799 4.397 4.45286 4.5057 4.55567 4.60288 4.64746 4.68955 4.72926 4.76671 4.80203 4.83531 4.86666 4.8962 4.92401 4.95019 4.97483 4.99802 5.01983 5.04034 5.05963 5.07777 5.09481 5.11084 5.1259 5.14005 5.15334 5.16583 5.17756 5.18868 5.19922 5.20911 5.2184 5.22712 5.23531 5.243 5.25022 5.25699 5.26335 5.26931 5.27491 5.28017 5.2851 5.28973 5.29407 5.29814 5.30197 5.30555 5.30892 5.31208 5.31504 5.31782 5.32042 5.32287 5.32516 5.32731 5.32933 5.33122 5.333 5.3358
 0 0 0 0 0 0 0 0 0 0 0 0 0 0 0 0 0 0 0 0 0 0 0 0 0 0 0 0 0 0 0 0 0 0 0 0 0 0 0 0 0 0 0 0 0 0 0 0 0 0 0 0 0 0 0 0 0 0 0 0 0 0 0 0 0 0 0 0 0 0 0 0 0 0 0 0 0 0 0 0 0 0 0 0 0 0 0 0 0 0 0 0 0 0 0 0 0 0 0 1 0
 #wt and selex for gender,fleet: 1 6
 0.0114173 0.0291046 0.0767129 0.141418 0.220802 0.309843 0.404421 0.50183 0.601029 0.702646 0.80839 0.920166 1.03933 1.1663 1.30053 1.4407 1.58513 1.73207 1.87991 2.02732 2.17324 2.31683 2.45749 2.59471 2.72815 2.85754 2.98266 3.10338 3.21962 3.33132 3.43847 3.54109 3.63924 3.73296 3.82236 3.90753 3.98859 4.06565 4.13885 4.20831 4.27419 4.33661 4.39572 4.45166 4.50456 4.55456 4.60181 4.64642 4.68852 4.72825 4.76571 4.80104 4.83432 4.86569 4.89523 4.92304 4.94922 4.97386 4.99705 5.01886 5.03938 5.05867 5.0768 5.09385 5.10987 5.12493 5.13908 5.15238 5.16487 5.1766 5.18771 5.19824 5.20814 5.21742 5.22614 5.23433 5.24201 5.24923 5.256 5.26235 5.26832 5.27392 5.27917 5.2841 5.28872 5.29307 5.29714 5.30096 5.30454 5.30791 5.31106 5.31402 5.3168 5.31941 5.32185 5.32414 5.32629 5.32831 5.3302 5.33198 5.33478
 0 0 0 0 0 0 0 0 0 0 0 0 0 0 0 0 0 0 0 0 0 0 0 0 0 0 0 0 0 0 0 0 0 0 0 0 0 0 0 0 0 0 0 0 0 0 0 0 0 0 0 0 0 0 0 0 0 0 0 0 0 0 0 0 0 0 0 0 0 0 0 0 0 0 0 0 0 0 0 0 0 0 0 0 0 0 0 0 0 0 0 0 0 0 0 0 0 0 0 1 0
 #wt and selex for gender,fleet: 1 7
 0.0114013 0.0290644 0.0783132 0.14776 0.235791 0.337386 0.447862 0.563534 0.681764 0.80084 0.919891 1.0388 1.15806 1.2785 1.40103 1.52637 1.65489 1.78654 1.92086 2.05709 2.19426 2.33133 2.4673 2.60129 2.73257 2.86053 2.98475 3.10492 3.22081 3.33231 3.43935 3.54191 3.64002 3.73374 3.82314 3.90831 3.98938 4.06645 4.13966 4.20914 4.27502 4.33746 4.39657 4.45252 4.50543 4.55544 4.60269 4.64731 4.68942 4.72915 4.76662 4.80195 4.83524 4.86661 4.89615 4.92397 4.95015 4.9748 4.99799 5.0198 5.04031 5.05961 5.07775 5.0948 5.11082 5.12588 5.14003 5.15333 5.16582 5.17755 5.18867 5.1992 5.2091 5.21839 5.22711 5.2353 5.24299 5.25021 5.25698 5.26334 5.26931 5.27491 5.28016 5.28509 5.28972 5.29406 5.29814 5.30196 5.30555 5.30891 5.31207 5.31503 5.31781 5.32041 5.32286 5.32515 5.3273 5.32932 5.33121 5.33299 5.33579
 0 0 0 0 0 0 0 0 0 0 0 0 0 0 0 0 0 0 0 0 0 0 0 0 0 0 0 0 0 0 0 0 0 0 0 0 0 0 0 0 0 0 0 0 0 0 0 0 0 0 0 0 0 0 0 0 0 0 0 0 0 0 0 0 0 0 0 0 0 0 0 0 0 0 0 0 0 0 0 0 0 0 0 0 0 0 0 0 0 0 0 0 0 0 0 0 0 0 0 1 0
# M and current age-structure in year Yinit: 2011
 # gender = 1
 0.0439034 0.0439034 0.0439034 0.0439034 0.0439034 0.0439034 0.0439034 0.0439034 0.0439034 0.0439034 0.0439034 0.0439034 0.0439034 0.0439034 0.0439034 0.0439034 0.0439034 0.0439034 0.0439034 0.0439034 0.0439034 0.0439034 0.0439034 0.0439034 0.0439034 0.0439034 0.0439034 0.0439034 0.0439034 0.0439034 0.0439034 0.0439034 0.0439034 0.0439034 0.0439034 0.0439034 0.0439034 0.0439034 0.0439034 0.0439034 0.0439034 0.0439034 0.0439034 0.0439034 0.0439034 0.0439034 0.0439034 0.0439034 0.0439034 0.0439034 0.0439034 0.0439034 0.0439034 0.0439034 0.0439034 0.0439034 0.0439034 0.0439034 0.0439034 0.0439034 0.0439034 0.0439034 0.0439034 0.0439034 0.0439034 0.0439034 0.0439034 0.0439034 0.0439034 0.0439034 0.0439034 0.0439034 0.0439034 0.0439034 0.0439034 0.0439034 0.0439034 0.0439034 0.0439034 0.0439034 0.0439034 0.0439034 0.0439034 0.0439034 0.0439034 0.0439034 0.0439034 0.0439034 0.0439034 0.0439034 0.0439034 0.0439034 0.0439034 0.0439034 0.0439034 0.0439034 0.0439034 0.0439034 0.0439034 0.0439034 0.0439034
 239.56 199.957 188.365 247.553 166.924 124.961 100.604 77.6082 110.356 208.477 149.315 88.0081 164.27 61.7166 39.6408 34.1525 34.6054 71.0738 98.7808 36.395 27.635 29.2846 31.7849 32.4547 33.0074 31.3638 35.7856 44.6681 33.1014 39.2194 26.0907 18.9058 12.136 9.286 9.98007 10.3363 9.49975 5.75865 4.88177 6.78822 9.25281 5.39901 4.62878 3.43299 2.8479 2.50413 1.83262 1.42608 1.31376 1.37733 1.498 1.49192 1.32417 1.14227 1.01321 0.938603 0.909986 0.920199 0.967041 1.05334 1.17598 1.29893 1.32746 1.20696 1.02722 0.871697 0.7571 0.676498 0.620159 0.57928 0.547817 0.521481 0.497684 0.475087 0.453049 0.431528 0.410732 0.39106 0.372828 0.356264 0.341431 0.328248 0.316456 0.305772 0.295829 0.286271 0.276833 0.267357 0.257771 0.24811 0.238454 0.228888 0.219502 0.21039 0.201535 0.192859 0.184537 0.176566 0.168929 0.16162 3.61055
# Age-structure at Ydeclare= 2013
 120.031 117.612 219.42 183.143 172.519 226.705 152.836 114.375 92.0343 70.9501 100.812 190.297 136.192 80.2196 149.646 56.1964 36.0819 31.0776 31.4831 64.651 89.8443 33.0997 25.1314 26.6304 28.9031 29.5113 30.0131 28.5177 32.537 40.6116 30.094 35.6546 23.7181 17.1858 11.0314 8.44051 9.07106 9.3945 8.63393 5.23363 4.43655 6.16893 8.4084 4.90614 4.20609 3.1194 2.58769 2.27526 1.6651 1.29569 1.19362 1.25135 1.36097 1.35543 1.20302 1.03775 0.920495 0.85271 0.826709 0.835984 0.878536 0.956936 1.06834 1.18004 1.20596 1.09648 0.933197 0.791906 0.687797 0.614573 0.563389 0.526252 0.497669 0.473743 0.452124 0.431595 0.411574 0.392023 0.373131 0.35526 0.338696 0.323649 0.310175 0.298198 0.287486 0.27778 0.268747 0.260065 0.251491 0.242882 0.234174 0.225398 0.216626 0.207936 0.199409 0.191131 0.183087 0.175205 0.167645 0.160403 3.58036
# Year for Tmin Age-structure (set to Ydecl by SS)
2013
#  recruitment and biomass
# Number of historical assessment years
129
# Historical data
# year recruitment spawner in B0 in R project in R/S project
1888  1889 1890 1891 1892 1893 1894 1895 1896 1897 1898 1899 1900 1901 1902 1903 1904 1905 1906 1907 1908 1909 1910 1911 1912 1913 1914 1915 1916 1917 1918 1919 1920 1921 1922 1923 1924 1925 1926 1927 1928 1929 1930 1931 1932 1933 1934 1935 1936 1937 1938 1939 1940 1941 1942 1943 1944 1945 1946 1947 1948 1949 1950 1951 1952 1953 1954 1955 1956 1957 1958 1959 1960 1961 1962 1963 1964 1965 1966 1967 1968 1969 1970 1971 1972 1973 1974 1975 1976 1977 1978 1979 1980 1981 1982 1983 1984 1985 1986 1987 1988 1989 1990 1991 1992 1993 1994 1995 1996 1997 1998 1999 2000 2001 2002 2003 2004 2005 2006 2007 2008 2009 2010 2011 2012 2013 2014 2015 2016 #years (with first value representing R0)
221.043 218.231 218.145 218.058 217.969 217.87 217.769 217.666 217.565 217.462 217.355 217.245 217.123 217 216.873 216.725 216.566 216.396 216.21 216.014 215.797 215.549 215.269 214.955 214.613 214.235 213.825 213.375 212.888 212.354 211.583 210.665 209.62 208.363 206.829 204.966 202.738 200.148 197.273 194.239 191.22 188.414 185.988 184.031 182.598 181.644 181.061 180.685 180.349 179.886 179.234 178.436 177.729 177.528 178.544 181.832 188.716 200.953 220.151 246.838 275.922 288.67 268.645 231.273 196.94 171.845 155.366 145.915 142.852 146.253 156.224 171.371 182.409 172.677 149.308 133.52 135.373 161.756 204.484 213.903 235.658 288.398 303.156 464.797 302.85 192.073 198.473 284.98 268.272 222.839 177.416 197.408 260.667 303.894 385.191 274.21 313.049 213.274 160.217 145.92 125.539 108.856 89.9115 76.9858 93.069 234.325 157.809 72.4113 67.6906 74.6625 110.705 280.975 143.666 232.756 310.484 157.093 105.639 130.99 155.67 198.986 282.41 205.653 208.931 239.56 122.89 120.031 122.304 141.837 175.793  #recruits; first value is R0 (virgin)
2279.52  2279.52 2279.51 2279.5 2279.49 2278.61 2277.77 2276.94 2276.74 2276.71 2276.68 2276.66 2276.59 2276.48 2276.3 2276.04 2275.71 2275.28 2274.79 2274.22 2273.57 2272.63 2271.84 2270.99 2270.08 2269.12 2268.1 2267.02 2265.75 2264.07 2262 2255.75 2252.62 2249.69 2246.83 2244.48 2241.92 2238.21 2233.71 2227.54 2219.86 2212.3 2205.61 2198.19 2192.78 2187.65 2182.49 2176.23 2169.92 2161.61 2153.83 2145.4 2138.19 2128.61 2115.93 2102.46 2079.83 2055.76 2021.12 1989.1 1972.78 1955.02 1940.76 1925.04 1906.28 1890.11 1877.63 1863.16 1849.57 1836.09 1820.52 1806.65 1795.21 1786.42 1781.72 1776.14 1774.39 1775.6 1757.8 1754.48 1747.81 1740.61 1715.11 1698.83 1676.05 1646.82 1614.8 1579.33 1544.72 1504.81 1465.7 1401.4 1339.48 1291.26 1227.53 1120.83 1023.33 970.083 892.9 849.593 801.273 757.718 702.694 663.447 597.669 538.028 481.622 452.9 424.303 391.948 355.49 346.615 328.634 335.909 341.776 358.101 375.045 392.664 410.396 428.968 446.76 465.615 484.796 506.012 528.33 551.598 576.417 602.738 629.342 #spbio; first value is SSB_virgin (virgin)
1 0 0 0 0 0 0 0 0 0 0 0 0 0 0 0 0 0 0 0 0 0 0 0 0 0 0 0 0 0 0 0 0 0 0 0 0 0 0 0 0 0 0 0 0 0 0 0 0 0 0 0 0 0 0 0 0 0 0 0 0 0 0 0 0 0 0 0 0 0 0 0 0 0 0 0 0 0 0 0 0 0 0 0 0 0 0 0 0 0 0 0 0 0 0 0 0 0 0 0 0 0 0 0 0 0 0 0 0 0 0 0 0 0 0 0 0 0 0 0 0 0 0 0 0 0 0 0 0  # in Bzero
0 1 1 1 1 1 1 1 1 1 1 1 1 1 1 1 1 1 1 1 1 1 1 1 1 1 1 1 1 1 1 1 1 1 1 1 1 1 1 1 1 1 1 1 1 1 1 1 1 1 1 1 1 1 1 1 1 1 1 1 1 1 1 1 1 1 1 1 1 1 1 1 1 1 1 1 1 1 1 1 1 1 1 1 1 1 1 1 1 1 1 1 1 1 1 1 1 1 1 1 1 1 1 1 1 1 1 1 1 1 1 1 1 1 1 1 1 1 1 1 1 1 1 1 1 1  0 0 0 # in R project
0 1 1 1 1 1 1 1 1 1 1 1 1 1 1 1 1 1 1 1 1 1 1 1 1 1 1 1 1 1 1 1 1 1 1 1 1 1 1 1 1 1 1 1 1 1 1 1 1 1 1 1 1 1 1 1 1 1 1 1 1 1 1 1 1 1 1 1 1 1 1 1 1 1 1 1 1 1 1 1 1 1 1 1 1 1 1 1 1 1 1 1 1 1 1 1 1 1 1 1 1 1 1 1 1 1 1 1 1 1 1 1 1 1 1 1 1 1 1 1 1 1 1 1 1 1  0 0 0 # in R/S project
# Number of years with pre-specified catches
0
# catches for years with pre-specified catches go next
# Number of future recruitments to override
-2
# Process for overiding (-1 for average otherwise index in data list)
# Which probability to product detailed results for (1=0.5; 2=0.6; etc.)
3
# Steepness sigma-R Auto-correlation
0.718 0.5 0
# Target SPR rate (FMSY Proxy); manually change to SPR_MSY if not using SPR_target
0.5
# Discount rate (for cumulative catch)
0.1
# Truncate the series when 0.4B0 is reached (1=Yes)
0
# Set F to FMSY once 0.4B0 is reached (1=Yes)
0
# Maximum possible F for projection (-1 to set to FMSY)
-1
# Defintion of recovery (1=now only;2=now or before)
2
# Projection type
4
# Definition of the 40-10 rule
10 40
# Calculate coefficients of variation (1=Yes)
0
# Number of replicates to use
10
# Random number seed
-99004
# File with multiple parameter vectors 
rebuild.SSO
# User-specific projection (1=Yes); Output replaced (1->9)
0  5
# Catches and Fs (Year; 1/2/3 (F or C or SPR); value); Final row is -1
2016 1 1
-1 -1 -1
# Fixed catch project (1=Yes); Output replaced (1->9); Approach (-1=Read in else 1-9)
0 2 -1
# Split of Fs
2011  0.000498308
 0
 0.157115
 0.00686759
 0.26877
 0.245559
 0.32119
-1  1 1 1 1 1 1 1 1 1 1 1 1
# Yrs to define T_target for projection type 4 (a.k.a. 5 pre-specified inputs)
2022 2023 2024 2025 2026 
# Year for probability of recovery
2026 2027 2028 2029 2030 2031 2032 2033
# Time varying weight-at-age (1=Yes;0=No)
0
# File with time series of weight-at-age data
none
# Use bisection (0) or linear interpolation (1)
1
# Target Depletion
0.4
# CV of implementation error
0
