#Title, #runnumber: 255 yelloweye_data.ss yelloweye_control.ss 5626.46 2260.61 650.542 StartTime: Thu Jun 15 15:10:29 2017
SSv3_default_rebuild.dat
# Number of sexes
1
# Age range to consider (minimum age; maximum age)
0 100
# Number of fleets
12
# First year of projection (Yinit)
2011
# First Year of rebuilding period (Ydecl)
2013
# Number of simulations
1000
# Maximum number of years
500
# Conduct projections with multiple starting values (0=No;else yes)
0
# Number of parameter vectors
1000
# Is the maximum age a plus-group (1=Yes;2=No)
1
# Generate future recruitments using historical recruitments (1)  historical recruits/spawner (2)  or a stock-recruitment (3)
3
# Constant fishing mortality (1) or constant Catch (2) projections
1
# Fishing mortality based on SPR (1) or actual rate (2)
1
# Pre-specify the year of recovery (or -1) to ignore
-1
# Fecundity-at-age
# 0 1 2 3 4 5 6 7 8 9 10 11 12 13 14 15 16 17 18 19 20 21 22 23 24 25 26 27 28 29 30 31 32 33 34 35 36 37 38 39 40 41 42 43 44 45 46 47 48 49 50 51 52 53 54 55 56 57 58 59 60 61 62 63 64 65 66 67 68 69 70 71 72 73 74 75 76 77 78 79 80 81 82 83 84 85 86 87 88 89 90 91 92 93 94 95 96 97 98 99 100 #runnumber: 255 yelloweye_data.ss yelloweye_control.ss 5626.46 2260.61 650.542
 0 0 6.79793e-008 7.95035e-007 6.55167e-006 4.14414e-005 0.000209384 0.000854708 0.00282457 0.00763667 0.0172691 0.0335763 0.0576776 0.0896592 0.128663 0.173224 0.22165 0.272336 0.323935 0.375427 0.426101 0.475506 0.523379 0.569589 0.614089 0.656878 0.697979 0.737427 0.775263 0.811523 0.846247 0.879471 0.911229 0.941558 0.970495 0.998075 1.02434 1.04932 1.07306 1.09561 1.117 1.13728 1.15649 1.17467 1.19186 1.20812 1.22348 1.23797 1.25165 1.26455 1.27671 1.28817 1.29896 1.30912 1.31868 1.32768 1.33614 1.34409 1.35156 1.35859 1.36518 1.37138 1.3772 1.38266 1.38779 1.3926 1.39711 1.40134 1.40532 1.40904 1.41253 1.41589 1.41904 1.422 1.42476 1.42736 1.42979 1.43207 1.4342 1.4362 1.43808 1.43983 1.44148 1.44302 1.44446 1.44581 1.44708 1.44826 1.44937 1.45041 1.45138 1.4523 1.45315 1.45395 1.4547 1.4554 1.45605 1.45667 1.45724 1.45778 1.45862 #female fecundity; weighted by N in year Y_init across morphs and areas
# Age specific selectivity and weight adjusted for discard and discard mortality
 #wt and selex for gender,fleet: 1 1
 0.0106504 0.020461 0.0590562 0.117135 0.194283 0.287395 0.392822 0.507246 0.627942 0.752816 0.880367 1.00967 1.14029 1.2722 1.40555 1.54055 1.67724 1.81546 1.95481 2.09468 2.2343 2.37287 2.5096 2.64376 2.77473 2.90203 3.02526 3.14418 3.25859 3.36839 3.47355 3.57407 3.67 3.7614 3.84839 3.93106 4.00956 4.08401 4.15455 4.22134 4.28453 4.34426 4.40069 4.45396 4.50423 4.55163 4.59631 4.6384 4.67804 4.71536 4.75047 4.7835 4.81456 4.84375 4.87119 4.89697 4.92118 4.94392 4.96526 4.9853 5.00411 5.02175 5.03831 5.05384 5.0684 5.08206 5.09487 5.10688 5.11814 5.12869 5.13867 5.14812 5.15697 5.16527 5.17304 5.18032 5.18714 5.19353 5.19952 5.20513 5.21038 5.2153 5.21991 5.22422 5.22826 5.23205 5.23559 5.23891 5.24201 5.24492 5.24765 5.2502 5.25258 5.25482 5.25691 5.25887 5.26071 5.26242 5.26403 5.26554 5.26787
 0 0 0 0 0 0 0 0 0 0 0 0 0 0 0 0 0 0 0 0 0 0 0 0 0 0 0 0 0 0 0 0 0 0 0 0 0 0 0 0 0 0 0 0 0 0 0 0 0 0 0 0 0 0 0 0 0 0 0 0 0 0 0 0 0 0 0 0 0 0 0 0 0 0 0 0 0 0 0 0 0 0 0 0 0 0 0 0 0 0 0 0 0 0 0 0 0 0 0 1 0
 #wt and selex for gender,fleet: 1 3
 0.0105818 0.0191471 0.0531114 0.105301 0.175213 0.260509 0.358251 0.465632 0.580254 0.700245 0.824336 0.951867 1.08265 1.21673 1.35411 1.49462 1.63775 1.78274 1.92865 2.07445 2.21914 2.36183 2.50176 2.63832 2.77103 2.89955 3.02363 3.14311 3.25789 3.36795 3.47326 3.57389 3.66988 3.76133 3.84834 3.93103 4.00954 4.08399 4.15454 4.22134 4.28452 4.34426 4.40068 4.45396 4.50422 4.55163 4.59631 4.6384 4.67804 4.71536 4.75047 4.7835 4.81456 4.84375 4.87119 4.89697 4.92118 4.94392 4.96526 4.9853 5.00411 5.02175 5.03831 5.05384 5.0684 5.08206 5.09487 5.10688 5.11813 5.12869 5.13867 5.14812 5.15697 5.16527 5.17304 5.18032 5.18714 5.19353 5.19952 5.20513 5.21038 5.2153 5.21991 5.22422 5.22826 5.23205 5.23559 5.23891 5.24201 5.24492 5.24765 5.2502 5.25258 5.25482 5.25691 5.25887 5.26071 5.26242 5.26403 5.26554 5.26787
 0 0 0 0 0 0 0 0 0 0 0 0 0 0 0 0 0 0 0 0 0 0 0 0 0 0 0 0 0 0 0 0 0 0 0 0 0 0 0 0 0 0 0 0 0 0 0 0 0 0 0 0 0 0 0 0 0 0 0 0 0 0 0 0 0 0 0 0 0 0 0 0 0 0 0 0 0 0 0 0 0 0 0 0 0 0 0 0 0 0 0 0 0 0 0 0 0 0 0 1 0
 #wt and selex for gender,fleet: 1 4
 0.010526 0.0180704 0.0479918 0.0960016 0.162219 0.245358 0.343305 0.453679 0.574141 0.702548 0.837012 0.975904 1.11784 1.26167 1.40644 1.55141 1.69596 1.83962 1.982 2.12276 2.26158 2.39813 2.53211 2.66319 2.79108 2.91548 3.03613 3.15283 3.26539 3.37369 3.47765 3.57722 3.67241 3.76325 3.8498 3.93215 4.01039 4.08465 4.15505 4.22173 4.28483 4.3445 4.40087 4.45411 4.50435 4.55173 4.59639 4.63847 4.6781 4.7154 4.75051 4.78353 4.81458 4.84377 4.87121 4.89698 4.92119 4.94393 4.96528 4.98531 5.00412 5.02176 5.03832 5.05385 5.06841 5.08207 5.09488 5.10688 5.11814 5.12869 5.13867 5.14812 5.15697 5.16527 5.17304 5.18033 5.18715 5.19354 5.19953 5.20513 5.21039 5.2153 5.21991 5.22423 5.22827 5.23205 5.23559 5.23891 5.24202 5.24493 5.24765 5.2502 5.25259 5.25482 5.25692 5.25888 5.26071 5.26243 5.26403 5.26554 5.26788
 0 0 0 0 0 0 0 0 0 0 0 0 0 0 0 0 0 0 0 0 0 0 0 0 0 0 0 0 0 0 0 0 0 0 0 0 0 0 0 0 0 0 0 0 0 0 0 0 0 0 0 0 0 0 0 0 0 0 0 0 0 0 0 0 0 0 0 0 0 0 0 0 0 0 0 0 0 0 0 0 0 0 0 0 0 0 0 0 0 0 0 0 0 0 0 0 0 0 0 1 0
 #wt and selex for gender,fleet: 1 5
 0.0105927 0.0193738 0.0545597 0.109246 0.183446 0.274973 0.380789 0.497827 0.623332 0.754978 0.890864 1.02948 1.16963 1.31042 1.45119 1.59152 1.73109 1.86971 2.00722 2.14346 2.27823 2.41127 2.54228 2.67093 2.79687 2.91974 3.03923 3.15504 3.26695 3.37478 3.4784 3.57773 3.67275 3.76348 3.84995 3.93224 4.01045 4.08468 4.15506 4.22173 4.28483 4.34449 4.40087 4.4541 4.50434 4.55172 4.59638 4.63846 4.67809 4.7154 4.7505 4.78353 4.81458 4.84377 4.87121 4.89698 4.92119 4.94393 4.96527 4.98531 5.00412 5.02176 5.03832 5.05384 5.06841 5.08207 5.09488 5.10688 5.11814 5.12869 5.13867 5.14812 5.15697 5.16527 5.17304 5.18032 5.18715 5.19354 5.19952 5.20513 5.21038 5.2153 5.21991 5.22423 5.22827 5.23205 5.23559 5.23891 5.24202 5.24493 5.24765 5.2502 5.25259 5.25482 5.25691 5.25887 5.26071 5.26243 5.26403 5.26554 5.26788
 0 0 0 0 0 0 0 0 0 0 0 0 0 0 0 0 0 0 0 0 0 0 0 0 0 0 0 0 0 0 0 0 0 0 0 0 0 0 0 0 0 0 0 0 0 0 0 0 0 0 0 0 0 0 0 0 0 0 0 0 0 0 0 0 0 0 0 0 0 0 0 0 0 0 0 0 0 0 0 0 0 0 0 0 0 0 0 0 0 0 0 0 0 0 0 0 0 0 0 1 0
 #wt and selex for gender,fleet: 1 6
 0.0110013 0.026331 0.0763684 0.144047 0.226603 0.318158 0.414207 0.512186 0.611644 0.713894 0.821095 0.935259 1.05758 1.18818 1.32615 1.46991 1.61758 1.76728 1.91739 2.06657 2.21378 2.35824 2.49934 2.63664 2.7698 2.89859 3.02281 3.14237 3.25718 3.36724 3.47255 3.57317 3.66914 3.76058 3.84757 3.93025 4.00874 4.08319 4.15372 4.22051 4.28369 4.34341 4.39983 4.4531 4.50336 4.55075 4.59543 4.63752 4.67716 4.71447 4.74957 4.7826 4.81365 4.84285 4.87028 4.89606 4.92027 4.943 4.96435 4.98438 5.00319 5.02083 5.03739 5.05292 5.06748 5.08114 5.09395 5.10595 5.11721 5.12776 5.13774 5.14718 5.15603 5.16433 5.1721 5.17938 5.1862 5.19258 5.19857 5.20417 5.20942 5.21434 5.21895 5.22326 5.2273 5.23108 5.23462 5.23794 5.24105 5.24395 5.24668 5.24922 5.25161 5.25385 5.25594 5.2579 5.25973 5.26145 5.26305 5.26456 5.26689
 0 0 0 0 0 0 0 0 0 0 0 0 0 0 0 0 0 0 0 0 0 0 0 0 0 0 0 0 0 0 0 0 0 0 0 0 0 0 0 0 0 0 0 0 0 0 0 0 0 0 0 0 0 0 0 0 0 0 0 0 0 0 0 0 0 0 0 0 0 0 0 0 0 0 0 0 0 0 0 0 0 0 0 0 0 0 0 0 0 0 0 0 0 0 0 0 0 0 0 1 0
 #wt and selex for gender,fleet: 1 7
 0.0104575 0.016733 0.041042 0.50018 0.525508 0.554423 0.590737 0.634864 0.689106 0.756258 0.838623 0.937283 1.05168 1.17968 1.31816 1.46374 1.61341 1.76477 1.91605 2.06599 2.21366 2.35838 2.49965 2.63705 2.77028 2.89911 3.02338 3.14297 3.25781 3.3679 3.47324 3.57387 3.66987 3.76132 3.84834 3.93103 4.00953 4.08399 4.15454 4.22133 4.28452 4.34426 4.40068 4.45396 4.50422 4.55163 4.59631 4.6384 4.67804 4.71536 4.75047 4.7835 4.81456 4.84375 4.87119 4.89697 4.92118 4.94392 4.96526 4.9853 5.00411 5.02175 5.03831 5.05384 5.0684 5.08206 5.09487 5.10688 5.11813 5.12869 5.13867 5.14812 5.15697 5.16527 5.17304 5.18032 5.18714 5.19353 5.19952 5.20513 5.21038 5.2153 5.21991 5.22422 5.22826 5.23205 5.23559 5.23891 5.24201 5.24492 5.24765 5.2502 5.25258 5.25482 5.25691 5.25887 5.26071 5.26242 5.26403 5.26554 5.26787
 0 0 0 0 0 0 0 0 0 0 0 0 0 0 0 0 0 0 0 0 0 0 0 0 0 0 0 0 0 0 0 0 0 0 0 0 0 0 0 0 0 0 0 0 0 0 0 0 0 0 0 0 0 0 0 0 0 0 0 0 0 0 0 0 0 0 0 0 0 0 0 0 0 0 0 0 0 0 0 0 0 0 0 0 0 0 0 0 0 0 0 0 0 0 0 0 0 0 0 1 0
# M and current age-structure in year Yinit: 2011
 # gender = 1
 0.0439034 0.0439034 0.0439034 0.0439034 0.0439034 0.0439034 0.0439034 0.0439034 0.0439034 0.0439034 0.0439034 0.0439034 0.0439034 0.0439034 0.0439034 0.0439034 0.0439034 0.0439034 0.0439034 0.0439034 0.0439034 0.0439034 0.0439034 0.0439034 0.0439034 0.0439034 0.0439034 0.0439034 0.0439034 0.0439034 0.0439034 0.0439034 0.0439034 0.0439034 0.0439034 0.0439034 0.0439034 0.0439034 0.0439034 0.0439034 0.0439034 0.0439034 0.0439034 0.0439034 0.0439034 0.0439034 0.0439034 0.0439034 0.0439034 0.0439034 0.0439034 0.0439034 0.0439034 0.0439034 0.0439034 0.0439034 0.0439034 0.0439034 0.0439034 0.0439034 0.0439034 0.0439034 0.0439034 0.0439034 0.0439034 0.0439034 0.0439034 0.0439034 0.0439034 0.0439034 0.0439034 0.0439034 0.0439034 0.0439034 0.0439034 0.0439034 0.0439034 0.0439034 0.0439034 0.0439034 0.0439034 0.0439034 0.0439034 0.0439034 0.0439034 0.0439034 0.0439034 0.0439034 0.0439034 0.0439034 0.0439034 0.0439034 0.0439034 0.0439034 0.0439034 0.0439034 0.0439034 0.0439034 0.0439034 0.0439034 0.0439034
 229.561 237.319 206.376 266.707 169.228 125.97 93.9534 69.8001 142.234 286.579 97.482 71.6552 141.32 70.4173 41.0524 33.5751 33.7046 70.8722 92.5973 33.6706 25.6884 27.2196 29.4865 30.1601 30.9184 29.7776 33.9292 41.6891 31.344 38.2443 25.259 16.8994 12.3556 9.35306 9.96342 9.38444 8.87418 5.59254 5.19853 6.29269 9.56765 6.46893 4.82453 3.55489 2.71116 2.19693 1.67465 1.35939 1.28323 1.37065 1.53495 1.62434 1.52073 1.31932 1.13476 1.00481 0.933621 0.914844 0.942914 1.01574 1.12607 1.24303 1.29711 1.23178 1.0883 0.941831 0.823146 0.734149 0.668653 0.619198 0.580699 0.549702 0.524067 0.502148 0.482211 0.462749 0.442727 0.421985 0.401003 0.38062 0.361592 0.344383 0.329076 0.31557 0.303557 0.292663 0.282547 0.272927 0.263574 0.254346 0.245159 0.235973 0.226801 0.217712 0.208702 0.199725 0.191014 0.182613 0.174543 0.166821 3.72344
# Age-structure at Ydeclare= 2013
 119.124 110.907 210.263 217.364 189.015 244.246 154.944 115.292 85.9348 63.7884 129.861 261.416 88.8561 65.2764 128.684 64.1004 37.3612 30.5512 30.6654 64.4758 84.235 30.6285 23.3667 24.7588 26.82 27.432 28.1209 27.0826 30.8575 37.9136 28.5044 34.7783 22.969 15.3668 11.2347 8.50433 9.05908 8.53247 8.06837 5.08461 4.7263 5.72094 8.69818 5.88095 4.38594 3.23166 2.46461 1.99712 1.52232 1.23572 1.16649 1.24594 1.39528 1.47654 1.38235 1.19926 1.03149 0.913362 0.848651 0.831582 0.857095 0.923288 1.02358 1.12989 1.17905 1.11967 0.989238 0.856105 0.748221 0.667324 0.60779 0.562837 0.527841 0.499665 0.476364 0.456439 0.438317 0.420626 0.402427 0.383573 0.364501 0.345974 0.328678 0.313035 0.299121 0.286845 0.275926 0.266023 0.256828 0.248084 0.239582 0.231194 0.222844 0.214494 0.206157 0.197895 0.189705 0.181546 0.173628 0.165991 3.69483
# Year for Tmin Age-structure (set to Ydecl by SS)
2013
#  recruitment and biomass
# Number of historical assessment years
129
# Historical data
# year recruitment spawner in B0 in R project in R/S project
1888  1889 1890 1891 1892 1893 1894 1895 1896 1897 1898 1899 1900 1901 1902 1903 1904 1905 1906 1907 1908 1909 1910 1911 1912 1913 1914 1915 1916 1917 1918 1919 1920 1921 1922 1923 1924 1925 1926 1927 1928 1929 1930 1931 1932 1933 1934 1935 1936 1937 1938 1939 1940 1941 1942 1943 1944 1945 1946 1947 1948 1949 1950 1951 1952 1953 1954 1955 1956 1957 1958 1959 1960 1961 1962 1963 1964 1965 1966 1967 1968 1969 1970 1971 1972 1973 1974 1975 1976 1977 1978 1979 1980 1981 1982 1983 1984 1985 1986 1987 1988 1989 1990 1991 1992 1993 1994 1995 1996 1997 1998 1999 2000 2001 2002 2003 2004 2005 2006 2007 2008 2009 2010 2011 2012 2013 2014 2015 2016 #years (with first value representing R0)
217.769 214.381 214.271 214.159 214.044 213.918 213.789 213.656 213.524 213.391 213.254 213.115 212.969 212.822 212.675 212.514 212.353 212.192 212.033 211.885 211.742 211.6 211.464 211.33 211.194 211.036 210.839 210.565 210.18 209.636 208.713 207.488 205.99 204.185 202.088 199.752 197.253 194.689 192.202 189.937 188.046 186.671 185.885 185.635 185.779 186.025 186.003 185.389 184.07 182.215 180.279 178.8 178.276 179.074 181.613 186.574 194.913 207.958 226.432 248.982 268.151 268.655 244.913 211.03 181.021 159.771 147.342 142.871 146.029 156.514 172.556 188.398 190.34 169.824 142.858 125.648 124.617 143.124 174.213 198.362 238.495 294.819 357.604 475.089 278.693 203.91 192.969 267.647 245.964 225.755 182.345 206.339 240.703 305.582 391.623 271.162 304.995 210.691 158.067 141.579 120.387 103.749 85.4297 72.771 87.1219 221.346 158.118 70.755 66.7164 77.4891 126.537 242.061 117.093 152.064 426.971 202.507 95.0159 122.331 156.925 201.731 304.261 225.318 247.97 229.561 115.885 119.124 122.537 141.033 173.007  #recruits; first value is R0 (virgin)
2260.61  2260.61 2260.6 2260.59 2260.58 2259.71 2258.87 2258.03 2257.84 2257.8 2257.77 2257.74 2257.65 2257.5 2257.28 2256.97 2256.57 2256.05 2255.46 2254.77 2253.99 2252.9 2251.96 2250.94 2249.86 2248.7 2247.49 2246.21 2244.74 2242.84 2240.56 2234.1 2230.77 2227.63 2224.57 2222.05 2219.33 2215.47 2210.87 2204.61 2196.87 2189.27 2182.56 2175.11 2169.67 2164.5 2159.27 2152.91 2146.45 2137.98 2129.99 2121.36 2113.96 2104.24 2091.5 2078.1 2055.68 2031.97 1997.86 1966.54 1951.01 1934.17 1920.9 1906.26 1888.64 1873.67 1862.46 1849.38 1837.27 1825.34 1811.37 1799 1788.87 1781.08 1776.97 1771.53 1769.5 1770.08 1751.37 1747.11 1739.57 1731.7 1705.77 1689.35 1666.64 1637.59 1605.73 1570.3 1535.65 1495.53 1456.29 1391.86 1329.93 1282.08 1219.25 1113.83 1017.45 965.504 889.279 846.772 798.816 755.443 700.505 661.898 597.925 539.789 484.558 456.417 428.006 395.694 358.933 349.662 330.973 337.66 342.941 358.282 374.223 390.876 407.65 425.248 442.135 460.106 478.44 498.868 520.531 543.4 568.079 594.619 621.801 #spbio; first value is SSB_virgin (virgin)
1 0 0 0 0 0 0 0 0 0 0 0 0 0 0 0 0 0 0 0 0 0 0 0 0 0 0 0 0 0 0 0 0 0 0 0 0 0 0 0 0 0 0 0 0 0 0 0 0 0 0 0 0 0 0 0 0 0 0 0 0 0 0 0 0 0 0 0 0 0 0 0 0 0 0 0 0 0 0 0 0 0 0 0 0 0 0 0 0 0 0 0 0 0 0 0 0 0 0 0 0 0 0 0 0 0 0 0 0 0 0 0 0 0 0 0 0 0 0 0 0 0 0 0 0 0 0 0 0  # in Bzero
0 1 1 1 1 1 1 1 1 1 1 1 1 1 1 1 1 1 1 1 1 1 1 1 1 1 1 1 1 1 1 1 1 1 1 1 1 1 1 1 1 1 1 1 1 1 1 1 1 1 1 1 1 1 1 1 1 1 1 1 1 1 1 1 1 1 1 1 1 1 1 1 1 1 1 1 1 1 1 1 1 1 1 1 1 1 1 1 1 1 1 1 1 1 1 1 1 1 1 1 1 1 1 1 1 1 1 1 1 1 1 1 1 1 1 1 1 1 1 1 1 1 1 1 1 1  0 0 0 # in R project
0 1 1 1 1 1 1 1 1 1 1 1 1 1 1 1 1 1 1 1 1 1 1 1 1 1 1 1 1 1 1 1 1 1 1 1 1 1 1 1 1 1 1 1 1 1 1 1 1 1 1 1 1 1 1 1 1 1 1 1 1 1 1 1 1 1 1 1 1 1 1 1 1 1 1 1 1 1 1 1 1 1 1 1 1 1 1 1 1 1 1 1 1 1 1 1 1 1 1 1 1 1 1 1 1 1 1 1 1 1 1 1 1 1 1 1 1 1 1 1 1 1 1 1 1 1  0 0 0 # in R/S project
# Number of years with pre-specified catches
0
# catches for years with pre-specified catches go next
# Number of future recruitments to override
-2
# Process for overiding (-1 for average otherwise index in data list)
# Which probability to product detailed results for (1=0.5; 2=0.6; etc.)
3
# Steepness sigma-R Auto-correlation
0.718 0.5 0
# Target SPR rate (FMSY Proxy); manually change to SPR_MSY if not using SPR_target
0.5
# Discount rate (for cumulative catch)
0.1
# Truncate the series when 0.4B0 is reached (1=Yes)
0
# Set F to FMSY once 0.4B0 is reached (1=Yes)
0
# Maximum possible F for projection (-1 to set to FMSY)
-1
# Defintion of recovery (1=now only;2=now or before)
2
# Projection type
4
# Definition of the 40-10 rule
10 40
# Calculate coefficients of variation (1=Yes)
0
# Number of replicates to use
10
# Random number seed
-99004
# File with multiple parameter vectors 
rebuild.SSO
# User-specific projection (1=Yes); Output replaced (1->9)
0  5
# Catches and Fs (Year; 1/2/3 (F or C or SPR); value); Final row is -1
2016 1 1
-1 -1 -1
# Fixed catch project (1=Yes); Output replaced (1->9); Approach (-1=Read in else 1-9)
0 2 -1
# Split of Fs
2011  0.000562327
 0
 0.177515
 0.00728871
 0.27949
 0.257621
 0.277523
-1  1 1 1 1 1 1 1 1 1 1 1 1
# Yrs to define T_target for projection type 4 (a.k.a. 5 pre-specified inputs)
2022 2023 2024 2025 2026 
# Year for probability of recovery
2026 2027 2028 2029 2030 2031 2032 2033
# Time varying weight-at-age (1=Yes;0=No)
0
# File with time series of weight-at-age data
none
# Use bisection (0) or linear interpolation (1)
1
# Target Depletion
0.4
# CV of implementation error
0
