#Title, #runnumber: 255 yelloweye_data.ss yelloweye_control.ss 5493.74 2264.25 667.877 StartTime: Thu Jun 15 14:59:15 2017
SSv3_default_rebuild.dat
# Number of sexes
1
# Age range to consider (minimum age; maximum age)
0 100
# Number of fleets
12
# First year of projection (Yinit)
2011
# First Year of rebuilding period (Ydecl)
2013
# Number of simulations
1000
# Maximum number of years
500
# Conduct projections with multiple starting values (0=No;else yes)
0
# Number of parameter vectors
1000
# Is the maximum age a plus-group (1=Yes;2=No)
1
# Generate future recruitments using historical recruitments (1)  historical recruits/spawner (2)  or a stock-recruitment (3)
3
# Constant fishing mortality (1) or constant Catch (2) projections
1
# Fishing mortality based on SPR (1) or actual rate (2)
1
# Pre-specify the year of recovery (or -1) to ignore
-1
# Fecundity-at-age
# 0 1 2 3 4 5 6 7 8 9 10 11 12 13 14 15 16 17 18 19 20 21 22 23 24 25 26 27 28 29 30 31 32 33 34 35 36 37 38 39 40 41 42 43 44 45 46 47 48 49 50 51 52 53 54 55 56 57 58 59 60 61 62 63 64 65 66 67 68 69 70 71 72 73 74 75 76 77 78 79 80 81 82 83 84 85 86 87 88 89 90 91 92 93 94 95 96 97 98 99 100 #runnumber: 255 yelloweye_data.ss yelloweye_control.ss 5493.74 2264.25 667.877
 0 0 7.55735e-008 8.51288e-007 6.82857e-006 4.2338e-005 0.000210838 0.000852571 0.0028035 0.00756616 0.0171107 0.033299 0.0572699 0.0891306 0.128039 0.172536 0.220932 0.27162 0.323251 0.374806 0.425573 0.475099 0.523124 0.569515 0.614225 0.65725 0.698613 0.738348 0.776491 0.813079 0.848147 0.881729 0.913859 0.94457 0.973896 1.00187 1.02853 1.05392 1.07806 1.10101 1.1228 1.14348 1.16308 1.18164 1.19922 1.21584 1.23156 1.24642 1.26044 1.27368 1.28617 1.29794 1.30904 1.3195 1.32935 1.33862 1.34735 1.35556 1.36328 1.37054 1.37736 1.38378 1.38981 1.39547 1.40079 1.40579 1.41048 1.41488 1.41901 1.42289 1.42653 1.43004 1.43332 1.4364 1.43929 1.44201 1.44455 1.44693 1.44917 1.45127 1.45323 1.45507 1.4568 1.45842 1.45994 1.46136 1.46269 1.46394 1.46511 1.46621 1.46724 1.4682 1.4691 1.46995 1.47074 1.47148 1.47218 1.47283 1.47344 1.47401 1.47491 #female fecundity; weighted by N in year Y_init across morphs and areas
# Age specific selectivity and weight adjusted for discard and discard mortality
 #wt and selex for gender,fleet: 1 1
 0.0108247 0.0215673 0.0601011 0.11781 0.194373 0.286887 0.39189 0.506179 0.627071 0.752456 0.880766 1.01096 1.14246 1.2751 1.40894 1.54413 1.68075 1.81869 1.95763 2.09705 2.23629 2.3746 2.51123 2.64548 2.77672 2.90446 3.0283 3.14794 3.26319 3.37392 3.48007 3.58165 3.67867 3.7712 3.85932 3.94316 4.02282 4.09843 4.17014 4.23809 4.30242 4.36328 4.42081 4.47518 4.52651 4.57496 4.62065 4.66374 4.70434 4.74259 4.77861 4.81252 4.84442 4.87444 4.90267 4.92921 4.95415 4.9776 4.99962 5.02031 5.03974 5.05799 5.07512 5.0912 5.10629 5.12045 5.13374 5.14621 5.1579 5.16887 5.17926 5.18909 5.19831 5.20696 5.21506 5.22266 5.22979 5.23647 5.24273 5.2486 5.2541 5.25925 5.26408 5.26861 5.27285 5.27682 5.28055 5.28404 5.28731 5.29037 5.29325 5.29593 5.29845 5.30082 5.30303 5.3051 5.30704 5.30886 5.31056 5.31216 5.31465
 0 0 0 0 0 0 0 0 0 0 0 0 0 0 0 0 0 0 0 0 0 0 0 0 0 0 0 0 0 0 0 0 0 0 0 0 0 0 0 0 0 0 0 0 0 0 0 0 0 0 0 0 0 0 0 0 0 0 0 0 0 0 0 0 0 0 0 0 0 0 0 0 0 0 0 0 0 0 0 0 0 0 0 0 0 0 0 0 0 0 0 0 0 0 0 0 0 0 0 1 0
 #wt and selex for gender,fleet: 1 3
 0.0107639 0.0204445 0.0554679 0.10857 0.179319 0.265342 0.363699 0.471587 0.586609 0.706874 0.831065 0.958459 1.08883 1.22221 1.35869 1.49816 1.64025 1.78431 1.92946 2.07473 2.21915 2.36181 2.50193 2.63886 2.77211 2.9013 3.02616 3.14651 3.26224 3.37329 3.47966 3.58138 3.67849 3.77108 3.85925 3.94311 4.02278 4.09841 4.17013 4.23808 4.30241 4.36327 4.42081 4.47517 4.52651 4.57495 4.62065 4.66374 4.70434 4.74259 4.77861 4.81252 4.84442 4.87444 4.90267 4.92921 4.95415 4.9776 4.99962 5.02031 5.03974 5.05799 5.07512 5.0912 5.10629 5.12045 5.13374 5.14621 5.1579 5.16887 5.17926 5.18909 5.19831 5.20696 5.21506 5.22266 5.22979 5.23647 5.24273 5.2486 5.25409 5.25925 5.26408 5.26861 5.27285 5.27682 5.28055 5.28404 5.28731 5.29037 5.29324 5.29593 5.29845 5.30082 5.30303 5.3051 5.30704 5.30886 5.31056 5.31216 5.31465
 0 0 0 0 0 0 0 0 0 0 0 0 0 0 0 0 0 0 0 0 0 0 0 0 0 0 0 0 0 0 0 0 0 0 0 0 0 0 0 0 0 0 0 0 0 0 0 0 0 0 0 0 0 0 0 0 0 0 0 0 0 0 0 0 0 0 0 0 0 0 0 0 0 0 0 0 0 0 0 0 0 0 0 0 0 0 0 0 0 0 0 0 0 0 0 0 0 0 0 1 0
 #wt and selex for gender,fleet: 1 4
 0.0106753 0.0187835 0.0482521 0.0953398 0.160289 0.242043 0.338746 0.44822 0.568255 0.696769 0.831877 0.971915 1.11543 1.26119 1.40811 1.5553 1.70202 1.84766 1.99171 2.13377 2.27349 2.41057 2.54476 2.6758 2.80348 2.9276 3.04797 3.16443 3.27686 3.38515 3.48924 3.58908 3.68468 3.77605 3.86324 3.94632 4.02537 4.1005 4.17182 4.23945 4.30353 4.36419 4.42157 4.47581 4.52704 4.5754 4.62103 4.66406 4.70462 4.74283 4.77882 4.8127 4.84458 4.87458 4.90279 4.92932 4.95425 4.97768 4.9997 5.02038 5.03981 5.05805 5.07517 5.09125 5.10634 5.1205 5.13378 5.14625 5.15794 5.16891 5.17929 5.18912 5.19834 5.20699 5.21509 5.22269 5.22982 5.2365 5.24276 5.24862 5.25412 5.25928 5.26411 5.26863 5.27288 5.27685 5.28058 5.28407 5.28734 5.2904 5.29327 5.29596 5.29848 5.30084 5.30305 5.30512 5.30706 5.30888 5.31059 5.31218 5.31467
 0 0 0 0 0 0 0 0 0 0 0 0 0 0 0 0 0 0 0 0 0 0 0 0 0 0 0 0 0 0 0 0 0 0 0 0 0 0 0 0 0 0 0 0 0 0 0 0 0 0 0 0 0 0 0 0 0 0 0 0 0 0 0 0 0 0 0 0 0 0 0 0 0 0 0 0 0 0 0 0 0 0 0 0 0 0 0 0 0 0 0 0 0 0 0 0 0 0 0 1 0
 #wt and selex for gender,fleet: 1 5
 0.0107616 0.0204195 0.0557518 0.110195 0.183814 0.27454 0.379489 0.495717 0.620551 0.751708 0.887302 1.02581 1.16603 1.30702 1.44811 1.58881 1.7288 1.86786 2.00582 2.14251 2.27774 2.41126 2.54279 2.672 2.79855 2.9221 3.04233 3.15896 3.27174 3.3805 3.48511 3.58548 3.68157 3.7734 3.86099 3.94442 4.02378 4.09916 4.1707 4.23852 4.30275 4.36353 4.42102 4.47534 4.52664 4.57506 4.62074 4.66381 4.7044 4.74264 4.77865 4.81255 4.84445 4.87446 4.90269 4.92922 4.95417 4.97761 4.99963 5.02032 5.03975 5.058 5.07512 5.0912 5.10629 5.12046 5.13374 5.14621 5.15791 5.16888 5.17926 5.18909 5.19831 5.20696 5.21507 5.22267 5.22979 5.23647 5.24273 5.2486 5.2541 5.25925 5.26408 5.26861 5.27285 5.27683 5.28055 5.28404 5.28731 5.29038 5.29325 5.29594 5.29846 5.30082 5.30303 5.3051 5.30704 5.30886 5.31056 5.31216 5.31465
 0 0 0 0 0 0 0 0 0 0 0 0 0 0 0 0 0 0 0 0 0 0 0 0 0 0 0 0 0 0 0 0 0 0 0 0 0 0 0 0 0 0 0 0 0 0 0 0 0 0 0 0 0 0 0 0 0 0 0 0 0 0 0 0 0 0 0 0 0 0 0 0 0 0 0 0 0 0 0 0 0 0 0 0 0 0 0 0 0 0 0 0 0 0 0 0 0 0 0 1 0
 #wt and selex for gender,fleet: 1 6
 0.0112398 0.0280876 0.0779167 0.145261 0.227241 0.318191 0.413741 0.511356 0.61055 0.71259 0.819603 0.933596 1.05577 1.18623 1.3241 1.4678 1.61544 1.76519 1.91542 2.06482 2.21235 2.35722 2.49883 2.63674 2.7706 2.90015 3.02523 3.14569 3.26148 3.37256 3.47893 3.58064 3.67774 3.77031 3.85847 3.94231 4.02198 4.09759 4.16929 4.23723 4.30155 4.36241 4.41994 4.47429 4.52562 4.57406 4.61975 4.66283 4.70343 4.74168 4.77769 4.81159 4.8435 4.87351 4.90173 4.92827 4.95321 4.97666 4.99868 5.01937 5.0388 5.05704 5.07417 5.09025 5.10534 5.1195 5.13278 5.14525 5.15695 5.16791 5.1783 5.18813 5.19734 5.20599 5.21409 5.22169 5.22881 5.23549 5.24174 5.24761 5.25311 5.25826 5.26309 5.26761 5.27185 5.27583 5.27955 5.28304 5.28631 5.28937 5.29224 5.29493 5.29745 5.29981 5.30202 5.30409 5.30603 5.30785 5.30955 5.31115 5.31364
 0 0 0 0 0 0 0 0 0 0 0 0 0 0 0 0 0 0 0 0 0 0 0 0 0 0 0 0 0 0 0 0 0 0 0 0 0 0 0 0 0 0 0 0 0 0 0 0 0 0 0 0 0 0 0 0 0 0 0 0 0 0 0 0 0 0 0 0 0 0 0 0 0 0 0 0 0 0 0 0 0 0 0 0 0 0 0 0 0 0 0 0 0 0 0 0 0 0 0 1 0
 #wt and selex for gender,fleet: 1 7
 0.0106104 0.0175526 0.0429912 0.500992 0.512199 0.528785 0.555077 0.59324 0.645866 0.715404 0.803302 0.909288 1.03124 1.16575 1.30906 1.45781 1.60936 1.76178 1.91368 2.06407 2.21216 2.35734 2.49913 2.63715 2.77107 2.90068 3.0258 3.1463 3.26212 3.37322 3.47962 3.58135 3.67847 3.77107 3.85924 3.94311 4.02278 4.09841 4.17013 4.23808 4.30241 4.36327 4.42081 4.47517 4.52651 4.57495 4.62065 4.66374 4.70434 4.74259 4.77861 4.81252 4.84442 4.87444 4.90267 4.92921 4.95415 4.9776 4.99962 5.02031 5.03974 5.05799 5.07512 5.0912 5.10629 5.12045 5.13374 5.14621 5.1579 5.16887 5.17926 5.18909 5.19831 5.20696 5.21506 5.22266 5.22979 5.23647 5.24273 5.24859 5.25409 5.25925 5.26408 5.26861 5.27285 5.27682 5.28055 5.28404 5.28731 5.29037 5.29324 5.29593 5.29845 5.30081 5.30303 5.3051 5.30704 5.30886 5.31056 5.31216 5.31465
 0 0 0 0 0 0 0 0 0 0 0 0 0 0 0 0 0 0 0 0 0 0 0 0 0 0 0 0 0 0 0 0 0 0 0 0 0 0 0 0 0 0 0 0 0 0 0 0 0 0 0 0 0 0 0 0 0 0 0 0 0 0 0 0 0 0 0 0 0 0 0 0 0 0 0 0 0 0 0 0 0 0 0 0 0 0 0 0 0 0 0 0 0 0 0 0 0 0 0 1 0
# M and current age-structure in year Yinit: 2011
 # gender = 1
 0.0439034 0.0439034 0.0439034 0.0439034 0.0439034 0.0439034 0.0439034 0.0439034 0.0439034 0.0439034 0.0439034 0.0439034 0.0439034 0.0439034 0.0439034 0.0439034 0.0439034 0.0439034 0.0439034 0.0439034 0.0439034 0.0439034 0.0439034 0.0439034 0.0439034 0.0439034 0.0439034 0.0439034 0.0439034 0.0439034 0.0439034 0.0439034 0.0439034 0.0439034 0.0439034 0.0439034 0.0439034 0.0439034 0.0439034 0.0439034 0.0439034 0.0439034 0.0439034 0.0439034 0.0439034 0.0439034 0.0439034 0.0439034 0.0439034 0.0439034 0.0439034 0.0439034 0.0439034 0.0439034 0.0439034 0.0439034 0.0439034 0.0439034 0.0439034 0.0439034 0.0439034 0.0439034 0.0439034 0.0439034 0.0439034 0.0439034 0.0439034 0.0439034 0.0439034 0.0439034 0.0439034 0.0439034 0.0439034 0.0439034 0.0439034 0.0439034 0.0439034 0.0439034 0.0439034 0.0439034 0.0439034 0.0439034 0.0439034 0.0439034 0.0439034 0.0439034 0.0439034 0.0439034 0.0439034 0.0439034 0.0439034 0.0439034 0.0439034 0.0439034 0.0439034 0.0439034 0.0439034 0.0439034 0.0439034 0.0439034 0.0439034
 202.122 197.976 183.886 249.265 161.98 122.862 93.053 69.8896 139.535 293.8 104.333 75.482 149.581 72.271 42.2554 34.4561 34.5182 74.8925 95.2176 33.5138 25.6559 28.1208 31.5615 31.6086 30.3673 28.312 32.9441 47.4488 36.4449 42.2539 22.9706 15.6719 11.4853 8.89178 9.5608 9.10246 8.67331 5.53367 5.13937 6.24022 9.3023 6.3611 4.71563 3.47616 2.65697 2.16125 1.65689 1.34894 1.2749 1.3627 1.52778 1.62189 1.52619 1.32996 1.14757 1.01864 0.948427 0.931111 0.961456 1.03776 1.15333 1.27764 1.33926 1.27639 1.12961 0.978389 0.855753 0.763936 0.696538 0.645802 0.606432 0.574838 0.548787 0.526543 0.506264 0.486338 0.465665 0.44409 0.422161 0.40081 0.380865 0.362836 0.346814 0.332691 0.320136 0.308747 0.298161 0.288075 0.278248 0.268528 0.258828 0.249109 0.239385 0.229735 0.220157 0.210608 0.201339 0.192398 0.183808 0.175591 3.88039
# Age-structure at Ydeclare= 2013
 119.649 107.943 185.13 181.33 168.418 228.276 148.311 112.449 85.1102 63.8688 127.398 268.022 95.1136 68.7752 136.235 65.8026 38.4647 31.3598 31.4124 68.1477 86.6364 30.492 23.3418 25.5836 28.7132 28.7554 27.6256 25.7553 29.9682 43.1616 33.151 38.4338 20.8932 14.2542 10.4461 8.08698 8.69526 8.27825 7.88782 5.03243 4.67378 5.67483 8.45937 5.78462 4.28822 3.16106 2.4161 1.96532 1.50667 1.22663 1.15929 1.23913 1.38924 1.47481 1.38779 1.20935 1.0435 0.926264 0.862417 0.846672 0.874265 0.943648 1.04874 1.16177 1.2178 1.16064 1.02717 0.889663 0.778149 0.694659 0.633373 0.587238 0.551439 0.52271 0.499021 0.478794 0.460355 0.442236 0.423437 0.403819 0.383879 0.364464 0.346328 0.329934 0.315365 0.302523 0.291106 0.28075 0.271124 0.261954 0.253017 0.244179 0.235359 0.226521 0.217678 0.208904 0.200195 0.191511 0.183083 0.174952 3.85537
# Year for Tmin Age-structure (set to Ydecl by SS)
2013
#  recruitment and biomass
# Number of historical assessment years
129
# Historical data
# year recruitment spawner in B0 in R project in R/S project
1888  1889 1890 1891 1892 1893 1894 1895 1896 1897 1898 1899 1900 1901 1902 1903 1904 1905 1906 1907 1908 1909 1910 1911 1912 1913 1914 1915 1916 1917 1918 1919 1920 1921 1922 1923 1924 1925 1926 1927 1928 1929 1930 1931 1932 1933 1934 1935 1936 1937 1938 1939 1940 1941 1942 1943 1944 1945 1946 1947 1948 1949 1950 1951 1952 1953 1954 1955 1956 1957 1958 1959 1960 1961 1962 1963 1964 1965 1966 1967 1968 1969 1970 1971 1972 1973 1974 1975 1976 1977 1978 1979 1980 1981 1982 1983 1984 1985 1986 1987 1988 1989 1990 1991 1992 1993 1994 1995 1996 1997 1998 1999 2000 2001 2002 2003 2004 2005 2006 2007 2008 2009 2010 2011 2012 2013 2014 2015 2016 #years (with first value representing R0)
217.063 215.809 215.772 215.734 215.695 215.648 215.6 215.551 215.506 215.462 215.417 215.372 215.323 215.275 215.231 215.177 215.124 215.075 215.032 215.002 214.98 214.96 214.947 214.937 214.925 214.89 214.81 214.646 214.363 213.908 213.052 211.87 210.392 208.579 206.448 204.054 201.477 198.821 196.234 193.871 191.892 190.447 189.617 189.349 189.499 189.759 189.742 189.096 187.696 185.709 183.61 181.957 181.269 181.925 184.354 189.249 197.586 210.719 229.389 252.175 271.302 271.01 246.11 211.451 181.052 159.581 146.98 142.324 145.235 155.34 170.762 185.649 186.632 165.997 139.481 122.592 121.445 139.086 168.388 191.099 229.433 283.779 346.747 456.191 273.416 199.766 189.459 259.743 236.878 214.925 171.765 189.785 220.624 274.525 427.482 311.673 343.468 202.634 149.075 138.185 125.641 110.824 88.2519 72.7713 86.876 227.996 167.275 72.4942 68.469 79.7487 129.845 256.168 123.332 162.739 437.709 198.656 95.1336 121.154 153.051 193.089 284.362 200.763 206.862 202.122 112.788 119.649 124.956 145.094 173.649  #recruits; first value is R0 (virgin)
2264.25  2264.25 2264.24 2264.23 2264.21 2263.34 2262.5 2261.66 2261.47 2261.44 2261.42 2261.41 2261.37 2261.3 2261.19 2261.04 2260.84 2260.58 2260.29 2259.95 2259.58 2258.93 2258.47 2257.98 2257.45 2256.88 2256.29 2255.66 2254.85 2253.65 2252.09 2246.36 2243.79 2241.43 2239.17 2237.46 2235.57 2232.57 2228.82 2223.44 2216.58 2209.88 2204.07 2197.53 2193.01 2188.75 2184.44 2178.99 2173.42 2165.83 2158.7 2150.91 2144.33 2135.4 2123.42 2110.74 2089.01 2065.93 2032.38 2001.58 1986.58 1970.24 1957.44 1943.24 1926.02 1911.4 1900.52 1887.72 1875.85 1864.12 1850.3 1838.05 1828.01 1820.27 1816.19 1810.71 1808.61 1809.06 1790.07 1785.52 1777.59 1769.24 1742.67 1725.56 1702.04 1672.07 1639.18 1602.61 1566.74 1525.25 1484.53 1418.25 1354.29 1304.37 1239.16 1130.96 1032.03 978.099 899.685 855.418 805.626 760.382 703.449 663.223 597.947 538.991 483.321 455.302 427.332 395.891 360.12 351.677 333.887 341.37 347.467 363.451 380.048 397.379 414.861 433.184 450.851 469.644 488.872 510.262 532.956 556.909 582.676 610.27 638.393 #spbio; first value is SSB_virgin (virgin)
1 0 0 0 0 0 0 0 0 0 0 0 0 0 0 0 0 0 0 0 0 0 0 0 0 0 0 0 0 0 0 0 0 0 0 0 0 0 0 0 0 0 0 0 0 0 0 0 0 0 0 0 0 0 0 0 0 0 0 0 0 0 0 0 0 0 0 0 0 0 0 0 0 0 0 0 0 0 0 0 0 0 0 0 0 0 0 0 0 0 0 0 0 0 0 0 0 0 0 0 0 0 0 0 0 0 0 0 0 0 0 0 0 0 0 0 0 0 0 0 0 0 0 0 0 0 0 0 0  # in Bzero
0 1 1 1 1 1 1 1 1 1 1 1 1 1 1 1 1 1 1 1 1 1 1 1 1 1 1 1 1 1 1 1 1 1 1 1 1 1 1 1 1 1 1 1 1 1 1 1 1 1 1 1 1 1 1 1 1 1 1 1 1 1 1 1 1 1 1 1 1 1 1 1 1 1 1 1 1 1 1 1 1 1 1 1 1 1 1 1 1 1 1 1 1 1 1 1 1 1 1 1 1 1 1 1 1 1 1 1 1 1 1 1 1 1 1 1 1 1 1 1 1 1 1 1 1 1  0 0 0 # in R project
0 1 1 1 1 1 1 1 1 1 1 1 1 1 1 1 1 1 1 1 1 1 1 1 1 1 1 1 1 1 1 1 1 1 1 1 1 1 1 1 1 1 1 1 1 1 1 1 1 1 1 1 1 1 1 1 1 1 1 1 1 1 1 1 1 1 1 1 1 1 1 1 1 1 1 1 1 1 1 1 1 1 1 1 1 1 1 1 1 1 1 1 1 1 1 1 1 1 1 1 1 1 1 1 1 1 1 1 1 1 1 1 1 1 1 1 1 1 1 1 1 1 1 1 1 1  0 0 0 # in R/S project
# Number of years with pre-specified catches
0
# catches for years with pre-specified catches go next
# Number of future recruitments to override
-2
# Process for overiding (-1 for average otherwise index in data list)
# Which probability to product detailed results for (1=0.5; 2=0.6; etc.)
3
# Steepness sigma-R Auto-correlation
0.718 0.5 0
# Target SPR rate (FMSY Proxy); manually change to SPR_MSY if not using SPR_target
0.5
# Discount rate (for cumulative catch)
0.1
# Truncate the series when 0.4B0 is reached (1=Yes)
0
# Set F to FMSY once 0.4B0 is reached (1=Yes)
0
# Maximum possible F for projection (-1 to set to FMSY)
-1
# Defintion of recovery (1=now only;2=now or before)
2
# Projection type
4
# Definition of the 40-10 rule
10 40
# Calculate coefficients of variation (1=Yes)
0
# Number of replicates to use
10
# Random number seed
-99004
# File with multiple parameter vectors 
rebuild.SSO
# User-specific projection (1=Yes); Output replaced (1->9)
0  5
# Catches and Fs (Year; 1/2/3 (F or C or SPR); value); Final row is -1
2016 1 1
-1 -1 -1
# Fixed catch project (1=Yes); Output replaced (1->9); Approach (-1=Read in else 1-9)
0 2 -1
# Split of Fs
2011  0.000588577
 0
 0.186188
 0.00740592
 0.278726
 0.257643
 0.269448
-1  1 1 1 1 1 1 1 1 1 1 1 1
# Yrs to define T_target for projection type 4 (a.k.a. 5 pre-specified inputs)
2022 2023 2024 2025 2026 
# Year for probability of recovery
2026 2027 2028 2029 2030 2031 2032 2033
# Time varying weight-at-age (1=Yes;0=No)
0
# File with time series of weight-at-age data
none
# Use bisection (0) or linear interpolation (1)
1
# Target Depletion
0.4
# CV of implementation error
0
