#Title, #runnumber: 273 yelloweye_data.ss yelloweye_control.ss 5704.72 2254.46 639.961 StartTime: Fri Jul 21 12:50:58 2017
SSv3_default_rebuild.dat
# Number of sexes
1
# Age range to consider (minimum age; maximum age)
0 100
# Number of fleets
12
# First year of projection (Yinit)
2011
# First Year of rebuilding period (Ydecl)
2013
# Number of simulations
1000
# Maximum number of years
500
# Conduct projections with multiple starting values (0=No;else yes)
0
# Number of parameter vectors
1000
# Is the maximum age a plus-group (1=Yes;2=No)
1
# Generate future recruitments using historical recruitments (1)  historical recruits/spawner (2)  or a stock-recruitment (3)
3
# Constant fishing mortality (1) or constant Catch (2) projections
1
# Fishing mortality based on SPR (1) or actual rate (2)
1
# Pre-specify the year of recovery (or -1) to ignore
-1
# Fecundity-at-age
# 0 1 2 3 4 5 6 7 8 9 10 11 12 13 14 15 16 17 18 19 20 21 22 23 24 25 26 27 28 29 30 31 32 33 34 35 36 37 38 39 40 41 42 43 44 45 46 47 48 49 50 51 52 53 54 55 56 57 58 59 60 61 62 63 64 65 66 67 68 69 70 71 72 73 74 75 76 77 78 79 80 81 82 83 84 85 86 87 88 89 90 91 92 93 94 95 96 97 98 99 100 #runnumber: 273 yelloweye_data.ss yelloweye_control.ss 5704.72 2254.46 639.961
 0 0 3.00441e-008 3.83797e-007 3.47906e-006 2.42369e-005 0.000134625 0.000600596 0.00214564 0.00618577 0.0147172 0.0297629 0.0526902 0.0838034 0.122358 0.166885 0.215607 0.266795 0.318982 0.371055 0.422246 0.472075 0.520275 0.566729 0.611405 0.654325 0.695531 0.735077 0.773012 0.809386 0.844242 0.87762 0.909558 0.940091 0.969255 0.997085 1.02362 1.04889 1.07293 1.0958 1.11751 1.13812 1.15767 1.1762 1.19374 1.21034 1.22604 1.24088 1.2549 1.26814 1.28063 1.29241 1.30352 1.31399 1.32386 1.33315 1.34189 1.35012 1.35787 1.36515 1.372 1.37844 1.38449 1.39018 1.39553 1.40055 1.40526 1.40969 1.41385 1.41775 1.42141 1.42494 1.42825 1.43136 1.43427 1.437 1.43957 1.44197 1.44423 1.44635 1.44833 1.45019 1.45194 1.45357 1.45511 1.45654 1.45789 1.45915 1.46034 1.46145 1.46249 1.46347 1.46438 1.46524 1.46604 1.46679 1.4675 1.46816 1.46878 1.46936 1.47026 #female fecundity; weighted by N in year Y_init across morphs and areas
# Age specific selectivity and weight adjusted for discard and discard mortality
 #wt and selex for gender,fleet: 1 1
 0.0125085 0.0251888 0.0673928 0.129058 0.209446 0.305313 0.413023 0.529317 0.651533 0.777618 0.906088 1.03599 1.16687 1.29861 1.43136 1.5653 1.7005 1.83688 1.9741 2.11164 2.24886 2.385 2.51934 2.6512 2.78 2.90524 3.02657 3.14371 3.25648 3.36477 3.46854 3.56779 3.66257 3.75293 3.83898 3.92081 3.99856 4.07235 4.14233 4.20863 4.27139 4.33077 4.38691 4.43995 4.49004 4.53731 4.5819 4.62395 4.66358 4.70092 4.73608 4.76919 4.80034 4.82966 4.85723 4.88316 4.90753 4.93044 4.95197 4.9722 4.9912 5.00904 5.0258 5.04153 5.0563 5.07016 5.08317 5.09538 5.10684 5.11758 5.12776 5.13739 5.14643 5.1549 5.16285 5.1703 5.17729 5.18384 5.18999 5.19575 5.20115 5.20621 5.21095 5.2154 5.21957 5.22348 5.22714 5.23057 5.23379 5.23681 5.23963 5.24228 5.24476 5.24709 5.24926 5.25131 5.25322 5.25501 5.25669 5.25827 5.26073
 0 0 0 0 0 0 0 0 0 0 0 0 0 0 0 0 0 0 0 0 0 0 0 0 0 0 0 0 0 0 0 0 0 0 0 0 0 0 0 0 0 0 0 0 0 0 0 0 0 0 0 0 0 0 0 0 0 0 0 0 0 0 0 0 0 0 0 0 0 0 0 0 0 0 0 0 0 0 0 0 0 0 0 0 0 0 0 0 0 0 0 0 0 0 0 0 0 0 0 1 0
 #wt and selex for gender,fleet: 1 3
 0.0124108 0.023542 0.0611289 0.116987 0.190322 0.278594 0.378808 0.488167 0.604309 0.725392 0.850161 0.977945 1.10854 1.24199 1.37834 1.51743 1.65885 1.80191 1.94574 2.08938 2.23191 2.37245 2.51028 2.6448 2.77556 2.90222 3.02453 3.14235 3.25558 3.36418 3.46816 3.56754 3.6624 3.75282 3.83891 3.92077 3.99853 4.07233 4.14232 4.20862 4.27138 4.33077 4.38691 4.43995 4.49004 4.53731 4.5819 4.62395 4.66358 4.70092 4.73608 4.76919 4.80034 4.82966 4.85723 4.88316 4.90753 4.93044 4.95197 4.9722 4.9912 5.00905 5.0258 5.04153 5.0563 5.07016 5.08317 5.09538 5.10684 5.11758 5.12776 5.13739 5.14643 5.1549 5.16285 5.1703 5.17729 5.18385 5.18999 5.19575 5.20115 5.20621 5.21096 5.2154 5.21957 5.22348 5.22714 5.23058 5.23379 5.23681 5.23963 5.24228 5.24476 5.24709 5.24927 5.25131 5.25322 5.25501 5.25669 5.25827 5.26073
 0 0 0 0 0 0 0 0 0 0 0 0 0 0 0 0 0 0 0 0 0 0 0 0 0 0 0 0 0 0 0 0 0 0 0 0 0 0 0 0 0 0 0 0 0 0 0 0 0 0 0 0 0 0 0 0 0 0 0 0 0 0 0 0 0 0 0 0 0 0 0 0 0 0 0 0 0 0 0 0 0 0 0 0 0 0 0 0 0 0 0 0 0 0 0 0 0 0 0 1 0
 #wt and selex for gender,fleet: 1 4
 0.0123247 0.0220695 0.0553481 0.106943 0.17667 0.263026 0.363798 0.476571 0.599012 0.728996 0.864662 1.00441 1.14687 1.29091 1.43557 1.5801 1.72386 1.86639 2.00728 2.14621 2.28291 2.41711 2.54856 2.67703 2.80227 2.92407 3.04221 3.15652 3.26685 3.3731 3.47518 3.57306 3.66673 3.75621 3.84156 3.92285 4.00017 4.07363 4.14334 4.20943 4.27204 4.33129 4.38733 4.44029 4.49032 4.53754 4.5821 4.62411 4.66372 4.70104 4.73618 4.76927 4.80042 4.82972 4.85729 4.88321 4.90758 4.93048 4.95201 4.97223 4.99123 5.00907 5.02582 5.04156 5.05632 5.07018 5.08319 5.0954 5.10685 5.1176 5.12777 5.13741 5.14644 5.15492 5.16286 5.17032 5.1773 5.18386 5.19 5.19576 5.20116 5.20622 5.21097 5.21541 5.21958 5.22349 5.22715 5.23058 5.2338 5.23682 5.23964 5.24229 5.24477 5.24709 5.24927 5.25132 5.25323 5.25502 5.2567 5.25827 5.26074
 0 0 0 0 0 0 0 0 0 0 0 0 0 0 0 0 0 0 0 0 0 0 0 0 0 0 0 0 0 0 0 0 0 0 0 0 0 0 0 0 0 0 0 0 0 0 0 0 0 0 0 0 0 0 0 0 0 0 0 0 0 0 0 0 0 0 0 0 0 0 0 0 0 0 0 0 0 0 0 0 0 0 0 0 0 0 0 0 0 0 0 0 0 0 0 0 0 0 0 1 0
 #wt and selex for gender,fleet: 1 5
 0.0124253 0.0238138 0.0626426 0.121052 0.198735 0.293294 0.401634 0.520705 0.647794 0.780624 0.917339 1.05646 1.19682 1.33753 1.47795 1.6176 1.75619 1.89352 2.02943 2.16379 2.29645 2.4272 2.55581 2.68201 2.80551 2.926 3.04321 3.15688 3.2668 3.37279 3.47473 3.57255 3.66621 3.75572 3.84111 3.92245 3.99981 4.07332 4.14307 4.2092 4.27184 4.33112 4.38719 4.44017 4.49022 4.53745 4.58202 4.62405 4.66366 4.70099 4.73614 4.76924 4.80038 4.82969 4.85726 4.88318 4.90756 4.93046 4.95199 4.97222 4.99121 5.00906 5.02581 5.04154 5.05631 5.07017 5.08318 5.09539 5.10684 5.11759 5.12777 5.1374 5.14643 5.15491 5.16286 5.17031 5.1773 5.18385 5.18999 5.19575 5.20115 5.20622 5.21096 5.21541 5.21958 5.22348 5.22715 5.23058 5.2338 5.23681 5.23964 5.24228 5.24477 5.24709 5.24927 5.25131 5.25322 5.25502 5.2567 5.25827 5.26073
 0 0 0 0 0 0 0 0 0 0 0 0 0 0 0 0 0 0 0 0 0 0 0 0 0 0 0 0 0 0 0 0 0 0 0 0 0 0 0 0 0 0 0 0 0 0 0 0 0 0 0 0 0 0 0 0 0 0 0 0 0 0 0 0 0 0 0 0 0 0 0 0 0 0 0 0 0 0 0 0 0 0 0 0 0 0 0 0 0 0 0 0 0 0 0 0 0 0 0 1 0
 #wt and selex for gender,fleet: 1 6
 0.0130503 0.0328027 0.0867934 0.158341 0.244117 0.338268 0.436417 0.536087 0.636846 0.739973 0.847579 0.961654 1.08341 1.21301 1.34964 1.49181 1.6377 1.78551 1.93365 2.08082 2.22602 2.36846 2.50758 2.64294 2.77421 2.90118 3.02367 3.14159 3.25486 3.36348 3.46745 3.56683 3.66168 3.75208 3.83815 3.92 3.99775 4.07154 4.14151 4.2078 4.27055 4.32993 4.38606 4.43909 4.48917 4.53644 4.58103 4.62307 4.6627 4.70003 4.73519 4.76829 4.79945 4.82876 4.85633 4.88225 4.90663 4.92953 4.95106 4.97129 4.99029 5.00813 5.02488 5.04061 5.05538 5.06924 5.08225 5.09446 5.10591 5.11666 5.12683 5.13646 5.14549 5.15397 5.16191 5.16936 5.17635 5.1829 5.18904 5.1948 5.20019 5.20525 5.21 5.21444 5.21861 5.22252 5.22618 5.22961 5.23282 5.23584 5.23866 5.24131 5.24379 5.24611 5.24829 5.25033 5.25224 5.25404 5.25571 5.25729 5.25975
 0 0 0 0 0 0 0 0 0 0 0 0 0 0 0 0 0 0 0 0 0 0 0 0 0 0 0 0 0 0 0 0 0 0 0 0 0 0 0 0 0 0 0 0 0 0 0 0 0 0 0 0 0 0 0 0 0 0 0 0 0 0 0 0 0 0 0 0 0 0 0 0 0 0 0 0 0 0 0 0 0 0 0 0 0 0 0 0 0 0 0 0 0 0 0 0 0 0 0 1 0
 #wt and selex for gender,fleet: 1 7
 0.0122214 0.0202568 0.0477887 0.523731 0.549299 0.579165 0.616123 0.660736 0.715327 0.782647 0.864933 0.963208 1.07689 1.20386 1.34104 1.48512 1.63312 1.7827 1.93211 2.08011 2.22582 2.36856 2.50786 2.64332 2.77467 2.90169 3.02423 3.14217 3.25548 3.36412 3.46812 3.56752 3.66239 3.75282 3.8389 3.92077 3.99853 4.07233 4.14231 4.20862 4.27138 4.33077 4.38691 4.43995 4.49004 4.53731 4.5819 4.62395 4.66358 4.70092 4.73608 4.76919 4.80034 4.82966 4.85723 4.88316 4.90753 4.93044 4.95197 4.9722 4.9912 5.00905 5.0258 5.04153 5.0563 5.07016 5.08317 5.09538 5.10684 5.11758 5.12776 5.13739 5.14643 5.1549 5.16285 5.1703 5.17729 5.18385 5.18999 5.19575 5.20115 5.20621 5.21096 5.2154 5.21957 5.22348 5.22714 5.23057 5.23379 5.23681 5.23963 5.24228 5.24476 5.24709 5.24926 5.25131 5.25322 5.25501 5.25669 5.25827 5.26073
 0 0 0 0 0 0 0 0 0 0 0 0 0 0 0 0 0 0 0 0 0 0 0 0 0 0 0 0 0 0 0 0 0 0 0 0 0 0 0 0 0 0 0 0 0 0 0 0 0 0 0 0 0 0 0 0 0 0 0 0 0 0 0 0 0 0 0 0 0 0 0 0 0 0 0 0 0 0 0 0 0 0 0 0 0 0 0 0 0 0 0 0 0 0 0 0 0 0 0 1 0
# M and current age-structure in year Yinit: 2011
 # gender = 1
 0.0439034 0.0439034 0.0439034 0.0439034 0.0439034 0.0439034 0.0439034 0.0439034 0.0439034 0.0439034 0.0439034 0.0439034 0.0439034 0.0439034 0.0439034 0.0439034 0.0439034 0.0439034 0.0439034 0.0439034 0.0439034 0.0439034 0.0439034 0.0439034 0.0439034 0.0439034 0.0439034 0.0439034 0.0439034 0.0439034 0.0439034 0.0439034 0.0439034 0.0439034 0.0439034 0.0439034 0.0439034 0.0439034 0.0439034 0.0439034 0.0439034 0.0439034 0.0439034 0.0439034 0.0439034 0.0439034 0.0439034 0.0439034 0.0439034 0.0439034 0.0439034 0.0439034 0.0439034 0.0439034 0.0439034 0.0439034 0.0439034 0.0439034 0.0439034 0.0439034 0.0439034 0.0439034 0.0439034 0.0439034 0.0439034 0.0439034 0.0439034 0.0439034 0.0439034 0.0439034 0.0439034 0.0439034 0.0439034 0.0439034 0.0439034 0.0439034 0.0439034 0.0439034 0.0439034 0.0439034 0.0439034 0.0439034 0.0439034 0.0439034 0.0439034 0.0439034 0.0439034 0.0439034 0.0439034 0.0439034 0.0439034 0.0439034 0.0439034 0.0439034 0.0439034 0.0439034 0.0439034 0.0439034 0.0439034 0.0439034 0.0439034
 226.117 230.234 204.813 264.395 165.795 124.854 93.0972 68.8964 142.816 280.779 99.9597 71.9463 140.366 70.9449 41.1599 33.4915 33.4319 68.8129 90.1803 33.8787 25.7099 27.2673 30.0005 30.8461 31.1542 29.8529 34.2514 42.2088 31.9814 38.0354 25.2488 16.6154 12.2234 9.27331 9.79077 9.11718 8.59286 5.49342 5.10897 6.1326 9.28064 6.39118 4.72138 3.46444 2.62708 2.12386 1.62246 1.31631 1.239 1.3183 1.47144 1.5577 1.46391 1.27305 1.09447 0.967095 0.896225 0.875972 0.900679 0.967784 1.06967 1.17701 1.22677 1.16869 1.03788 0.901886 0.790157 0.705589 0.642981 0.595549 0.558579 0.52882 0.504234 0.48323 0.464123 0.445433 0.426144 0.406099 0.385776 0.366011 0.347552 0.330859 0.316017 0.302933 0.291307 0.280781 0.271025 0.261768 0.252785 0.243934 0.235131 0.226329 0.217538 0.208821 0.200173 0.191552 0.183186 0.175114 0.167356 0.159931 3.55633
# Age-structure at Ydeclare= 2013
 117.674 109.801 207.108 210.875 187.583 242.128 151.8 114.271 85.1522 62.9635 130.396 256.134 91.1178 65.5439 127.819 64.5824 37.4597 30.4755 30.4175 62.6025 82.0361 30.8175 23.386 24.8018 27.2871 28.0555 28.3349 27.1506 31.1499 38.3855 29.0835 34.5876 22.9592 15.1082 11.1142 8.43159 8.90184 8.28921 7.81234 4.99433 4.6447 5.5752 8.43693 5.81004 4.29199 3.1493 2.38808 1.93061 1.47482 1.19651 1.12623 1.1983 1.33749 1.41589 1.33063 1.15714 0.99482 0.879038 0.814619 0.796208 0.818664 0.879657 0.972268 1.06983 1.11506 1.06226 0.943369 0.819755 0.718199 0.641332 0.584426 0.541313 0.507709 0.48066 0.458312 0.439222 0.421855 0.404867 0.387334 0.369114 0.350643 0.332678 0.3159 0.300727 0.287237 0.275344 0.264778 0.25521 0.246343 0.237929 0.229764 0.221719 0.213717 0.205718 0.197727 0.189804 0.181943 0.174107 0.166504 0.159167 3.52996
# Year for Tmin Age-structure (set to Ydecl by SS)
2013
#  recruitment and biomass
# Number of historical assessment years
129
# Historical data
# year recruitment spawner in B0 in R project in R/S project
1888  1889 1890 1891 1892 1893 1894 1895 1896 1897 1898 1899 1900 1901 1902 1903 1904 1905 1906 1907 1908 1909 1910 1911 1912 1913 1914 1915 1916 1917 1918 1919 1920 1921 1922 1923 1924 1925 1926 1927 1928 1929 1930 1931 1932 1933 1934 1935 1936 1937 1938 1939 1940 1941 1942 1943 1944 1945 1946 1947 1948 1949 1950 1951 1952 1953 1954 1955 1956 1957 1958 1959 1960 1961 1962 1963 1964 1965 1966 1967 1968 1969 1970 1971 1972 1973 1974 1975 1976 1977 1978 1979 1980 1981 1982 1983 1984 1985 1986 1987 1988 1989 1990 1991 1992 1993 1994 1995 1996 1997 1998 1999 2000 2001 2002 2003 2004 2005 2006 2007 2008 2009 2010 2011 2012 2013 2014 2015 2016 #years (with first value representing R0)
217.535 214.828 214.74 214.65 214.557 214.453 214.347 214.237 214.13 214.021 213.909 213.795 213.673 213.551 213.429 213.294 213.158 213.023 212.89 212.768 212.652 212.535 212.424 212.314 212.201 212.065 211.884 211.621 211.24 210.699 209.769 208.526 207.002 205.163 203.029 200.659 198.132 195.551 193.06 190.805 188.939 187.604 186.873 186.688 186.907 187.224 187.26 186.675 185.355 183.469 181.488 179.962 179.4 180.17 182.688 187.616 195.869 208.689 226.638 248.149 265.831 265.439 242.217 209.328 180.057 159.276 147.187 143.023 146.493 157.246 173.31 188.604 189.622 168.911 142.357 125.484 124.581 142.868 173.142 197.14 237.809 294.464 359.693 468.016 275.179 202.573 191.181 260.798 239.877 222.085 180.432 203.053 234.636 302.014 384.401 272.906 304.74 210.159 156.841 141.459 122.324 105.063 85.317 72.7025 87.5833 215.493 153.507 70.1786 66.5457 77.6846 127.473 240.405 117.561 155.923 418.324 203.337 93.7866 121.217 155.537 197.64 301.624 223.611 240.567 226.117 114.729 117.674 121.427 140.829 172.133  #recruits; first value is R0 (virgin)
2254.46  2254.46 2254.45 2254.42 2254.36 2253.44 2252.52 2251.59 2251.28 2251.12 2250.95 2250.76 2250.51 2250.2 2249.8 2249.31 2248.74 2248.04 2247.27 2246.41 2245.45 2244.18 2243.06 2241.86 2240.59 2239.25 2237.84 2236.37 2234.7 2233.11 2231.16 2225.04 2222.05 2219.27 2216.58 2214.43 2212.09 2208.62 2204.4 2198.54 2191.2 2184.01 2177.7 2170.67 2165.64 2160.87 2156.05 2150.1 2144.04 2135.96 2128.36 2120.11 2113.08 2103.71 2091.32 2078.24 2056.13 2032.74 1998.96 1967.97 1952.75 1935.77 1922.54 1908.14 1890.78 1875.85 1864.8 1851.69 1839.61 1827.64 1813.59 1801.01 1790.65 1782.61 1778.34 1772.75 1770.43 1770.86 1752.03 1747.68 1740.07 1732.07 1706.06 1689.56 1666.79 1637.71 1605.84 1570.38 1535.66 1495.38 1455.86 1391.06 1327.72 1279.3 1215.99 1110.47 1013.9 961.928 885.818 843.352 792.837 747.392 688.857 649.006 584.964 526.819 471.648 443.642 415.611 384.007 348.205 339.605 321.772 328.917 334.62 350.15 366.219 382.942 399.747 417.321 434.139 451.957 470.06 490.163 511.453 533.95 558.296 584.552 611.487 #spbio; first value is SSB_virgin (virgin)
1 0 0 0 0 0 0 0 0 0 0 0 0 0 0 0 0 0 0 0 0 0 0 0 0 0 0 0 0 0 0 0 0 0 0 0 0 0 0 0 0 0 0 0 0 0 0 0 0 0 0 0 0 0 0 0 0 0 0 0 0 0 0 0 0 0 0 0 0 0 0 0 0 0 0 0 0 0 0 0 0 0 0 0 0 0 0 0 0 0 0 0 0 0 0 0 0 0 0 0 0 0 0 0 0 0 0 0 0 0 0 0 0 0 0 0 0 0 0 0 0 0 0 0 0 0 0 0 0  # in Bzero
0 1 1 1 1 1 1 1 1 1 1 1 1 1 1 1 1 1 1 1 1 1 1 1 1 1 1 1 1 1 1 1 1 1 1 1 1 1 1 1 1 1 1 1 1 1 1 1 1 1 1 1 1 1 1 1 1 1 1 1 1 1 1 1 1 1 1 1 1 1 1 1 1 1 1 1 1 1 1 1 1 1 1 1 1 1 1 1 1 1 1 1 1 1 1 1 1 1 1 1 1 1 1 1 1 1 1 1 1 1 1 1 1 1 1 1 1 1 1 1 1 1 1 1 1 1  0 0 0 # in R project
0 1 1 1 1 1 1 1 1 1 1 1 1 1 1 1 1 1 1 1 1 1 1 1 1 1 1 1 1 1 1 1 1 1 1 1 1 1 1 1 1 1 1 1 1 1 1 1 1 1 1 1 1 1 1 1 1 1 1 1 1 1 1 1 1 1 1 1 1 1 1 1 1 1 1 1 1 1 1 1 1 1 1 1 1 1 1 1 1 1 1 1 1 1 1 1 1 1 1 1 1 1 1 1 1 1 1 1 1 1 1 1 1 1 1 1 1 1 1 1 1 1 1 1 1 1  0 0 0 # in R/S project
# Number of years with pre-specified catches
0
# catches for years with pre-specified catches go next
# Number of future recruitments to override
-2
# Process for overiding (-1 for average otherwise index in data list)
# Which probability to product detailed results for (1=0.5; 2=0.6; etc.)
3
# Steepness sigma-R Auto-correlation
0.718 0.5 0
# Target SPR rate (FMSY Proxy); manually change to SPR_MSY if not using SPR_target
0.5
# Discount rate (for cumulative catch)
0.1
# Truncate the series when 0.4B0 is reached (1=Yes)
0
# Set F to FMSY once 0.4B0 is reached (1=Yes)
0
# Maximum possible F for projection (-1 to set to FMSY)
-1
# Defintion of recovery (1=now only;2=now or before)
2
# Projection type
4
# Definition of the 40-10 rule
10 40
# Calculate coefficients of variation (1=Yes)
0
# Number of replicates to use
10
# Random number seed
-99004
# File with multiple parameter vectors 
rebuild.SSO
# User-specific projection (1=Yes); Output replaced (1->9)
0  5
# Catches and Fs (Year; 1/2/3 (F or C or SPR); value); Final row is -1
2016 1 1
-1 -1 -1
# Fixed catch project (1=Yes); Output replaced (1->9); Approach (-1=Read in else 1-9)
0 2 -1
# Split of Fs
2011  0.000557167
 0
 0.175339
 0.00738353
 0.281741
 0.257052
 0.277928
-1  1 1 1 1 1 1 1 1 1 1 1 1
# Yrs to define T_target for projection type 4 (a.k.a. 5 pre-specified inputs)
2022 2023 2024 2025 2026 
# Year for probability of recovery
2026 2027 2028 2029 2030 2031 2032 2033
# Time varying weight-at-age (1=Yes;0=No)
0
# File with time series of weight-at-age data
none
# Use bisection (0) or linear interpolation (1)
1
# Target Depletion
0.4
# CV of implementation error
0
