#Title, #runnumber: 255 yelloweye_data.ss yelloweye_control.ss 4578.28 2320.91 665.786 StartTime: Thu Jun 15 15:51:36 2017
SSv3_default_rebuild.dat
# Number of sexes
1
# Age range to consider (minimum age; maximum age)
0 100
# Number of fleets
12
# First year of projection (Yinit)
2011
# First Year of rebuilding period (Ydecl)
2013
# Number of simulations
1000
# Maximum number of years
500
# Conduct projections with multiple starting values (0=No;else yes)
0
# Number of parameter vectors
1000
# Is the maximum age a plus-group (1=Yes;2=No)
1
# Generate future recruitments using historical recruitments (1)  historical recruits/spawner (2)  or a stock-recruitment (3)
3
# Constant fishing mortality (1) or constant Catch (2) projections
1
# Fishing mortality based on SPR (1) or actual rate (2)
1
# Pre-specify the year of recovery (or -1) to ignore
-1
# Fecundity-at-age
# 0 1 2 3 4 5 6 7 8 9 10 11 12 13 14 15 16 17 18 19 20 21 22 23 24 25 26 27 28 29 30 31 32 33 34 35 36 37 38 39 40 41 42 43 44 45 46 47 48 49 50 51 52 53 54 55 56 57 58 59 60 61 62 63 64 65 66 67 68 69 70 71 72 73 74 75 76 77 78 79 80 81 82 83 84 85 86 87 88 89 90 91 92 93 94 95 96 97 98 99 100 #runnumber: 255 yelloweye_data.ss yelloweye_control.ss 4578.28 2320.91 665.786
 0 0 6.83759e-008 8.34787e-007 7.1101e-006 4.61031e-005 0.000236524 0.000968826 0.00317764 0.00846845 0.0188289 0.0360083 0.0609505 0.0935777 0.132939 0.177556 0.225787 0.2761 0.32722 0.378183 0.428311 0.477167 0.524491 0.570147 0.61408 0.65628 0.696765 0.735568 0.772726 0.808278 0.842264 0.874724 0.905698 0.935225 0.963345 0.990101 1.01553 1.03969 1.0626 1.08433 1.1049 1.12438 1.1428 1.1602 1.17664 1.19216 1.20679 1.22059 1.23359 1.24583 1.25735 1.26819 1.27839 1.28797 1.29698 1.30545 1.31339 1.32086 1.32786 1.33444 1.3406 1.34639 1.35181 1.3569 1.36166 1.36613 1.37032 1.37424 1.37792 1.38136 1.38459 1.38769 1.3906 1.39332 1.39586 1.39825 1.40048 1.40257 1.40453 1.40636 1.40807 1.40967 1.41117 1.41258 1.41389 1.41512 1.41627 1.41734 1.41835 1.41929 1.42017 1.42099 1.42176 1.42248 1.42315 1.42378 1.42437 1.42492 1.42543 1.42592 1.42666 #female fecundity; weighted by N in year Y_init across morphs and areas
# Age specific selectivity and weight adjusted for discard and discard mortality
 #wt and selex for gender,fleet: 1 1
 0.0106778 0.0203465 0.0601418 0.120274 0.200055 0.29602 0.40419 0.521019 0.643654 0.769949 0.898431 1.02824 1.15903 1.29082 1.42382 1.55821 1.69402 1.83109 1.969 2.10718 2.24489 2.38137 2.51587 2.6477 2.77627 2.9011 3.02184 3.13821 3.25005 3.35726 3.45981 3.55771 3.651 3.73978 3.82415 3.90423 3.98014 4.05205 4.12009 4.18441 4.24518 4.30255 4.35667 4.40769 4.45577 4.50105 4.54367 4.58377 4.62148 4.65693 4.69024 4.72154 4.75093 4.77853 4.80443 4.82873 4.85153 4.87291 4.89296 4.91175 4.92937 4.94589 4.96136 4.97585 4.98943 5.00215 5.01406 5.02522 5.03566 5.04544 5.05469 5.06344 5.07163 5.07929 5.08646 5.09318 5.09946 5.10533 5.11083 5.11598 5.12079 5.12529 5.12951 5.13345 5.13713 5.14058 5.14381 5.14682 5.14964 5.15228 5.15475 5.15706 5.15922 5.16123 5.16312 5.16489 5.16654 5.16808 5.16952 5.17087 5.17295
 0 0 0 0 0 0 0 0 0 0 0 0 0 0 0 0 0 0 0 0 0 0 0 0 0 0 0 0 0 0 0 0 0 0 0 0 0 0 0 0 0 0 0 0 0 0 0 0 0 0 0 0 0 0 0 0 0 0 0 0 0 0 0 0 0 0 0 0 0 0 0 0 0 0 0 0 0 0 0 0 0 0 0 0 0 0 0 0 0 0 0 0 0 0 0 0 0 0 0 1 0
 #wt and selex for gender,fleet: 1 3
 0.0106026 0.019013 0.0538832 0.107694 0.17969 0.26724 0.367131 0.47636 0.592418 0.713416 0.838146 0.966037 1.09697 1.23102 1.36819 1.50825 1.6507 1.79476 1.9395 2.08392 2.22706 2.36803 2.50611 2.6407 2.77132 2.89766 3.01947 3.13659 3.24895 3.35652 3.45931 3.55737 3.65077 3.73963 3.82404 3.90415 3.98009 4.05201 4.12006 4.1844 4.24517 4.30254 4.35666 4.40769 4.45577 4.50104 4.54366 4.58376 4.62148 4.65693 4.69024 4.72154 4.75093 4.77853 4.80443 4.82873 4.85153 4.87291 4.89296 4.91175 4.92937 4.94588 4.96136 4.97585 4.98943 5.00215 5.01406 5.02522 5.03566 5.04544 5.05469 5.06344 5.07163 5.07929 5.08646 5.09318 5.09946 5.10533 5.11083 5.11598 5.12079 5.12529 5.12951 5.13345 5.13713 5.14058 5.14381 5.14682 5.14964 5.15228 5.15475 5.15706 5.15922 5.16123 5.16312 5.16489 5.16654 5.16808 5.16952 5.17087 5.17295
 0 0 0 0 0 0 0 0 0 0 0 0 0 0 0 0 0 0 0 0 0 0 0 0 0 0 0 0 0 0 0 0 0 0 0 0 0 0 0 0 0 0 0 0 0 0 0 0 0 0 0 0 0 0 0 0 0 0 0 0 0 0 0 0 0 0 0 0 0 0 0 0 0 0 0 0 0 0 0 0 0 0 0 0 0 0 0 0 0 0 0 0 0 0 0 0 0 0 0 1 0
 #wt and selex for gender,fleet: 1 4
 0.0105461 0.0180118 0.0489947 0.0988167 0.167397 0.253151 0.35365 0.466258 0.588464 0.718028 0.853027 0.991845 1.13316 1.2759 1.41926 1.56261 1.70548 1.84748 1.98827 2.12752 2.2649 2.40006 2.53262 2.66223 2.78854 2.91125 3.03008 3.1448 3.25527 3.36135 3.463 3.56018 3.65292 3.74126 3.8253 3.90512 3.98084 4.05259 4.12051 4.18475 4.24545 4.30276 4.35684 4.40783 4.45588 4.50114 4.54374 4.58383 4.62153 4.65697 4.69028 4.72157 4.75096 4.77855 4.80445 4.82875 4.85154 4.87292 4.89297 4.91177 4.92938 4.9459 4.96137 4.97586 4.98944 5.00216 5.01407 5.02523 5.03567 5.04545 5.0547 5.06344 5.07163 5.0793 5.08647 5.09318 5.09946 5.10534 5.11084 5.11598 5.1208 5.1253 5.12951 5.13345 5.13714 5.14059 5.14381 5.14683 5.14965 5.15229 5.15475 5.15706 5.15922 5.16124 5.16313 5.16489 5.16654 5.16808 5.16953 5.17088 5.17296
 0 0 0 0 0 0 0 0 0 0 0 0 0 0 0 0 0 0 0 0 0 0 0 0 0 0 0 0 0 0 0 0 0 0 0 0 0 0 0 0 0 0 0 0 0 0 0 0 0 0 0 0 0 0 0 0 0 0 0 0 0 0 0 0 0 0 0 0 0 0 0 0 0 0 0 0 0 0 0 0 0 0 0 0 0 0 0 0 0 0 0 0 0 0 0 0 0 0 0 1 0
 #wt and selex for gender,fleet: 1 5
 0.0106118 0.0191926 0.0551771 0.111469 0.18788 0.281974 0.390443 0.51 0.637737 0.771235 0.908546 1.04814 1.18886 1.32983 1.47045 1.61032 1.74919 1.88686 2.02319 2.15802 2.29115 2.42233 2.55127 2.67766 2.80117 2.92148 3.03829 3.15135 3.26045 3.36544 3.46621 3.5627 3.65489 3.74281 3.82651 3.90607 3.98158 4.05318 4.12098 4.18512 4.24575 4.303 4.35704 4.40799 4.45602 4.50125 4.54384 4.58391 4.6216 4.65703 4.69033 4.72162 4.751 4.77858 4.80448 4.82877 4.85157 4.87294 4.89299 4.91178 4.9294 4.94591 4.96138 4.97587 4.98945 5.00217 5.01408 5.02523 5.03568 5.04546 5.0547 5.06345 5.07164 5.0793 5.08648 5.09319 5.09947 5.10535 5.11085 5.11599 5.1208 5.12531 5.12952 5.13346 5.13714 5.14059 5.14382 5.14683 5.14965 5.15229 5.15476 5.15707 5.15923 5.16124 5.16313 5.1649 5.16655 5.16809 5.16953 5.17088 5.17296
 0 0 0 0 0 0 0 0 0 0 0 0 0 0 0 0 0 0 0 0 0 0 0 0 0 0 0 0 0 0 0 0 0 0 0 0 0 0 0 0 0 0 0 0 0 0 0 0 0 0 0 0 0 0 0 0 0 0 0 0 0 0 0 0 0 0 0 0 0 0 0 0 0 0 0 0 0 0 0 0 0 0 0 0 0 0 0 0 0 0 0 0 0 0 0 0 0 0 0 1 0
 #wt and selex for gender,fleet: 1 6
 0.0110723 0.0264847 0.0786055 0.148918 0.234135 0.327866 0.425399 0.524254 0.624253 0.72694 0.83454 0.949001 1.07142 1.20183 1.33935 1.48242 1.62922 1.77792 1.92691 2.07486 2.2207 2.36364 2.50307 2.63856 2.76976 2.89645 3.01847 3.13571 3.24813 3.35573 3.45852 3.55658 3.64997 3.73881 3.82322 3.90331 3.97924 4.05114 4.11918 4.1835 4.24427 4.30163 4.35574 4.40676 4.45483 4.5001 4.54271 4.58281 4.62051 4.65596 4.68927 4.72057 4.74996 4.77755 4.80344 4.82774 4.85054 4.87192 4.89196 4.91076 4.92838 4.94489 4.96036 4.97485 4.98843 5.00115 5.01306 5.02421 5.03466 5.04443 5.05368 5.06242 5.07061 5.07827 5.08544 5.09215 5.09843 5.1043 5.1098 5.11494 5.11975 5.12425 5.12847 5.1324 5.13609 5.13953 5.14276 5.14577 5.14859 5.15123 5.1537 5.156 5.15816 5.16018 5.16206 5.16383 5.16548 5.16702 5.16846 5.16981 5.17189
 0 0 0 0 0 0 0 0 0 0 0 0 0 0 0 0 0 0 0 0 0 0 0 0 0 0 0 0 0 0 0 0 0 0 0 0 0 0 0 0 0 0 0 0 0 0 0 0 0 0 0 0 0 0 0 0 0 0 0 0 0 0 0 0 0 0 0 0 0 0 0 0 0 0 0 0 0 0 0 0 0 0 0 0 0 0 0 0 0 0 0 0 0 0 0 0 0 0 0 1 0
 #wt and selex for gender,fleet: 1 7
 0.0104642 0.0165448 0.0412632 0.504508 0.529149 0.559814 0.597602 0.643247 0.699107 0.767808 0.851407 0.950782 1.06531 1.19297 1.33079 1.47558 1.6244 1.77486 1.92516 2.07399 2.2204 2.36369 2.50334 2.63896 2.77025 2.89701 3.01907 3.13635 3.24881 3.35643 3.45925 3.55733 3.65075 3.73962 3.82404 3.90415 3.98009 4.05201 4.12006 4.18439 4.24517 4.30254 4.35666 4.40769 4.45577 4.50104 4.54366 4.58376 4.62148 4.65693 4.69024 4.72154 4.75093 4.77853 4.80443 4.82873 4.85152 4.87291 4.89296 4.91175 4.92937 4.94588 4.96136 4.97585 4.98943 5.00215 5.01406 5.02522 5.03566 5.04544 5.05469 5.06344 5.07163 5.07929 5.08646 5.09318 5.09946 5.10533 5.11083 5.11598 5.12079 5.12529 5.12951 5.13345 5.13713 5.14058 5.14381 5.14682 5.14964 5.15228 5.15475 5.15706 5.15921 5.16123 5.16312 5.16489 5.16654 5.16808 5.16952 5.17087 5.17295
 0 0 0 0 0 0 0 0 0 0 0 0 0 0 0 0 0 0 0 0 0 0 0 0 0 0 0 0 0 0 0 0 0 0 0 0 0 0 0 0 0 0 0 0 0 0 0 0 0 0 0 0 0 0 0 0 0 0 0 0 0 0 0 0 0 0 0 0 0 0 0 0 0 0 0 0 0 0 0 0 0 0 0 0 0 0 0 0 0 0 0 0 0 0 0 0 0 0 0 1 0
# M and current age-structure in year Yinit: 2011
 # gender = 1
 0.0439034 0.0439034 0.0439034 0.0439034 0.0439034 0.0439034 0.0439034 0.0439034 0.0439034 0.0439034 0.0439034 0.0439034 0.0439034 0.0439034 0.0439034 0.0439034 0.0439034 0.0439034 0.0439034 0.0439034 0.0439034 0.0439034 0.0439034 0.0439034 0.0439034 0.0439034 0.0439034 0.0439034 0.0439034 0.0439034 0.0439034 0.0439034 0.0439034 0.0439034 0.0439034 0.0439034 0.0439034 0.0439034 0.0439034 0.0439034 0.0439034 0.0439034 0.0439034 0.0439034 0.0439034 0.0439034 0.0439034 0.0439034 0.0439034 0.0439034 0.0439034 0.0439034 0.0439034 0.0439034 0.0439034 0.0439034 0.0439034 0.0439034 0.0439034 0.0439034 0.0439034 0.0439034 0.0439034 0.0439034 0.0439034 0.0439034 0.0439034 0.0439034 0.0439034 0.0439034 0.0439034 0.0439034 0.0439034 0.0439034 0.0439034 0.0439034 0.0439034 0.0439034 0.0439034 0.0439034 0.0439034 0.0439034 0.0439034 0.0439034 0.0439034 0.0439034 0.0439034 0.0439034 0.0439034 0.0439034 0.0439034 0.0439034 0.0439034 0.0439034 0.0439034 0.0439034 0.0439034 0.0439034 0.0439034 0.0439034 0.0439034
 239.756 246.024 214.661 273.231 177.179 130.216 97.9408 73.293 153.686 293.673 94.6551 69.3047 135.612 75.9719 43.042 34.8211 35.1935 74.0914 92.1288 39.4399 29.9566 28.2529 26.6494 27.586 33.7426 39.0306 36.1382 29.7096 25.9916 38.1305 32.6083 18.2223 13.5224 10.7901 11.7079 10.3575 8.54883 5.30468 5.07718 6.18874 8.39021 5.79068 4.49648 3.54331 2.85823 2.39279 1.83231 1.47284 1.36393 1.4048 1.48392 1.48248 1.36788 1.21249 1.07159 0.966707 0.90556 0.887239 0.908905 0.968981 1.06158 1.16534 1.23439 1.21829 1.11885 0.99035 0.873605 0.781117 0.711526 0.659078 0.619067 0.587947 0.563329 0.543309 0.525916 0.509351 0.492182 0.473833 0.45448 0.434875 0.415878 0.398175 0.38204 0.367515 0.354379 0.342286 0.330895 0.319909 0.309085 0.298274 0.2874 0.276435 0.265417 0.254453 0.243558 0.232689 0.222144 0.211983 0.202238 0.192934 4.17622
# Age-structure at Ydeclare= 2013
 125.614 117.009 219.6 225.338 196.604 250.221 162.225 119.178 89.5823 66.9818 140.324 267.91 86.2887 63.1432 123.503 69.1668 39.1777 31.6897 32.0249 67.4148 83.8216 35.882 27.2532 25.7025 24.2431 25.0945 30.6942 35.5036 32.8715 27.0232 23.6406 34.6803 29.6568 16.5725 12.2977 9.8126 10.647 9.41878 7.77392 4.82375 4.61679 5.62745 7.62913 5.26532 4.08847 3.22174 2.5988 2.17558 1.66596 1.33912 1.24009 1.27724 1.34916 1.34785 1.24365 1.10237 0.974265 0.878904 0.823309 0.806651 0.826348 0.880966 0.965149 1.05949 1.12227 1.10762 1.01722 0.900389 0.794248 0.710161 0.646891 0.599208 0.562831 0.534538 0.512156 0.493954 0.478141 0.463081 0.447471 0.430789 0.413194 0.39537 0.378099 0.362004 0.347335 0.33413 0.322187 0.311192 0.300836 0.290849 0.281007 0.271179 0.261292 0.251324 0.241307 0.231339 0.221433 0.211552 0.201964 0.192727 4.15615
# Year for Tmin Age-structure (set to Ydecl by SS)
2013
#  recruitment and biomass
# Number of historical assessment years
129
# Historical data
# year recruitment spawner in B0 in R project in R/S project
1888  1889 1890 1891 1892 1893 1894 1895 1896 1897 1898 1899 1900 1901 1902 1903 1904 1905 1906 1907 1908 1909 1910 1911 1912 1913 1914 1915 1916 1917 1918 1919 1920 1921 1922 1923 1924 1925 1926 1927 1928 1929 1930 1931 1932 1933 1934 1935 1936 1937 1938 1939 1940 1941 1942 1943 1944 1945 1946 1947 1948 1949 1950 1951 1952 1953 1954 1955 1956 1957 1958 1959 1960 1961 1962 1963 1964 1965 1966 1967 1968 1969 1970 1971 1972 1973 1974 1975 1976 1977 1978 1979 1980 1981 1982 1983 1984 1985 1986 1987 1988 1989 1990 1991 1992 1993 1994 1995 1996 1997 1998 1999 2000 2001 2002 2003 2004 2005 2006 2007 2008 2009 2010 2011 2012 2013 2014 2015 2016 #years (with first value representing R0)
225.494 228.013 228.104 228.199 228.299 228.394 228.494 228.598 228.713 228.835 228.963 229.097 229.239 229.387 229.541 229.694 229.858 230.033 230.224 230.441 230.677 230.934 231.209 231.496 231.793 232.075 232.319 232.477 232.501 232.329 231.692 230.672 229.288 227.49 225.287 222.736 219.917 216.944 213.969 211.151 208.643 206.571 204.969 203.732 202.661 201.415 199.642 197.117 193.887 190.278 186.86 184.215 182.856 183.167 185.568 190.682 199.276 212.18 229.004 246.304 255.304 246.213 221.206 191.739 166.497 148.542 137.876 133.761 135.665 142.79 153.283 163.894 168.124 159.019 141.949 129.612 131.198 152.383 184.921 204.146 232.468 269.182 314.141 409.524 269.83 196.331 180.68 254.831 268.632 262.837 208.688 224.327 258.169 392.916 389.365 224.454 217.111 224.24 207.045 154.394 110.012 93.6676 88.5669 84.7575 101.931 220 165.157 73.8286 69.1542 81.213 136.483 232.242 113.239 147.644 437.525 218.807 99.7693 127.521 162.214 211.209 311.703 234.363 257.066 239.756 122.26 125.614 129.8 149.301 178.979  #recruits; first value is R0 (virgin)
2320.91  2320.91 2320.9 2320.89 2320.87 2320.01 2319.17 2318.34 2318.15 2318.13 2318.13 2318.16 2318.21 2318.28 2318.38 2318.51 2318.69 2318.89 2319.15 2319.45 2319.78 2319.93 2320.34 2320.78 2321.24 2321.73 2322.25 2322.78 2323.19 2323.26 2323.01 2318.68 2317.52 2316.61 2315.85 2315.67 2315.36 2313.98 2311.92 2308.27 2303.2 2298.31 2294.35 2289.7 2287.06 2284.7 2282.28 2278.73 2275.05 2269.32 2264 2257.97 2253.05 2245.71 2235.22 2223.89 2203.41 2181.41 2148.8 2118.65 2103.89 2087.5 2074.33 2059.45 2041.28 2025.43 2013.06 1998.54 1984.73 1970.82 1954.52 1939.41 1926.06 1914.52 1906.13 1895.87 1888.57 1883.54 1858.78 1848.4 1834.56 1820.26 1787.67 1764.65 1735.35 1699.82 1661.79 1620.62 1580.76 1535.95 1492.49 1424.04 1358.3 1306.67 1239.69 1129.47 1028.71 972.782 892.962 847.703 797.84 753.559 698.755 661.071 598.913 542.515 488.713 461.482 433.674 401.694 365.123 355.909 337.31 344.1 349.59 365.204 381.519 398.627 415.918 434.074 451.559 470.146 489.111 510.174 532.478 555.985 581.293 608.464 636.31 #spbio; first value is SSB_virgin (virgin)
1 0 0 0 0 0 0 0 0 0 0 0 0 0 0 0 0 0 0 0 0 0 0 0 0 0 0 0 0 0 0 0 0 0 0 0 0 0 0 0 0 0 0 0 0 0 0 0 0 0 0 0 0 0 0 0 0 0 0 0 0 0 0 0 0 0 0 0 0 0 0 0 0 0 0 0 0 0 0 0 0 0 0 0 0 0 0 0 0 0 0 0 0 0 0 0 0 0 0 0 0 0 0 0 0 0 0 0 0 0 0 0 0 0 0 0 0 0 0 0 0 0 0 0 0 0 0 0 0  # in Bzero
0 1 1 1 1 1 1 1 1 1 1 1 1 1 1 1 1 1 1 1 1 1 1 1 1 1 1 1 1 1 1 1 1 1 1 1 1 1 1 1 1 1 1 1 1 1 1 1 1 1 1 1 1 1 1 1 1 1 1 1 1 1 1 1 1 1 1 1 1 1 1 1 1 1 1 1 1 1 1 1 1 1 1 1 1 1 1 1 1 1 1 1 1 1 1 1 1 1 1 1 1 1 1 1 1 1 1 1 1 1 1 1 1 1 1 1 1 1 1 1 1 1 1 1 1 1  0 0 0 # in R project
0 1 1 1 1 1 1 1 1 1 1 1 1 1 1 1 1 1 1 1 1 1 1 1 1 1 1 1 1 1 1 1 1 1 1 1 1 1 1 1 1 1 1 1 1 1 1 1 1 1 1 1 1 1 1 1 1 1 1 1 1 1 1 1 1 1 1 1 1 1 1 1 1 1 1 1 1 1 1 1 1 1 1 1 1 1 1 1 1 1 1 1 1 1 1 1 1 1 1 1 1 1 1 1 1 1 1 1 1 1 1 1 1 1 1 1 1 1 1 1 1 1 1 1 1 1  0 0 0 # in R/S project
# Number of years with pre-specified catches
0
# catches for years with pre-specified catches go next
# Number of future recruitments to override
-2
# Process for overiding (-1 for average otherwise index in data list)
# Which probability to product detailed results for (1=0.5; 2=0.6; etc.)
3
# Steepness sigma-R Auto-correlation
0.718 0.5 0
# Target SPR rate (FMSY Proxy); manually change to SPR_MSY if not using SPR_target
0.5
# Discount rate (for cumulative catch)
0.1
# Truncate the series when 0.4B0 is reached (1=Yes)
0
# Set F to FMSY once 0.4B0 is reached (1=Yes)
0
# Maximum possible F for projection (-1 to set to FMSY)
-1
# Defintion of recovery (1=now only;2=now or before)
2
# Projection type
4
# Definition of the 40-10 rule
10 40
# Calculate coefficients of variation (1=Yes)
0
# Number of replicates to use
10
# Random number seed
-99004
# File with multiple parameter vectors 
rebuild.SSO
# User-specific projection (1=Yes); Output replaced (1->9)
0  5
# Catches and Fs (Year; 1/2/3 (F or C or SPR); value); Final row is -1
2016 1 1
-1 -1 -1
# Fixed catch project (1=Yes); Output replaced (1->9); Approach (-1=Read in else 1-9)
0 2 -1
# Split of Fs
2011  0.00057408
 0
 0.180811
 0.00720252
 0.278907
 0.256851
 0.275655
-1  1 1 1 1 1 1 1 1 1 1 1 1
# Yrs to define T_target for projection type 4 (a.k.a. 5 pre-specified inputs)
2022 2023 2024 2025 2026 
# Year for probability of recovery
2026 2027 2028 2029 2030 2031 2032 2033
# Time varying weight-at-age (1=Yes;0=No)
0
# File with time series of weight-at-age data
none
# Use bisection (0) or linear interpolation (1)
1
# Target Depletion
0.4
# CV of implementation error
0
