#Title, #runnumber: 269 yelloweye_data.ss yelloweye_control.ss 5645.01 2264.57 640.869 StartTime: Wed Jun 14 15:26:41 2017
SSv3_default_rebuild.dat
# Number of sexes
1
# Age range to consider (minimum age; maximum age)
0 100
# Number of fleets
12
# First year of projection (Yinit)
2011
# First Year of rebuilding period (Ydecl)
2013
# Number of simulations
1000
# Maximum number of years
500
# Conduct projections with multiple starting values (0=No;else yes)
0
# Number of parameter vectors
1000
# Is the maximum age a plus-group (1=Yes;2=No)
1
# Generate future recruitments using historical recruitments (1)  historical recruits/spawner (2)  or a stock-recruitment (3)
3
# Constant fishing mortality (1) or constant Catch (2) projections
1
# Fishing mortality based on SPR (1) or actual rate (2)
1
# Pre-specify the year of recovery (or -1) to ignore
-1
# Fecundity-at-age
# 0 1 2 3 4 5 6 7 8 9 10 11 12 13 14 15 16 17 18 19 20 21 22 23 24 25 26 27 28 29 30 31 32 33 34 35 36 37 38 39 40 41 42 43 44 45 46 47 48 49 50 51 52 53 54 55 56 57 58 59 60 61 62 63 64 65 66 67 68 69 70 71 72 73 74 75 76 77 78 79 80 81 82 83 84 85 86 87 88 89 90 91 92 93 94 95 96 97 98 99 100 #runnumber: 269 yelloweye_data.ss yelloweye_control.ss 5645.01 2264.57 640.869
 0 0 7.71874e-008 8.68988e-007 6.96793e-006 4.3171e-005 0.000214643 0.000865479 0.00283502 0.00762006 0.0171697 0.0333162 0.0571763 0.0888547 0.127525 0.171756 0.219884 0.27032 0.321727 0.373085 0.423682 0.473058 0.520947 0.567212 0.6118 0.654706 0.695952 0.73557 0.773597 0.81007 0.845025 0.878497 0.910519 0.941125 0.970349 0.998227 1.02479 1.05009 1.07415 1.09702 1.11873 1.13933 1.15886 1.17736 1.19487 1.21144 1.22711 1.24191 1.25588 1.26907 1.28152 1.29326 1.30432 1.31474 1.32455 1.33379 1.34249 1.35067 1.35837 1.36561 1.37241 1.37881 1.38482 1.39046 1.39577 1.40075 1.40542 1.40981 1.41393 1.4178 1.42143 1.42492 1.4282 1.43127 1.43415 1.43686 1.4394 1.44177 1.444 1.44609 1.44806 1.44989 1.45162 1.45323 1.45475 1.45616 1.45749 1.45874 1.45991 1.461 1.46203 1.46299 1.46389 1.46473 1.46552 1.46626 1.46696 1.46761 1.46822 1.46879 1.46968 #female fecundity; weighted by N in year Y_init across morphs and areas
# Age specific selectivity and weight adjusted for discard and discard mortality
 #wt and selex for gender,fleet: 1 1
 0.0108913 0.0218683 0.0608512 0.119016 0.195936 0.288604 0.393498 0.507398 0.627641 0.752154 0.879433 1.00851 1.13891 1.27055 1.40354 1.53806 1.67419 1.81178 1.95049 2.08975 2.22885 2.36702 2.50349 2.63754 2.76856 2.89604 3.0196 3.13894 3.25388 3.36431 3.47016 3.57143 3.66816 3.76041 3.84827 3.93186 4.01128 4.08666 4.15816 4.2259 4.29004 4.35072 4.40809 4.4623 4.51349 4.56179 4.60736 4.65033 4.69082 4.72897 4.76489 4.7987 4.83052 4.86046 4.88861 4.91508 4.93996 4.96335 4.98532 5.00596 5.02534 5.04354 5.06063 5.07667 5.09172 5.10585 5.11911 5.13155 5.14322 5.15416 5.16452 5.17434 5.18354 5.19217 5.20026 5.20785 5.21496 5.22162 5.22787 5.23373 5.23922 5.24437 5.24919 5.25371 5.25794 5.26191 5.26563 5.26911 5.27238 5.27544 5.2783 5.28099 5.28351 5.28586 5.28807 5.29014 5.29208 5.29389 5.29559 5.29719 5.29968
 0 0 0 0 0 0 0 0 0 0 0 0 0 0 0 0 0 0 0 0 0 0 0 0 0 0 0 0 0 0 0 0 0 0 0 0 0 0 0 0 0 0 0 0 0 0 0 0 0 0 0 0 0 0 0 0 0 0 0 0 0 0 0 0 0 0 0 0 0 0 0 0 0 0 0 0 0 0 0 0 0 0 0 0 0 0 0 0 0 0 0 0 0 0 0 0 0 0 0 1 0
 #wt and selex for gender,fleet: 1 3
 0.0108081 0.0204015 0.0548946 0.107316 0.177186 0.262216 0.359555 0.466475 0.580627 0.700162 0.823803 0.950857 1.0811 1.21455 1.35123 1.49098 1.63334 1.77761 1.92288 2.06817 2.2125 2.35497 2.49483 2.63146 2.76437 2.8932 3.0177 3.13769 3.25306 3.36377 3.46981 3.5712 3.66801 3.76032 3.84821 3.93182 4.01125 4.08665 4.15815 4.22589 4.29004 4.35072 4.40809 4.4623 4.51348 4.56179 4.60736 4.65033 4.69082 4.72897 4.76489 4.7987 4.83052 4.86046 4.88861 4.91508 4.93996 4.96335 4.98532 5.00596 5.02534 5.04354 5.06063 5.07667 5.09172 5.10585 5.11911 5.13155 5.14322 5.15416 5.16452 5.17434 5.18354 5.19217 5.20026 5.20785 5.21496 5.22162 5.22787 5.23373 5.23922 5.24437 5.24919 5.25371 5.25794 5.26191 5.26563 5.26911 5.27238 5.27544 5.2783 5.28099 5.28351 5.28586 5.28807 5.29014 5.29208 5.29389 5.29559 5.29719 5.29968
 0 0 0 0 0 0 0 0 0 0 0 0 0 0 0 0 0 0 0 0 0 0 0 0 0 0 0 0 0 0 0 0 0 0 0 0 0 0 0 0 0 0 0 0 0 0 0 0 0 0 0 0 0 0 0 0 0 0 0 0 0 0 0 0 0 0 0 0 0 0 0 0 0 0 0 0 0 0 0 0 0 0 0 0 0 0 0 0 0 0 0 0 0 0 0 0 0 0 0 1 0
 #wt and selex for gender,fleet: 1 4
 0.0107437 0.019255 0.0500799 0.0987483 0.165326 0.248465 0.346038 0.455686 0.575115 0.702236 0.835216 0.972484 1.11272 1.25484 1.39797 1.54143 1.68471 1.82739 1.9691 2.10953 2.24833 2.38516 2.51965 2.65144 2.78016 2.9055 3.02715 3.14487 3.25848 3.36783 3.47284 3.57346 3.66969 3.76156 3.84914 3.9325 4.01176 4.08703 4.15844 4.22612 4.2902 4.35085 4.40819 4.46238 4.51355 4.56184 4.6074 4.65036 4.69085 4.72899 4.7649 4.79872 4.83053 4.86047 4.88862 4.91509 4.93997 4.96335 4.98532 5.00596 5.02534 5.04354 5.06063 5.07667 5.09173 5.10585 5.11911 5.13155 5.14322 5.15416 5.16453 5.17434 5.18354 5.19217 5.20026 5.20785 5.21496 5.22162 5.22787 5.23373 5.23922 5.24437 5.24919 5.25371 5.25794 5.26191 5.26563 5.26911 5.27238 5.27544 5.2783 5.28099 5.28351 5.28586 5.28807 5.29014 5.29208 5.29389 5.29559 5.29719 5.29968
 0 0 0 0 0 0 0 0 0 0 0 0 0 0 0 0 0 0 0 0 0 0 0 0 0 0 0 0 0 0 0 0 0 0 0 0 0 0 0 0 0 0 0 0 0 0 0 0 0 0 0 0 0 0 0 0 0 0 0 0 0 0 0 0 0 0 0 0 0 0 0 0 0 0 0 0 0 0 0 0 0 0 0 0 0 0 0 0 0 0 0 0 0 0 0 0 0 0 0 1 0
 #wt and selex for gender,fleet: 1 5
 0.0108218 0.0206666 0.0564095 0.111358 0.185526 0.276771 0.382148 0.498677 0.623666 0.754831 0.890295 1.02855 1.16841 1.30896 1.44954 1.58966 1.72902 1.8674 2.00464 2.14058 2.27503 2.40776 2.5385 2.66694 2.79274 2.91559 3.03516 3.15117 3.26339 3.37164 3.47577 3.57571 3.67141 3.76288 3.85015 3.93328 4.01236 4.08749 4.15879 4.22639 4.29042 4.35102 4.40832 4.46248 4.51363 4.56191 4.60746 4.65041 4.69088 4.72902 4.76493 4.79874 4.83055 4.86048 4.88863 4.9151 4.93998 4.96336 4.98533 5.00597 5.02535 5.04355 5.06064 5.07668 5.09173 5.10586 5.11912 5.13155 5.14322 5.15417 5.16453 5.17434 5.18355 5.19217 5.20027 5.20785 5.21496 5.22163 5.22788 5.23373 5.23922 5.24437 5.24919 5.25371 5.25795 5.26191 5.26563 5.26912 5.27238 5.27544 5.27831 5.28099 5.28351 5.28587 5.28807 5.29014 5.29208 5.2939 5.2956 5.29719 5.29968
 0 0 0 0 0 0 0 0 0 0 0 0 0 0 0 0 0 0 0 0 0 0 0 0 0 0 0 0 0 0 0 0 0 0 0 0 0 0 0 0 0 0 0 0 0 0 0 0 0 0 0 0 0 0 0 0 0 0 0 0 0 0 0 0 0 0 0 0 0 0 0 0 0 0 0 0 0 0 0 0 0 0 0 0 0 0 0 0 0 0 0 0 0 0 0 0 0 0 0 1 0
 #wt and selex for gender,fleet: 1 6
 0.0113266 0.0283882 0.0784977 0.146173 0.22847 0.319702 0.415494 0.513302 0.612601 0.714592 0.821341 0.934828 1.05628 1.18587 1.3228 1.46558 1.61238 1.76137 1.91092 2.05971 2.20669 2.35105 2.49218 2.62963 2.76304 2.89218 3.01684 3.13692 3.25233 3.36306 3.46909 3.57048 3.66727 3.75956 3.84744 3.93103 4.01045 4.08583 4.15732 4.22506 4.28919 4.34986 4.40723 4.46143 4.51261 4.56091 4.60647 4.64943 4.68992 4.72806 4.76398 4.79779 4.82961 4.85954 4.88769 4.91416 4.93904 4.96242 4.98439 5.00503 5.02441 5.04261 5.05969 5.07573 5.09079 5.10492 5.11817 5.13061 5.14228 5.15322 5.16358 5.17339 5.18259 5.19122 5.1993 5.20689 5.214 5.22066 5.22691 5.23276 5.23825 5.24339 5.24821 5.25273 5.25696 5.26093 5.26465 5.26813 5.27139 5.27445 5.27732 5.28 5.28252 5.28487 5.28708 5.28915 5.29109 5.2929 5.2946 5.29619 5.29868
 0 0 0 0 0 0 0 0 0 0 0 0 0 0 0 0 0 0 0 0 0 0 0 0 0 0 0 0 0 0 0 0 0 0 0 0 0 0 0 0 0 0 0 0 0 0 0 0 0 0 0 0 0 0 0 0 0 0 0 0 0 0 0 0 0 0 0 0 0 0 0 0 0 0 0 0 0 0 0 0 0 0 0 0 0 0 0 0 0 0 0 0 0 0 0 0 0 0 0 1 0
 #wt and selex for gender,fleet: 1 7
 0.0113136 0.0283983 0.0804802 0.153759 0.246101 0.351638 0.465177 0.582842 0.702038 0.821266 0.939995 1.0585 1.1776 1.29836 1.42174 1.54843 1.67867 1.81225 1.94853 2.0866 2.22537 2.36373 2.50065 2.63525 2.76679 2.89473 3.01865 3.13827 3.25342 3.36399 3.46994 3.57128 3.66806 3.76035 3.84823 3.93183 4.01126 4.08665 4.15815 4.2259 4.29004 4.35072 4.40809 4.4623 4.51348 4.56179 4.60736 4.65033 4.69082 4.72897 4.76489 4.7987 4.83052 4.86046 4.88861 4.91508 4.93996 4.96335 4.98532 5.00596 5.02534 5.04354 5.06063 5.07667 5.09172 5.10585 5.11911 5.13155 5.14322 5.15416 5.16452 5.17434 5.18354 5.19217 5.20026 5.20785 5.21496 5.22162 5.22787 5.23373 5.23922 5.24437 5.24919 5.25371 5.25794 5.26191 5.26563 5.26911 5.27238 5.27544 5.2783 5.28099 5.28351 5.28586 5.28807 5.29014 5.29208 5.29389 5.29559 5.29719 5.29968
 0 0 0 0 0 0 0 0 0 0 0 0 0 0 0 0 0 0 0 0 0 0 0 0 0 0 0 0 0 0 0 0 0 0 0 0 0 0 0 0 0 0 0 0 0 0 0 0 0 0 0 0 0 0 0 0 0 0 0 0 0 0 0 0 0 0 0 0 0 0 0 0 0 0 0 0 0 0 0 0 0 0 0 0 0 0 0 0 0 0 0 0 0 0 0 0 0 0 0 1 0
# M and current age-structure in year Yinit: 2011
 # gender = 1
 0.0439034 0.0439034 0.0439034 0.0439034 0.0439034 0.0439034 0.0439034 0.0439034 0.0439034 0.0439034 0.0439034 0.0439034 0.0439034 0.0439034 0.0439034 0.0439034 0.0439034 0.0439034 0.0439034 0.0439034 0.0439034 0.0439034 0.0439034 0.0439034 0.0439034 0.0439034 0.0439034 0.0439034 0.0439034 0.0439034 0.0439034 0.0439034 0.0439034 0.0439034 0.0439034 0.0439034 0.0439034 0.0439034 0.0439034 0.0439034 0.0439034 0.0439034 0.0439034 0.0439034 0.0439034 0.0439034 0.0439034 0.0439034 0.0439034 0.0439034 0.0439034 0.0439034 0.0439034 0.0439034 0.0439034 0.0439034 0.0439034 0.0439034 0.0439034 0.0439034 0.0439034 0.0439034 0.0439034 0.0439034 0.0439034 0.0439034 0.0439034 0.0439034 0.0439034 0.0439034 0.0439034 0.0439034 0.0439034 0.0439034 0.0439034 0.0439034 0.0439034 0.0439034 0.0439034 0.0439034 0.0439034 0.0439034 0.0439034 0.0439034 0.0439034 0.0439034 0.0439034 0.0439034 0.0439034 0.0439034 0.0439034 0.0439034 0.0439034 0.0439034 0.0439034 0.0439034 0.0439034 0.0439034 0.0439034 0.0439034 0.0439034
 229.143 234.019 206.367 268.048 168.499 126.006 94.1142 69.7438 143.364 283.973 100.052 72.2992 140.388 69.9091 40.8388 33.4268 33.5207 69.5924 92.4294 34.1582 25.9088 27.329 29.5791 30.1829 30.7084 29.4531 33.5436 41.0156 31.1662 37.2681 24.6707 16.4958 12.0468 9.11456 9.6963 9.10181 8.5932 5.41091 5.0223 6.07727 9.24908 6.20733 4.62918 3.40556 2.59419 2.10138 1.60255 1.30062 1.227 1.30973 1.46614 1.55179 1.45379 1.26199 1.08577 0.961498 0.893329 0.875289 0.902079 0.971675 1.07716 1.18918 1.24168 1.18047 1.04407 0.904196 0.790631 0.705429 0.642746 0.595455 0.558674 0.529086 0.504633 0.483727 0.464697 0.446086 0.426895 0.406975 0.386801 0.367196 0.348898 0.33236 0.31766 0.3047 0.293179 0.28273 0.273024 0.263786 0.254793 0.245909 0.237054 0.22819 0.219329 0.210543 0.201826 0.193138 0.184705 0.176568 0.16875 0.161268 3.58998
# Age-structure at Ydeclare= 2013
 118.179 110.485 209.879 214.341 189.006 245.471 154.274 115.324 86.0886 63.7512 130.941 259.152 91.2356 65.8832 127.855 63.6385 37.1622 30.409 30.4882 63.2872 84.0461 31.0577 23.5557 24.8458 26.8905 27.4385 27.9153 26.7732 30.4903 37.2806 28.3268 33.8713 22.4211 14.991 10.9474 8.2825 8.81085 8.27041 7.80805 4.91638 4.56317 5.52155 8.4031 5.63942 4.20556 3.09384 2.35669 1.90896 1.45578 1.18149 1.1146 1.18974 1.3318 1.40959 1.32057 1.14633 0.986259 0.873376 0.811452 0.795063 0.819396 0.882611 0.978427 1.08017 1.12786 1.07226 0.948363 0.82131 0.718154 0.640762 0.583825 0.540869 0.507459 0.480583 0.458371 0.439381 0.422096 0.40519 0.387759 0.369665 0.351341 0.333533 0.316913 0.30189 0.288539 0.276767 0.266302 0.256811 0.247995 0.239604 0.231436 0.223366 0.215323 0.207271 0.199223 0.191242 0.183324 0.175433 0.167773 0.160382 3.56067
# Year for Tmin Age-structure (set to Ydecl by SS)
2013
#  recruitment and biomass
# Number of historical assessment years
129
# Historical data
# year recruitment spawner in B0 in R project in R/S project
1888  1889 1890 1891 1892 1893 1894 1895 1896 1897 1898 1899 1900 1901 1902 1903 1904 1905 1906 1907 1908 1909 1910 1911 1912 1913 1914 1915 1916 1917 1918 1919 1920 1921 1922 1923 1924 1925 1926 1927 1928 1929 1930 1931 1932 1933 1934 1935 1936 1937 1938 1939 1940 1941 1942 1943 1944 1945 1946 1947 1948 1949 1950 1951 1952 1953 1954 1955 1956 1957 1958 1959 1960 1961 1962 1963 1964 1965 1966 1967 1968 1969 1970 1971 1972 1973 1974 1975 1976 1977 1978 1979 1980 1981 1982 1983 1984 1985 1986 1987 1988 1989 1990 1991 1992 1993 1994 1995 1996 1997 1998 1999 2000 2001 2002 2003 2004 2005 2006 2007 2008 2009 2010 2011 2012 2013 2014 2015 2016 #years (with first value representing R0)
217.903 215.034 214.942 214.848 214.75 214.643 214.533 214.42 214.309 214.197 214.082 213.964 213.84 213.715 213.591 213.454 213.316 213.179 213.044 212.921 212.803 212.686 212.573 212.462 212.348 212.212 212.033 211.775 211.402 210.867 209.948 208.72 207.212 205.389 203.266 200.899 198.361 195.755 193.223 190.915 188.986 187.577 186.767 186.5 186.635 186.872 186.839 186.199 184.84 182.928 180.926 179.375 178.781 179.512 181.99 186.897 195.188 208.183 226.584 248.987 267.884 268.096 244.263 210.451 180.538 159.36 146.977 142.533 145.696 156.153 172.114 187.814 189.629 169.166 142.362 125.289 124.329 142.808 173.736 197.883 238.188 294.859 357.533 478.19 279.958 204.658 193.701 268.475 246.649 226.58 182.631 205.867 239.207 302.293 384.72 270.794 300.495 208.077 155.804 139.812 119.576 103.21 85.0844 72.8988 87.948 220.264 154.995 70.292 66.3572 77.0135 125.522 240.305 118.087 156.024 423.028 204.11 94.9414 122.543 156.972 200.863 305.791 225.307 244.522 229.143 115.443 118.179 121.734 140.848 172.253  #recruits; first value is R0 (virgin)
2264.57  2264.57 2264.56 2264.55 2264.53 2263.66 2262.82 2261.99 2261.79 2261.76 2261.73 2261.7 2261.63 2261.5 2261.31 2261.03 2260.68 2260.23 2259.71 2259.11 2258.44 2257.46 2256.64 2255.75 2254.8 2253.8 2252.73 2251.62 2250.31 2248.58 2246.47 2240.19 2237.04 2234.09 2231.23 2228.9 2226.38 2222.72 2218.32 2212.27 2204.73 2197.33 2190.83 2183.59 2178.36 2173.39 2168.37 2162.21 2155.94 2147.66 2139.85 2131.4 2124.17 2114.61 2102.02 2088.75 2066.45 2042.86 2008.86 1977.61 1962.15 1945.36 1932.13 1917.5 1899.89 1884.91 1873.67 1860.54 1848.36 1836.33 1822.23 1809.7 1799.38 1791.36 1787 1781.29 1778.98 1779.28 1760.29 1755.75 1747.94 1739.79 1713.57 1696.87 1673.86 1644.51 1612.36 1576.64 1541.62 1501.11 1461.37 1396.51 1334.32 1286.15 1222.93 1117.06 1020.31 967.788 891.189 848.313 800.314 756.94 701.994 662.917 597.389 537.844 481.231 452.212 423.048 389.985 352.545 342.508 323.246 329.294 333.897 349.093 364.94 381.473 398.151 415.727 432.583 450.536 468.853 489.249 510.879 533.693 558.366 584.9 612.102 #spbio; first value is SSB_virgin (virgin)
1 0 0 0 0 0 0 0 0 0 0 0 0 0 0 0 0 0 0 0 0 0 0 0 0 0 0 0 0 0 0 0 0 0 0 0 0 0 0 0 0 0 0 0 0 0 0 0 0 0 0 0 0 0 0 0 0 0 0 0 0 0 0 0 0 0 0 0 0 0 0 0 0 0 0 0 0 0 0 0 0 0 0 0 0 0 0 0 0 0 0 0 0 0 0 0 0 0 0 0 0 0 0 0 0 0 0 0 0 0 0 0 0 0 0 0 0 0 0 0 0 0 0 0 0 0 0 0 0  # in Bzero
0 1 1 1 1 1 1 1 1 1 1 1 1 1 1 1 1 1 1 1 1 1 1 1 1 1 1 1 1 1 1 1 1 1 1 1 1 1 1 1 1 1 1 1 1 1 1 1 1 1 1 1 1 1 1 1 1 1 1 1 1 1 1 1 1 1 1 1 1 1 1 1 1 1 1 1 1 1 1 1 1 1 1 1 1 1 1 1 1 1 1 1 1 1 1 1 1 1 1 1 1 1 1 1 1 1 1 1 1 1 1 1 1 1 1 1 1 1 1 1 1 1 1 1 1 1  0 0 0 # in R project
0 1 1 1 1 1 1 1 1 1 1 1 1 1 1 1 1 1 1 1 1 1 1 1 1 1 1 1 1 1 1 1 1 1 1 1 1 1 1 1 1 1 1 1 1 1 1 1 1 1 1 1 1 1 1 1 1 1 1 1 1 1 1 1 1 1 1 1 1 1 1 1 1 1 1 1 1 1 1 1 1 1 1 1 1 1 1 1 1 1 1 1 1 1 1 1 1 1 1 1 1 1 1 1 1 1 1 1 1 1 1 1 1 1 1 1 1 1 1 1 1 1 1 1 1 1  0 0 0 # in R/S project
# Number of years with pre-specified catches
0
# catches for years with pre-specified catches go next
# Number of future recruitments to override
-2
# Process for overiding (-1 for average otherwise index in data list)
# Which probability to product detailed results for (1=0.5; 2=0.6; etc.)
3
# Steepness sigma-R Auto-correlation
0.718 0.5 0
# Target SPR rate (FMSY Proxy); manually change to SPR_MSY if not using SPR_target
0.5
# Discount rate (for cumulative catch)
0.1
# Truncate the series when 0.4B0 is reached (1=Yes)
0
# Set F to FMSY once 0.4B0 is reached (1=Yes)
0
# Maximum possible F for projection (-1 to set to FMSY)
-1
# Defintion of recovery (1=now only;2=now or before)
2
# Projection type
4
# Definition of the 40-10 rule
10 40
# Calculate coefficients of variation (1=Yes)
0
# Number of replicates to use
10
# Random number seed
-99004
# File with multiple parameter vectors 
rebuild.SSO
# User-specific projection (1=Yes); Output replaced (1->9)
0  5
# Catches and Fs (Year; 1/2/3 (F or C or SPR); value); Final row is -1
2016 1 1
-1 -1 -1
# Fixed catch project (1=Yes); Output replaced (1->9); Approach (-1=Read in else 1-9)
0 2 -1
# Split of Fs
2011  0.000532206
 0
 0.167717
 0.00682829
 0.265428
 0.243364
 0.31613
-1  1 1 1 1 1 1 1 1 1 1 1 1
# Yrs to define T_target for projection type 4 (a.k.a. 5 pre-specified inputs)
2022 2023 2024 2025 2026 
# Year for probability of recovery
2026 2027 2028 2029 2030 2031 2032 2033
# Time varying weight-at-age (1=Yes;0=No)
0
# File with time series of weight-at-age data
none
# Use bisection (0) or linear interpolation (1)
1
# Target Depletion
0.4
# CV of implementation error
0
