#Title, #runnumber: 255 yelloweye_data.ss yelloweye_control.ss 4371.11 4709.23 3589.23 StartTime: Thu Jun 15 16:10:03 2017
SSv3_default_rebuild.dat
# Number of sexes
1
# Age range to consider (minimum age; maximum age)
0 100
# Number of fleets
12
# First year of projection (Yinit)
2011
# First Year of rebuilding period (Ydecl)
2013
# Number of simulations
1000
# Maximum number of years
500
# Conduct projections with multiple starting values (0=No;else yes)
0
# Number of parameter vectors
1000
# Is the maximum age a plus-group (1=Yes;2=No)
1
# Generate future recruitments using historical recruitments (1)  historical recruits/spawner (2)  or a stock-recruitment (3)
3
# Constant fishing mortality (1) or constant Catch (2) projections
1
# Fishing mortality based on SPR (1) or actual rate (2)
1
# Pre-specify the year of recovery (or -1) to ignore
-1
# Fecundity-at-age
# 0 1 2 3 4 5 6 7 8 9 10 11 12 13 14 15 16 17 18 19 20 21 22 23 24 25 26 27 28 29 30 31 32 33 34 35 36 37 38 39 40 41 42 43 44 45 46 47 48 49 50 51 52 53 54 55 56 57 58 59 60 61 62 63 64 65 66 67 68 69 70 71 72 73 74 75 76 77 78 79 80 81 82 83 84 85 86 87 88 89 90 91 92 93 94 95 96 97 98 99 100 #runnumber: 255 yelloweye_data.ss yelloweye_control.ss 4371.11 4709.23 3589.23
 0 0 7.9884e-009 1.80623e-007 2.47396e-006 2.27086e-005 0.000151978 0.00076268 0.00289928 0.00854298 0.0202621 0.0403064 0.0697683 0.108301 0.154398 0.205939 0.260726 0.316843 0.372823 0.427661 0.48074 0.531732 0.5805 0.627021 0.671334 0.713501 0.753598 0.791695 0.827863 0.862166 0.894669 0.925432 0.954515 0.98198 1.00789 1.0323 1.05527 1.07688 1.09717 1.11622 1.13408 1.15081 1.16648 1.18114 1.19484 1.20764 1.2196 1.23076 1.24117 1.25088 1.25993 1.26836 1.27621 1.28352 1.29033 1.29666 1.30255 1.30802 1.31311 1.31785 1.32225 1.32633 1.33013 1.33366 1.33693 1.33997 1.3428 1.34542 1.34785 1.35011 1.35221 1.3542 1.35606 1.35778 1.35937 1.36085 1.36222 1.36349 1.36467 1.36577 1.36679 1.36773 1.3686 1.36941 1.37016 1.37086 1.37151 1.37211 1.37266 1.37318 1.37365 1.3741 1.37451 1.37489 1.37524 1.37557 1.37587 1.37615 1.37641 1.37666 1.37701 #female fecundity; weighted by N in year Y_init across morphs and areas
# Age specific selectivity and weight adjusted for discard and discard mortality
 #wt and selex for gender,fleet: 1 1
 0.00912377 0.00923377 0.0299007 0.0832791 0.163768 0.268871 0.393255 0.53154 0.679189 0.832683 0.989404 1.14744 1.30538 1.46211 1.61663 1.76796 1.91504 2.05679 2.19211 2.32004 2.4398 2.55084 2.65293 2.74607 2.83048 2.90658 2.97489 3.03603 3.09063 3.13932 3.18272 3.22141 3.25591 3.28671 3.31423 3.33888 3.36098 3.38083 3.3987 3.41482 3.42939 3.44258 3.45454 3.46542 3.47532 3.48435 3.4926 3.50015 3.50706 3.5134 3.51922 3.52458 3.5295 3.53403 3.53821 3.54206 3.54562 3.5489 3.55193 3.55474 3.55733 3.55972 3.56194 3.56399 3.56589 3.56764 3.56927 3.57078 3.57217 3.57346 3.57437 3.57494 3.57547 3.57595 3.5764 3.57682 3.5772 3.57756 3.57789 3.57819 3.57847 3.57873 3.57898 3.5792 3.57941 3.5796 3.57978 3.57994 3.58009 3.58024 3.58037 3.58049 3.5806 3.5807 3.5808 3.58089 3.58097 3.58105 3.58112 3.58119 3.58128
 0 0 0 0 0 0 0 0 0 0 0 0 0 0 0 0 0 0 0 0 0 0 0 0 0 0 0 0 0 0 0 0 0 0 0 0 0 0 0 0 0 0 0 0 0 0 0 0 0 0 0 0 0 0 0 0 0 0 0 0 0 0 0 0 0 0 0 0 0 0 0 0 0 0 0 0 0 0 0 0 0 0 0 0 0 0 0 0 0 0 0 0 0 0 0 0 0 0 0 1 0
 #wt and selex for gender,fleet: 1 3
 0.00912346 0.00923116 0.0243219 0.0587766 0.107059 0.172693 0.257908 0.361639 0.481463 0.614777 0.75909 0.912049 1.07146 1.23529 1.40172 1.56911 1.73605 1.90131 2.06385 2.22283 2.37754 2.52744 2.6721 2.81121 2.94456 3.07203 3.19356 3.30915 3.41887 3.52282 3.62111 3.71392 3.80142 3.88381 3.96128 4.03406 4.10235 4.16637 4.22634 4.28246 4.33495 4.38401 4.42984 4.47261 4.51252 4.54974 4.58444 4.61676 4.64687 4.6749 4.70099 4.72527 4.74785 4.76886 4.78838 4.80653 4.8234 4.83908 4.85364 4.86717 4.87973 4.89139 4.90222 4.91228 4.92161 4.93028 4.93832 4.94578 4.9527 4.95913 4.96515 4.97078 4.97601 4.98086 4.98536 4.98954 4.99341 4.997 5.00033 5.00341 5.00628 5.00893 5.0114 5.01368 5.0158 5.01776 5.01958 5.02127 5.02283 5.02428 5.02563 5.02688 5.02803 5.02911 5.0301 5.03102 5.03188 5.03267 5.0334 5.03408 5.03508
 0 0 0 0 0 0 0 0 0 0 0 0 0 0 0 0 0 0 0 0 0 0 0 0 0 0 0 0 0 0 0 0 0 0 0 0 0 0 0 0 0 0 0 0 0 0 0 0 0 0 0 0 0 0 0 0 0 0 0 0 0 0 0 0 0 0 0 0 0 0 0 0 0 0 0 0 0 0 0 0 0 0 0 0 0 0 0 0 0 0 0 0 0 0 0 0 0 0 0 1 0
 #wt and selex for gender,fleet: 1 4
 0.00912327 0.00922947 0.0214019 0.0518102 0.102132 0.173103 0.264363 0.374943 0.505393 0.850015 3.1743 4.2517 4.37519 4.41383 4.44113 4.46483 4.48649 4.50675 4.526 4.54453 4.56254 4.58021 4.59767 4.61503 4.63236 4.64972 4.66716 4.6847 4.70234 4.72009 4.73793 4.75583 4.77377 4.7917 4.80958 4.82736 4.84498 4.8624 4.87956 4.89641 4.91291 4.92902 4.94469 4.95989 4.97459 4.98878 5.00243 5.01552 5.02807 5.04005 5.05147 5.06234 5.07266 5.08245 5.09171 5.10046 5.10872 5.1165 5.12383 5.13072 5.13719 5.14327 5.14896 5.1543 5.15929 5.16396 5.16832 5.1724 5.17621 5.17976 5.18347 5.1873 5.19087 5.19419 5.19727 5.20014 5.2028 5.20527 5.20757 5.20971 5.21169 5.21353 5.21524 5.21683 5.2183 5.21967 5.22094 5.22212 5.22321 5.22423 5.22517 5.22604 5.22685 5.2276 5.2283 5.22894 5.22954 5.2301 5.23061 5.23109 5.23179
 0 0 0 0 0 0 0 0 0 0 0 0 0 0 0 0 0 0 0 0 0 0 0 0 0 0 0 0 0 0 0 0 0 0 0 0 0 0 0 0 0 0 0 0 0 0 0 0 0 0 0 0 0 0 0 0 0 0 0 0 0 0 0 0 0 0 0 0 0 0 0 0 0 0 0 0 0 0 0 0 0 0 0 0 0 0 0 0 0 0 0 0 0 0 0 0 0 0 0 1 0
 #wt and selex for gender,fleet: 1 5
 0.00912327 0.00922947 0.0214019 0.0518102 0.102132 0.173103 0.264363 0.374943 0.505393 0.850012 3.1743 4.2517 4.37519 4.41383 4.44113 4.46483 4.48649 4.50675 4.526 4.54453 4.56254 4.58021 4.59768 4.61503 4.63236 4.64973 4.66716 4.6847 4.70234 4.72009 4.73793 4.75583 4.77377 4.7917 4.80958 4.82736 4.84498 4.8624 4.87956 4.89641 4.91291 4.92902 4.94469 4.95989 4.97459 4.98878 5.00243 5.01553 5.02807 5.04005 5.05147 5.06234 5.07266 5.08245 5.09171 5.10046 5.10872 5.1165 5.12383 5.13072 5.13719 5.14327 5.14896 5.1543 5.15929 5.16396 5.16832 5.1724 5.17621 5.17976 5.18347 5.1873 5.19087 5.19419 5.19727 5.20014 5.2028 5.20527 5.20757 5.20971 5.21169 5.21353 5.21524 5.21683 5.2183 5.21967 5.22094 5.22212 5.22321 5.22423 5.22517 5.22604 5.22685 5.2276 5.2283 5.22894 5.22954 5.2301 5.23061 5.23109 5.23179
 0 0 0 0 0 0 0 0 0 0 0 0 0 0 0 0 0 0 0 0 0 0 0 0 0 0 0 0 0 0 0 0 0 0 0 0 0 0 0 0 0 0 0 0 0 0 0 0 0 0 0 0 0 0 0 0 0 0 0 0 0 0 0 0 0 0 0 0 0 0 0 0 0 0 0 0 0 0 0 0 0 0 0 0 0 0 0 0 0 0 0 0 0 0 0 0 0 0 0 1 0
 #wt and selex for gender,fleet: 1 6
 0.00912326 0.00922942 0.0212942 0.0511479 0.100177 0.168782 0.25621 0.360993 0.481185 0.614574 0.758854 0.911747 1.07108 1.23483 1.40117 1.56849 1.73535 1.90054 2.06302 2.22194 2.3766 2.52645 2.67107 2.81015 2.94347 3.07091 3.19242 3.308 3.41771 3.52164 3.61993 3.71273 3.80023 3.88261 3.96008 4.03286 4.10115 4.16517 4.22514 4.28127 4.33376 4.38282 4.42865 4.47143 4.51134 4.54856 4.58326 4.61559 4.6457 4.67373 4.69983 4.72411 4.74669 4.7677 4.78723 4.80538 4.82225 4.83793 4.85249 4.86602 4.87858 4.89025 4.90108 4.91114 4.92047 4.92914 4.93718 4.94464 4.95157 4.95799 4.96401 4.96965 4.97487 4.97972 4.98422 4.98839 4.99226 4.99585 4.99918 5.00226 5.00513 5.00778 5.01024 5.01252 5.01464 5.0166 5.01842 5.02011 5.02167 5.02312 5.02447 5.02572 5.02687 5.02794 5.02894 5.02986 5.03071 5.0315 5.03224 5.03292 5.03391
 0 0 0 0 0 0 0 0 0 0 0 0 0 0 0 0 0 0 0 0 0 0 0 0 0 0 0 0 0 0 0 0 0 0 0 0 0 0 0 0 0 0 0 0 0 0 0 0 0 0 0 0 0 0 0 0 0 0 0 0 0 0 0 0 0 0 0 0 0 0 0 0 0 0 0 0 0 0 0 0 0 0 0 0 0 0 0 0 0 0 0 0 0 0 0 0 0 0 0 1 0
 #wt and selex for gender,fleet: 1 7
 0.00912327 0.00922953 0.0215558 0.0527754 0.105297 0.229876 1.66076 1.70721 1.72696 1.75092 1.77959 1.81342 1.85308 1.89944 1.95348 2.0162 2.08846 2.17082 2.26334 2.36544 2.47588 2.59282 2.71403 2.83719 2.96015 3.08112 3.19872 3.31203 3.42045 3.52366 3.62157 3.71416 3.80155 3.88388 3.96132 4.03408 4.10236 4.16638 4.22634 4.28246 4.33496 4.38401 4.42984 4.47261 4.51252 4.54974 4.58444 4.61676 4.64687 4.6749 4.70099 4.72527 4.74785 4.76886 4.78838 4.80653 4.8234 4.83908 4.85364 4.86717 4.87973 4.89139 4.90222 4.91228 4.92161 4.93028 4.93832 4.94578 4.9527 4.95913 4.96515 4.97078 4.97601 4.98086 4.98536 4.98954 4.99341 4.997 5.00033 5.00341 5.00628 5.00893 5.0114 5.01368 5.0158 5.01776 5.01958 5.02127 5.02283 5.02428 5.02563 5.02688 5.02803 5.02911 5.0301 5.03102 5.03188 5.03267 5.0334 5.03408 5.03508
 0 0 0 0 0 0 0 0 0 0 0 0 0 0 0 0 0 0 0 0 0 0 0 0 0 0 0 0 0 0 0 0 0 0 0 0 0 0 0 0 0 0 0 0 0 0 0 0 0 0 0 0 0 0 0 0 0 0 0 0 0 0 0 0 0 0 0 0 0 0 0 0 0 0 0 0 0 0 0 0 0 0 0 0 0 0 0 0 0 0 0 0 0 0 0 0 0 0 0 1 0
# M and current age-structure in year Yinit: 2011
 # gender = 1
 0.0439034 0.0439034 0.0439034 0.0439034 0.0439034 0.0439034 0.0439034 0.0439034 0.0439034 0.0439034 0.0439034 0.0439034 0.0439034 0.0439034 0.0439034 0.0439034 0.0439034 0.0439034 0.0439034 0.0439034 0.0439034 0.0439034 0.0439034 0.0439034 0.0439034 0.0439034 0.0439034 0.0439034 0.0439034 0.0439034 0.0439034 0.0439034 0.0439034 0.0439034 0.0439034 0.0439034 0.0439034 0.0439034 0.0439034 0.0439034 0.0439034 0.0439034 0.0439034 0.0439034 0.0439034 0.0439034 0.0439034 0.0439034 0.0439034 0.0439034 0.0439034 0.0439034 0.0439034 0.0439034 0.0439034 0.0439034 0.0439034 0.0439034 0.0439034 0.0439034 0.0439034 0.0439034 0.0439034 0.0439034 0.0439034 0.0439034 0.0439034 0.0439034 0.0439034 0.0439034 0.0439034 0.0439034 0.0439034 0.0439034 0.0439034 0.0439034 0.0439034 0.0439034 0.0439034 0.0439034 0.0439034 0.0439034 0.0439034 0.0439034 0.0439034 0.0439034 0.0439034 0.0439034 0.0439034 0.0439034 0.0439034 0.0439034 0.0439034 0.0439034 0.0439034 0.0439034 0.0439034 0.0439034 0.0439034 0.0439034 0.0439034
 463.751 446.132 389.568 438.66 395.407 298.071 224.146 177.412 359.072 577.534 236.042 168.334 253.086 166.661 100.932 86.0777 89.9844 207.797 298.504 86.4618 67.6315 79.7112 96.3827 103.064 109.336 114.105 141.657 247.715 169.014 378.567 132.877 114.822 80.4626 69.349 76.4786 76.1697 85.1635 63.3736 66.1404 85.4702 145.257 87.0269 63.6235 46.3544 35.8422 29.0536 22.2743 18.3962 17.6293 18.9535 21.126 22.1983 20.9207 18.438 16.1045 14.4513 13.5689 13.3842 13.8328 14.9016 16.5174 18.2672 19.0713 17.9383 15.6095 13.34 11.562 10.2505 9.28235 8.54341 7.96088 7.491 7.10671 6.7853 6.50136 6.22995 5.95253 5.66261 5.36528 5.07302 4.79796 4.54758 4.32444 4.12754 3.95288 3.79562 3.65057 3.51355 3.38146 3.25196 3.12364 2.99593 2.86925 2.74415 2.62057 2.49782 2.37906 2.26474 2.15527 2.05094 42.5947
# Age-structure at Ydeclare= 2013
 356.531 290.998 424.645 408.334 356.402 401.119 361.469 272.461 204.883 162.166 328.218 527.914 215.763 153.872 231.342 152.346 92.2644 78.6912 82.2703 190.009 272.991 79.0803 61.8623 72.9156 88.1702 94.2864 100.028 104.392 129.6 226.63 154.628 346.34 121.564 105.044 73.6098 63.4417 69.9627 69.6789 77.905 57.9713 60.5013 78.1818 132.869 79.6035 58.1956 42.3993 32.7837 26.5741 20.3731 16.8259 16.1243 17.3353 19.3223 20.3028 19.1342 16.8634 14.7291 13.217 12.41 12.241 12.6512 13.6286 15.1063 16.7066 17.442 16.4057 14.2758 12.2002 10.5741 9.37461 8.48914 7.81332 7.28056 6.85081 6.49935 6.2054 5.94571 5.69748 5.44377 5.17862 4.90669 4.63941 4.38785 4.15886 3.95479 3.77472 3.61498 3.47117 3.33851 3.2132 3.0924 2.97396 2.85661 2.73982 2.62397 2.50955 2.39654 2.28429 2.17568 2.07113 42.7996
# Year for Tmin Age-structure (set to Ydecl by SS)
2013
#  recruitment and biomass
# Number of historical assessment years
129
# Historical data
# year recruitment spawner in B0 in R project in R/S project
1888  1889 1890 1891 1892 1893 1894 1895 1896 1897 1898 1899 1900 1901 1902 1903 1904 1905 1906 1907 1908 1909 1910 1911 1912 1913 1914 1915 1916 1917 1918 1919 1920 1921 1922 1923 1924 1925 1926 1927 1928 1929 1930 1931 1932 1933 1934 1935 1936 1937 1938 1939 1940 1941 1942 1943 1944 1945 1946 1947 1948 1949 1950 1951 1952 1953 1954 1955 1956 1957 1958 1959 1960 1961 1962 1963 1964 1965 1966 1967 1968 1969 1970 1971 1972 1973 1974 1975 1976 1977 1978 1979 1980 1981 1982 1983 1984 1985 1986 1987 1988 1989 1990 1991 1992 1993 1994 1995 1996 1997 1998 1999 2000 2001 2002 2003 2004 2005 2006 2007 2008 2009 2010 2011 2012 2013 2014 2015 2016 #years (with first value representing R0)
441.747 446.514 446.674 446.844 447.02 447.196 447.377 447.565 447.771 447.985 448.207 448.448 448.698 448.967 449.256 449.543 449.854 450.195 450.567 450.985 451.444 451.935 452.456 453.001 453.555 454.061 454.486 454.738 454.714 454.325 453.054 451.089 448.489 445.226 441.296 436.829 432.035 427.202 422.644 418.726 415.838 414.246 414.067 415.108 416.895 418.633 419.326 418.144 414.93 410.32 405.56 402.014 400.773 402.514 407.915 418.173 435.344 462.517 502.185 552.484 596.414 595.129 534.586 452.991 382.748 332.586 301.122 285.602 284.558 296.7 317.925 337.778 335.813 299.684 252.353 220.542 216.488 246.891 303.717 353.847 432.759 562.448 729.437 1155.72 646.157 475.395 433.301 554.251 471.708 450.704 388.844 429.203 582.835 641.842 1738.76 737.862 1028.74 559.63 428.793 390.541 349.667 309.976 242.862 194.99 235.078 761.35 493.94 199.152 178.245 196.002 305.53 438.977 277.64 370.969 866.531 514.38 242.841 293.111 372.493 472.127 500.898 425.404 466.155 463.751 304.058 356.531 373.403 395.058 428.359  #recruits; first value is R0 (virgin)
4709.23  4709.23 4709.22 4709.21 4709.2 4708.33 4707.52 4706.74 4706.61 4706.66 4706.73 4706.85 4707.01 4707.24 4707.54 4707.94 4708.45 4709.05 4709.77 4710.59 4711.5 4712.27 4713.36 4714.52 4715.74 4717.03 4718.38 4719.78 4721.09 4722.1 4722.83 4719.5 4719.47 4719.76 4720.24 4721.36 4722.38 4722.37 4721.73 4719.57 4716.06 4712.82 4710.55 4707.55 4706.5 4705.57 4704.31 4701.63 4698.51 4692.96 4687.48 4680.9 4675.1 4666.55 4654.65 4641.86 4619.99 4596.94 4563.58 4533 4517.93 4501.37 4488.06 4473.08 4454.92 4439.2 4427.21 4413.6 4401.58 4390.81 4379.42 4371.42 4367.24 4366.6 4370.26 4372.32 4376.69 4381.52 4364.05 4358.6 4346.6 4331.18 4294.65 4265.17 4226.55 4178.81 4125.74 4066.88 4006.66 3939.96 3873.82 3783.46 3699.86 3635.44 3562.16 3450.91 3352.93 3306.88 3239.14 3210.61 3179.83 3154.74 3118.75 3103.77 3063.76 3035.12 3014.64 3033.13 3055.65 3077 3093.95 3137.77 3167.23 3217.85 3259.08 3306.34 3347.89 3383.78 3414.15 3440.29 3460.73 3477.36 3490.71 3502.92 3514.74 3526.84 3540.64 3556.1 3572.07 #spbio; first value is SSB_virgin (virgin)
1 0 0 0 0 0 0 0 0 0 0 0 0 0 0 0 0 0 0 0 0 0 0 0 0 0 0 0 0 0 0 0 0 0 0 0 0 0 0 0 0 0 0 0 0 0 0 0 0 0 0 0 0 0 0 0 0 0 0 0 0 0 0 0 0 0 0 0 0 0 0 0 0 0 0 0 0 0 0 0 0 0 0 0 0 0 0 0 0 0 0 0 0 0 0 0 0 0 0 0 0 0 0 0 0 0 0 0 0 0 0 0 0 0 0 0 0 0 0 0 0 0 0 0 0 0 0 0 0  # in Bzero
0 1 1 1 1 1 1 1 1 1 1 1 1 1 1 1 1 1 1 1 1 1 1 1 1 1 1 1 1 1 1 1 1 1 1 1 1 1 1 1 1 1 1 1 1 1 1 1 1 1 1 1 1 1 1 1 1 1 1 1 1 1 1 1 1 1 1 1 1 1 1 1 1 1 1 1 1 1 1 1 1 1 1 1 1 1 1 1 1 1 1 1 1 1 1 1 1 1 1 1 1 1 1 1 1 1 1 1 1 1 1 1 1 1 1 1 1 1 1 1 1 1 1 1 1 1  0 0 0 # in R project
0 1 1 1 1 1 1 1 1 1 1 1 1 1 1 1 1 1 1 1 1 1 1 1 1 1 1 1 1 1 1 1 1 1 1 1 1 1 1 1 1 1 1 1 1 1 1 1 1 1 1 1 1 1 1 1 1 1 1 1 1 1 1 1 1 1 1 1 1 1 1 1 1 1 1 1 1 1 1 1 1 1 1 1 1 1 1 1 1 1 1 1 1 1 1 1 1 1 1 1 1 1 1 1 1 1 1 1 1 1 1 1 1 1 1 1 1 1 1 1 1 1 1 1 1 1  0 0 0 # in R/S project
# Number of years with pre-specified catches
0
# catches for years with pre-specified catches go next
# Number of future recruitments to override
-2
# Process for overiding (-1 for average otherwise index in data list)
# Which probability to product detailed results for (1=0.5; 2=0.6; etc.)
3
# Steepness sigma-R Auto-correlation
0.718 0.5 0
# Target SPR rate (FMSY Proxy); manually change to SPR_MSY if not using SPR_target
0.5
# Discount rate (for cumulative catch)
0.1
# Truncate the series when 0.4B0 is reached (1=Yes)
0
# Set F to FMSY once 0.4B0 is reached (1=Yes)
0
# Maximum possible F for projection (-1 to set to FMSY)
-1
# Defintion of recovery (1=now only;2=now or before)
2
# Projection type
4
# Definition of the 40-10 rule
10 40
# Calculate coefficients of variation (1=Yes)
0
# Number of replicates to use
10
# Random number seed
-99004
# File with multiple parameter vectors 
rebuild.SSO
# User-specific projection (1=Yes); Output replaced (1->9)
0  5
# Catches and Fs (Year; 1/2/3 (F or C or SPR); value); Final row is -1
2016 1 1
-1 -1 -1
# Fixed catch project (1=Yes); Output replaced (1->9); Approach (-1=Read in else 1-9)
0 2 -1
# Split of Fs
2011  0.00293134
 0
 0.533293
 0.00548345
 0.202888
 0.0828106
 0.172594
-1  1 1 1 1 1 1 1 1 1 1 1 1
# Yrs to define T_target for projection type 4 (a.k.a. 5 pre-specified inputs)
2022 2023 2024 2025 2026 
# Year for probability of recovery
2026 2027 2028 2029 2030 2031 2032 2033
# Time varying weight-at-age (1=Yes;0=No)
0
# File with time series of weight-at-age data
none
# Use bisection (0) or linear interpolation (1)
1
# Target Depletion
0.4
# CV of implementation error
0
