#Title, #runnumber: 255 yelloweye_data.ss yelloweye_control.ss 5136.65 2217.87 603.929 StartTime: Thu Jun 15 15:36:16 2017
SSv3_default_rebuild.dat
# Number of sexes
1
# Age range to consider (minimum age; maximum age)
0 100
# Number of fleets
12
# First year of projection (Yinit)
2011
# First Year of rebuilding period (Ydecl)
2013
# Number of simulations
1000
# Maximum number of years
500
# Conduct projections with multiple starting values (0=No;else yes)
0
# Number of parameter vectors
1000
# Is the maximum age a plus-group (1=Yes;2=No)
1
# Generate future recruitments using historical recruitments (1)  historical recruits/spawner (2)  or a stock-recruitment (3)
3
# Constant fishing mortality (1) or constant Catch (2) projections
1
# Fishing mortality based on SPR (1) or actual rate (2)
1
# Pre-specify the year of recovery (or -1) to ignore
-1
# Fecundity-at-age
# 0 1 2 3 4 5 6 7 8 9 10 11 12 13 14 15 16 17 18 19 20 21 22 23 24 25 26 27 28 29 30 31 32 33 34 35 36 37 38 39 40 41 42 43 44 45 46 47 48 49 50 51 52 53 54 55 56 57 58 59 60 61 62 63 64 65 66 67 68 69 70 71 72 73 74 75 76 77 78 79 80 81 82 83 84 85 86 87 88 89 90 91 92 93 94 95 96 97 98 99 100 #runnumber: 255 yelloweye_data.ss yelloweye_control.ss 5136.65 2217.87 603.929
 0 0 7.42993e-008 8.33698e-007 6.67069e-006 4.12915e-005 0.000205419 0.000830201 0.00272953 0.00736841 0.0166745 0.032483 0.0559382 0.0871859 0.125441 0.169302 0.217126 0.267331 0.318577 0.369838 0.420389 0.469763 0.517684 0.564007 0.608673 0.651674 0.693028 0.732765 0.770921 0.807531 0.84263 0.876252 0.908429 0.939195 0.968584 0.99663 1.02337 1.04883 1.07307 1.09611 1.11799 1.13877 1.15847 1.17714 1.19482 1.21155 1.22737 1.24233 1.25646 1.26981 1.2824 1.29428 1.30548 1.31603 1.32598 1.33535 1.34416 1.35247 1.36028 1.36762 1.37453 1.38103 1.38713 1.39287 1.39826 1.40333 1.40809 1.41255 1.41675 1.42069 1.42439 1.42795 1.43129 1.43442 1.43736 1.44012 1.44271 1.44514 1.44742 1.44956 1.45156 1.45344 1.4552 1.45686 1.4584 1.45986 1.46122 1.4625 1.46369 1.46481 1.46587 1.46685 1.46778 1.46864 1.46945 1.47021 1.47093 1.4716 1.47222 1.47281 1.47373 #female fecundity; weighted by N in year Y_init across morphs and areas
# Age specific selectivity and weight adjusted for discard and discard mortality
 #wt and selex for gender,fleet: 1 1
 0.0108312 0.0214247 0.0597355 0.117079 0.19313 0.285007 0.389268 0.502726 0.622715 0.74714 0.874452 1.00363 1.13412 1.26577 1.39866 1.53295 1.66871 1.80584 1.94402 2.08275 2.22137 2.35913 2.49528 2.62913 2.76007 2.88757 3.01124 3.13079 3.246 3.35675 3.46298 3.56466 3.66184 3.75456 3.84291 3.92699 4.00691 4.08281 4.15482 4.22308 4.28773 4.34892 4.4068 4.4615 4.51317 4.56196 4.60799 4.65142 4.69235 4.73093 4.76727 4.8015 4.83371 4.86403 4.89255 4.91938 4.94461 4.96832 4.99061 5.01155 5.03123 5.04971 5.06707 5.08337 5.09868 5.11304 5.12653 5.13919 5.15106 5.16221 5.17276 5.18276 5.19214 5.20094 5.20919 5.21693 5.22418 5.23099 5.23737 5.24335 5.24896 5.25422 5.25915 5.26377 5.26811 5.27217 5.27598 5.27954 5.28289 5.28602 5.28896 5.29171 5.29429 5.29671 5.29898 5.3011 5.30309 5.30496 5.3067 5.30834 5.3109
 0 0 0 0 0 0 0 0 0 0 0 0 0 0 0 0 0 0 0 0 0 0 0 0 0 0 0 0 0 0 0 0 0 0 0 0 0 0 0 0 0 0 0 0 0 0 0 0 0 0 0 0 0 0 0 0 0 0 0 0 0 0 0 0 0 0 0 0 0 0 0 0 0 0 0 0 0 0 0 0 0 0 0 0 0 0 0 0 0 0 0 0 0 0 0 0 0 0 0 1 0
 #wt and selex for gender,fleet: 1 3
 0.0107547 0.0200491 0.0539974 0.105753 0.174908 0.25927 0.356052 0.462552 0.576424 0.695791 0.819321 0.946248 1.07628 1.2094 1.34561 1.48479 1.62653 1.77018 1.91489 2.05971 2.20367 2.34591 2.48565 2.62227 2.75526 2.88426 3.009 3.12928 3.245 3.35609 3.46254 3.56438 3.66165 3.75443 3.84282 3.92693 4.00688 4.08279 4.15481 4.22307 4.28772 4.34892 4.40679 4.46149 4.51317 4.56196 4.60799 4.65142 4.69235 4.73093 4.76727 4.8015 4.83371 4.86403 4.89255 4.91938 4.94461 4.96832 4.99061 5.01155 5.03123 5.04971 5.06707 5.08337 5.09868 5.11304 5.12653 5.13918 5.15106 5.16221 5.17276 5.18276 5.19214 5.20094 5.20919 5.21693 5.22418 5.23099 5.23737 5.24335 5.24896 5.25422 5.25915 5.26377 5.26811 5.27217 5.27598 5.27954 5.28289 5.28602 5.28896 5.29171 5.29429 5.29671 5.29898 5.3011 5.30309 5.30496 5.3067 5.30834 5.3109
 0 0 0 0 0 0 0 0 0 0 0 0 0 0 0 0 0 0 0 0 0 0 0 0 0 0 0 0 0 0 0 0 0 0 0 0 0 0 0 0 0 0 0 0 0 0 0 0 0 0 0 0 0 0 0 0 0 0 0 0 0 0 0 0 0 0 0 0 0 0 0 0 0 0 0 0 0 0 0 0 0 0 0 0 0 0 0 0 0 0 0 0 0 0 0 0 0 0 0 1 0
 #wt and selex for gender,fleet: 1 4
 0.0106892 0.0188578 0.0488219 0.0964446 0.161902 0.244016 0.340809 0.450017 0.56939 0.69684 0.830507 0.968772 1.11025 1.25375 1.39831 1.54311 1.68752 1.83102 1.97319 2.11368 2.25219 2.38841 2.52206 2.65288 2.78058 2.90491 3.02565 3.14258 3.25554 3.36439 3.46905 3.56947 3.66563 3.75754 3.84525 3.92883 4.00836 4.08396 4.15573 4.2238 4.28831 4.34939 4.40717 4.4618 4.51342 4.56216 4.60817 4.65156 4.69247 4.73103 4.76736 4.80157 4.83378 4.86409 4.8926 4.91942 4.94464 4.96835 4.99064 5.01158 5.03126 5.04974 5.06709 5.08339 5.09869 5.11306 5.12654 5.1392 5.15108 5.16222 5.17277 5.18277 5.19215 5.20095 5.2092 5.21694 5.22419 5.231 5.23738 5.24336 5.24897 5.25423 5.25916 5.26378 5.26812 5.27218 5.27598 5.27955 5.2829 5.28603 5.28897 5.29172 5.2943 5.29672 5.29899 5.30111 5.3031 5.30496 5.30671 5.30835 5.31091
 0 0 0 0 0 0 0 0 0 0 0 0 0 0 0 0 0 0 0 0 0 0 0 0 0 0 0 0 0 0 0 0 0 0 0 0 0 0 0 0 0 0 0 0 0 0 0 0 0 0 0 0 0 0 0 0 0 0 0 0 0 0 0 0 0 0 0 0 0 0 0 0 0 0 0 0 0 0 0 0 0 0 0 0 0 0 0 0 0 0 0 0 0 0 0 0 0 0 0 1 0
 #wt and selex for gender,fleet: 1 5
 0.0107721 0.020381 0.0557878 0.110251 0.183825 0.274411 0.379093 0.494909 0.619179 0.749626 0.884378 1.02193 1.16111 1.301 1.44095 1.5805 1.71937 1.85736 1.99431 2.13007 2.26444 2.39721 2.52808 2.65672 2.7828 2.90597 3.02591 3.14233 3.25499 3.36369 3.46829 3.56872 3.66492 3.7569 3.84468 3.92834 4.00794 4.0836 4.15542 4.22354 4.28809 4.3492 4.40702 4.46167 4.51331 4.56207 4.60808 4.65149 4.69241 4.73098 4.76731 4.80153 4.83374 4.86405 4.89257 4.9194 4.94462 4.96833 4.99062 5.01156 5.03124 5.04972 5.06708 5.08338 5.09868 5.11305 5.12653 5.13919 5.15107 5.16221 5.17276 5.18276 5.19214 5.20094 5.20919 5.21693 5.22419 5.23099 5.23737 5.24336 5.24897 5.25423 5.25916 5.26378 5.26811 5.27217 5.27598 5.27955 5.28289 5.28602 5.28896 5.29172 5.2943 5.29671 5.29898 5.3011 5.30309 5.30496 5.30671 5.30834 5.31091
 0 0 0 0 0 0 0 0 0 0 0 0 0 0 0 0 0 0 0 0 0 0 0 0 0 0 0 0 0 0 0 0 0 0 0 0 0 0 0 0 0 0 0 0 0 0 0 0 0 0 0 0 0 0 0 0 0 0 0 0 0 0 0 0 0 0 0 0 0 0 0 0 0 0 0 0 0 0 0 0 0 0 0 0 0 0 0 0 0 0 0 0 0 0 0 0 0 0 0 1 0
 #wt and selex for gender,fleet: 1 6
 0.0112778 0.0282346 0.0783284 0.145715 0.227459 0.317845 0.412517 0.509022 0.606995 0.707804 0.813621 0.926451 1.04748 1.17683 1.31361 1.45627 1.60296 1.75184 1.9013 2.05002 2.19697 2.34135 2.48255 2.62013 2.75373 2.8831 3.00804 3.12844 3.24422 3.35533 3.46179 3.56362 3.66088 3.75365 3.84203 3.92612 4.00605 4.08195 4.15395 4.22221 4.28685 4.34803 4.4059 4.46059 4.51226 4.56104 4.60707 4.65049 4.69142 4.73 4.76633 4.80055 4.83276 4.86308 4.8916 4.91842 4.94365 4.96736 4.98965 5.01059 5.03026 5.04874 5.0661 5.0824 5.0977 5.11207 5.12555 5.13821 5.15008 5.16123 5.17178 5.18177 5.19115 5.19994 5.20819 5.21593 5.22318 5.22999 5.23636 5.24234 5.24795 5.25321 5.25814 5.26276 5.26709 5.27115 5.27495 5.27852 5.28186 5.285 5.28793 5.29068 5.29326 5.29568 5.29795 5.30007 5.30206 5.30392 5.30567 5.30731 5.30987
 0 0 0 0 0 0 0 0 0 0 0 0 0 0 0 0 0 0 0 0 0 0 0 0 0 0 0 0 0 0 0 0 0 0 0 0 0 0 0 0 0 0 0 0 0 0 0 0 0 0 0 0 0 0 0 0 0 0 0 0 0 0 0 0 0 0 0 0 0 0 0 0 0 0 0 0 0 0 0 0 0 0 0 0 0 0 0 0 0 0 0 0 0 0 0 0 0 0 0 1 0
 #wt and selex for gender,fleet: 1 7
 0.0106107 0.0174049 0.0420514 0.501148 0.525282 0.553616 0.589406 0.63296 0.686468 0.752637 0.833727 0.930842 1.04351 1.16974 1.30654 1.45063 1.59907 1.74945 1.90001 2.04945 2.19685 2.3415 2.48286 2.62054 2.75421 2.88363 3.00862 3.12906 3.24487 3.35601 3.46249 3.56435 3.66163 3.75442 3.84282 3.92693 4.00687 4.08279 4.1548 4.22307 4.28772 4.34892 4.40679 4.46149 4.51317 4.56196 4.60799 4.65142 4.69235 4.73093 4.76727 4.8015 4.83371 4.86403 4.89255 4.91938 4.94461 4.96832 4.99061 5.01155 5.03123 5.04971 5.06707 5.08337 5.09868 5.11304 5.12653 5.13918 5.15106 5.16221 5.17276 5.18276 5.19214 5.20094 5.20919 5.21693 5.22418 5.23099 5.23737 5.24335 5.24896 5.25422 5.25915 5.26377 5.26811 5.27217 5.27597 5.27954 5.28289 5.28602 5.28896 5.29171 5.29429 5.29671 5.29898 5.3011 5.30309 5.30496 5.3067 5.30834 5.3109
 0 0 0 0 0 0 0 0 0 0 0 0 0 0 0 0 0 0 0 0 0 0 0 0 0 0 0 0 0 0 0 0 0 0 0 0 0 0 0 0 0 0 0 0 0 0 0 0 0 0 0 0 0 0 0 0 0 0 0 0 0 0 0 0 0 0 0 0 0 0 0 0 0 0 0 0 0 0 0 0 0 0 0 0 0 0 0 0 0 0 0 0 0 0 0 0 0 0 0 1 0
# M and current age-structure in year Yinit: 2011
 # gender = 1
 0.0439034 0.0439034 0.0439034 0.0439034 0.0439034 0.0439034 0.0439034 0.0439034 0.0439034 0.0439034 0.0439034 0.0439034 0.0439034 0.0439034 0.0439034 0.0439034 0.0439034 0.0439034 0.0439034 0.0439034 0.0439034 0.0439034 0.0439034 0.0439034 0.0439034 0.0439034 0.0439034 0.0439034 0.0439034 0.0439034 0.0439034 0.0439034 0.0439034 0.0439034 0.0439034 0.0439034 0.0439034 0.0439034 0.0439034 0.0439034 0.0439034 0.0439034 0.0439034 0.0439034 0.0439034 0.0439034 0.0439034 0.0439034 0.0439034 0.0439034 0.0439034 0.0439034 0.0439034 0.0439034 0.0439034 0.0439034 0.0439034 0.0439034 0.0439034 0.0439034 0.0439034 0.0439034 0.0439034 0.0439034 0.0439034 0.0439034 0.0439034 0.0439034 0.0439034 0.0439034 0.0439034 0.0439034 0.0439034 0.0439034 0.0439034 0.0439034 0.0439034 0.0439034 0.0439034 0.0439034 0.0439034 0.0439034 0.0439034 0.0439034 0.0439034 0.0439034 0.0439034 0.0439034 0.0439034 0.0439034 0.0439034 0.0439034 0.0439034 0.0439034 0.0439034 0.0439034 0.0439034 0.0439034 0.0439034 0.0439034 0.0439034
 219.6 258.993 229.428 261.324 162.477 131.809 91.6322 65.1842 145.101 254.4 84.7846 65.1378 132.672 69.1811 41.13 35.9071 34.4732 52.4558 70.8293 37.1058 27.3276 27.4239 28.8007 29.2131 29.5606 28.5486 32.4405 38.8227 30.0339 36.2844 24.1578 16.2954 11.7943 8.89138 9.43105 8.85457 8.4459 5.33513 4.92948 5.95281 9.05455 5.9965 4.46237 3.28666 2.50865 2.04652 1.57067 1.27686 1.2056 1.28947 1.44968 1.54375 1.45212 1.26205 1.08579 0.960909 0.891967 0.873078 0.89891 0.967518 1.07227 1.18419 1.23634 1.17281 1.03408 0.893436 0.779706 0.694173 0.630753 0.582277 0.543972 0.512656 0.486392 0.463705 0.443042 0.423083 0.402961 0.38259 0.362408 0.343131 0.325363 0.309446 0.295387 0.283048 0.272116 0.262237 0.253093 0.244423 0.236017 0.227745 0.219528 0.211326 0.203146 0.195049 0.187024 0.179032 0.171277 0.163795 0.156604 0.149721 3.3589
# Age-structure at Ydeclare= 2013
 116.686 107.015 201.139 237.216 210.126 239.313 148.758 120.63 83.8043 59.5617 132.452 232.002 77.2577 59.3176 120.761 62.9479 37.4148 32.6576 31.3493 47.6977 64.4 33.7359 24.8448 24.9315 26.1824 26.5565 26.8717 25.9509 29.4876 35.2876 27.2981 32.9779 21.9555 14.8094 10.7183 8.08001 8.57021 8.04616 7.67463 4.84783 4.47914 5.40887 8.22702 5.44835 4.05438 2.98611 2.27921 1.85932 1.42698 1.16004 1.09528 1.17147 1.31701 1.40247 1.31921 1.14653 0.986406 0.872953 0.81032 0.793159 0.816624 0.878951 0.974115 1.07578 1.12316 1.06544 0.939412 0.811644 0.708326 0.630623 0.573009 0.528969 0.494171 0.465722 0.441862 0.421252 0.402481 0.384348 0.366069 0.347562 0.329229 0.311716 0.295575 0.281115 0.268344 0.257134 0.247204 0.238229 0.229922 0.222046 0.21441 0.206895 0.19943 0.191979 0.184549 0.177192 0.169902 0.162642 0.155597 0.1488 3.3297
# Year for Tmin Age-structure (set to Ydecl by SS)
2013
#  recruitment and biomass
# Number of historical assessment years
129
# Historical data
# year recruitment spawner in B0 in R project in R/S project
1888  1889 1890 1891 1892 1893 1894 1895 1896 1897 1898 1899 1900 1901 1902 1903 1904 1905 1906 1907 1908 1909 1910 1911 1912 1913 1914 1915 1916 1917 1918 1919 1920 1921 1922 1923 1924 1925 1926 1927 1928 1929 1930 1931 1932 1933 1934 1935 1936 1937 1938 1939 1940 1941 1942 1943 1944 1945 1946 1947 1948 1949 1950 1951 1952 1953 1954 1955 1956 1957 1958 1959 1960 1961 1962 1963 1964 1965 1966 1967 1968 1969 1970 1971 1972 1973 1974 1975 1976 1977 1978 1979 1980 1981 1982 1983 1984 1985 1986 1987 1988 1989 1990 1991 1992 1993 1994 1995 1996 1997 1998 1999 2000 2001 2002 2003 2004 2005 2006 2007 2008 2009 2010 2011 2012 2013 2014 2015 2016 #years (with first value representing R0)
213.789 209.489 209.349 209.205 209.057 208.897 208.732 208.563 208.393 208.22 208.042 207.859 207.666 207.469 207.271 207.063 206.852 206.641 206.43 206.221 206.016 205.809 205.607 205.402 205.193 204.962 204.69 204.341 203.884 203.274 202.304 201.046 199.533 197.731 195.658 193.368 190.932 188.449 186.054 183.893 182.118 180.875 180.248 180.206 180.639 181.283 181.797 181.863 181.346 180.363 179.32 178.713 179.018 180.582 183.811 189.384 198.272 211.871 230.983 254.354 274.44 275.198 250.697 215.867 185.184 163.538 150.929 146.454 149.772 160.534 176.834 192.589 193.5 171.403 143.47 125.861 124.63 142.711 172.251 194.48 233.218 287.887 349.321 472.925 276.803 202.636 192.562 265.947 241.816 222.2 179.857 203.91 239.73 301.158 381.943 266.437 290.525 205.538 154.234 137.425 118.104 102.41 86.8109 77.9436 96.5207 169.998 117.388 72.5334 71.4714 77.7328 124.431 227.402 106.495 132.302 379.112 206.617 88.7393 119.313 164.203 193.685 298.122 250.485 270.617 219.6 111.818 116.686 119.715 138.133 167.167  #recruits; first value is R0 (virgin)
2217.87  2217.87 2217.86 2217.85 2217.83 2216.96 2216.12 2215.28 2215.08 2215.05 2215.01 2214.97 2214.87 2214.7 2214.43 2214.06 2213.58 2212.96 2212.25 2211.42 2210.48 2209.22 2208.08 2206.85 2205.54 2204.15 2202.67 2201.13 2199.37 2197.19 2194.6 2187.82 2184.16 2180.68 2177.28 2174.4 2171.31 2167.08 2162.08 2155.42 2147.26 2139.25 2132.11 2124.23 2118.35 2112.75 2107.08 2100.3 2093.41 2084.52 2076.14 2067.13 2059.37 2049.32 2036.27 2022.59 1999.92 1976.01 1941.76 1910.38 1894.89 1878.2 1865.19 1850.92 1833.83 1819.51 1809.1 1796.96 1785.93 1775.22 1762.6 1751.71 1743.18 1737.1 1734.81 1731.3 1731.28 1733.94 1717.42 1715.32 1709.96 1704.25 1680.51 1666.18 1645.51 1618.41 1588.4 1554.68 1521.57 1482.79 1444.65 1381.03 1319.61 1271.98 1209.14 1103.41 1006.67 954.446 877.892 835.126 786.908 743.226 687.924 648.956 584.534 525.846 469.963 441.123 411.947 378.908 341.477 331.523 312.23 318.238 322.796 337.288 352.229 367.692 383.097 399.189 414.466 430.752 447.31 465.841 485.448 506.098 528.435 552.583 577.412 #spbio; first value is SSB_virgin (virgin)
1 0 0 0 0 0 0 0 0 0 0 0 0 0 0 0 0 0 0 0 0 0 0 0 0 0 0 0 0 0 0 0 0 0 0 0 0 0 0 0 0 0 0 0 0 0 0 0 0 0 0 0 0 0 0 0 0 0 0 0 0 0 0 0 0 0 0 0 0 0 0 0 0 0 0 0 0 0 0 0 0 0 0 0 0 0 0 0 0 0 0 0 0 0 0 0 0 0 0 0 0 0 0 0 0 0 0 0 0 0 0 0 0 0 0 0 0 0 0 0 0 0 0 0 0 0 0 0 0  # in Bzero
0 1 1 1 1 1 1 1 1 1 1 1 1 1 1 1 1 1 1 1 1 1 1 1 1 1 1 1 1 1 1 1 1 1 1 1 1 1 1 1 1 1 1 1 1 1 1 1 1 1 1 1 1 1 1 1 1 1 1 1 1 1 1 1 1 1 1 1 1 1 1 1 1 1 1 1 1 1 1 1 1 1 1 1 1 1 1 1 1 1 1 1 1 1 1 1 1 1 1 1 1 1 1 1 1 1 1 1 1 1 1 1 1 1 1 1 1 1 1 1 1 1 1 1 1 1  0 0 0 # in R project
0 1 1 1 1 1 1 1 1 1 1 1 1 1 1 1 1 1 1 1 1 1 1 1 1 1 1 1 1 1 1 1 1 1 1 1 1 1 1 1 1 1 1 1 1 1 1 1 1 1 1 1 1 1 1 1 1 1 1 1 1 1 1 1 1 1 1 1 1 1 1 1 1 1 1 1 1 1 1 1 1 1 1 1 1 1 1 1 1 1 1 1 1 1 1 1 1 1 1 1 1 1 1 1 1 1 1 1 1 1 1 1 1 1 1 1 1 1 1 1 1 1 1 1 1 1  0 0 0 # in R/S project
# Number of years with pre-specified catches
0
# catches for years with pre-specified catches go next
# Number of future recruitments to override
-2
# Process for overiding (-1 for average otherwise index in data list)
# Which probability to product detailed results for (1=0.5; 2=0.6; etc.)
3
# Steepness sigma-R Auto-correlation
0.718 0.5 0
# Target SPR rate (FMSY Proxy); manually change to SPR_MSY if not using SPR_target
0.5
# Discount rate (for cumulative catch)
0.1
# Truncate the series when 0.4B0 is reached (1=Yes)
0
# Set F to FMSY once 0.4B0 is reached (1=Yes)
0
# Maximum possible F for projection (-1 to set to FMSY)
-1
# Defintion of recovery (1=now only;2=now or before)
2
# Projection type
4
# Definition of the 40-10 rule
10 40
# Calculate coefficients of variation (1=Yes)
0
# Number of replicates to use
10
# Random number seed
-99004
# File with multiple parameter vectors 
rebuild.SSO
# User-specific projection (1=Yes); Output replaced (1->9)
0  5
# Catches and Fs (Year; 1/2/3 (F or C or SPR); value); Final row is -1
2016 1 1
-1 -1 -1
# Fixed catch project (1=Yes); Output replaced (1->9); Approach (-1=Read in else 1-9)
0 2 -1
# Split of Fs
2011  0.000566667
 0
 0.178062
 0.00736548
 0.280854
 0.257571
 0.27558
-1  1 1 1 1 1 1 1 1 1 1 1 1
# Yrs to define T_target for projection type 4 (a.k.a. 5 pre-specified inputs)
2022 2023 2024 2025 2026 
# Year for probability of recovery
2026 2027 2028 2029 2030 2031 2032 2033
# Time varying weight-at-age (1=Yes;0=No)
0
# File with time series of weight-at-age data
none
# Use bisection (0) or linear interpolation (1)
1
# Target Depletion
0.4
# CV of implementation error
0
