#Title, #runnumber: 272 yelloweye_data.ss yelloweye_control.ss 5736.17 2313.92 698.757 StartTime: Fri Jul 21 12:02:38 2017
SSv3_default_rebuild.dat
# Number of sexes
1
# Age range to consider (minimum age; maximum age)
0 100
# Number of fleets
12
# First year of projection (Yinit)
2011
# First Year of rebuilding period (Ydecl)
2013
# Number of simulations
1000
# Maximum number of years
500
# Conduct projections with multiple starting values (0=No;else yes)
0
# Number of parameter vectors
1000
# Is the maximum age a plus-group (1=Yes;2=No)
1
# Generate future recruitments using historical recruitments (1)  historical recruits/spawner (2)  or a stock-recruitment (3)
3
# Constant fishing mortality (1) or constant Catch (2) projections
1
# Fishing mortality based on SPR (1) or actual rate (2)
1
# Pre-specify the year of recovery (or -1) to ignore
-1
# Fecundity-at-age
# 0 1 2 3 4 5 6 7 8 9 10 11 12 13 14 15 16 17 18 19 20 21 22 23 24 25 26 27 28 29 30 31 32 33 34 35 36 37 38 39 40 41 42 43 44 45 46 47 48 49 50 51 52 53 54 55 56 57 58 59 60 61 62 63 64 65 66 67 68 69 70 71 72 73 74 75 76 77 78 79 80 81 82 83 84 85 86 87 88 89 90 91 92 93 94 95 96 97 98 99 100 #runnumber: 272 yelloweye_data.ss yelloweye_control.ss 5736.17 2313.92 698.757
 0 0 5.22891e-008 5.67239e-007 4.5486e-006 2.87844e-005 0.000148237 0.000624982 0.00214904 0.00605394 0.0142233 0.0285894 0.0504943 0.080285 0.117305 0.160188 0.207249 0.256828 0.307506 0.358193 0.408124 0.456816 0.503992 0.54952 0.593359 0.635519 0.676035 0.714956 0.752328 0.788197 0.822606 0.855592 0.887192 0.91744 0.946368 0.97401 1.0004 1.02557 1.04956 1.0724 1.09413 1.11479 1.13441 1.15303 1.17069 1.18744 1.2033 1.21832 1.23252 1.24596 1.25866 1.27066 1.282 1.29269 1.30279 1.31231 1.32129 1.32975 1.33773 1.34525 1.35233 1.35899 1.36527 1.37117 1.37673 1.38196 1.38688 1.3915 1.39586 1.39995 1.40379 1.4075 1.41098 1.41425 1.41733 1.42022 1.42293 1.42548 1.42788 1.43013 1.43224 1.43423 1.43609 1.43784 1.43948 1.44103 1.44247 1.44384 1.44511 1.44631 1.44744 1.44849 1.44948 1.45041 1.45129 1.45211 1.45288 1.4536 1.45428 1.45491 1.45592 #female fecundity; weighted by N in year Y_init across morphs and areas
# Age specific selectivity and weight adjusted for discard and discard mortality
 #wt and selex for gender,fleet: 1 1
 0.0122731 0.0295882 0.0706595 0.1297 0.205941 0.29667 0.398836 0.509615 0.626611 0.747901 0.872024 0.997981 1.12521 1.25352 1.38297 1.51367 1.64572 1.77903 1.9133 2.04809 2.18278 2.31669 2.44913 2.57945 2.70706 2.83147 2.95231 3.06928 3.18218 3.29087 3.39527 3.49536 3.59116 3.6827 3.77006 3.85333 3.93261 4.00801 4.07965 4.14766 4.21218 4.27334 4.33127 4.38611 4.438 4.48706 4.53342 4.57722 4.61858 4.65761 4.69444 4.72917 4.76192 4.79278 4.82186 4.84925 4.87504 4.89933 4.92219 4.9437 4.96394 4.98298 5.00089 5.01774 5.03357 5.04846 5.06246 5.07561 5.08798 5.09959 5.11061 5.12105 5.13087 5.14008 5.14874 5.15687 5.16451 5.17168 5.17842 5.18474 5.19068 5.19625 5.20148 5.2064 5.21101 5.21534 5.2194 5.22321 5.22679 5.23015 5.23331 5.23627 5.23905 5.24165 5.2441 5.24639 5.24855 5.25057 5.25247 5.25425 5.25706
 0 0 0 0 0 0 0 0 0 0 0 0 0 0 0 0 0 0 0 0 0 0 0 0 0 0 0 0 0 0 0 0 0 0 0 0 0 0 0 0 0 0 0 0 0 0 0 0 0 0 0 0 0 0 0 0 0 0 0 0 0 0 0 0 0 0 0 0 0 0 0 0 0 0 0 0 0 0 0 0 0 0 0 0 0 0 0 0 0 0 0 0 0 0 0 0 0 0 0 1 0
 #wt and selex for gender,fleet: 1 3
 0.0120836 0.0272138 0.0640694 0.117628 0.187293 0.27097 0.366162 0.470457 0.581735 0.698267 0.818794 0.942569 1.06929 1.1989 1.33142 1.4667 1.60439 1.74387 1.88437 2.02498 2.16484 2.30312 2.43909 2.57216 2.70186 2.82782 2.94977 3.06753 3.18098 3.29005 3.39472 3.49499 3.5909 3.68253 3.76995 3.85325 3.93255 4.00797 4.07962 4.14764 4.21217 4.27333 4.33126 4.38611 4.43799 4.48705 4.53342 4.57722 4.61858 4.65761 4.69444 4.72917 4.76192 4.79278 4.82186 4.84925 4.87504 4.89933 4.92219 4.9437 4.96394 4.98299 5.0009 5.01774 5.03358 5.04846 5.06246 5.07561 5.08798 5.09959 5.11061 5.12105 5.13087 5.14008 5.14874 5.15687 5.16451 5.17168 5.17842 5.18474 5.19068 5.19625 5.20148 5.2064 5.21101 5.21534 5.2194 5.22322 5.2268 5.23016 5.23331 5.23627 5.23905 5.24165 5.2441 5.2464 5.24855 5.25057 5.25247 5.25425 5.25706
 0 0 0 0 0 0 0 0 0 0 0 0 0 0 0 0 0 0 0 0 0 0 0 0 0 0 0 0 0 0 0 0 0 0 0 0 0 0 0 0 0 0 0 0 0 0 0 0 0 0 0 0 0 0 0 0 0 0 0 0 0 0 0 0 0 0 0 0 0 0 0 0 0 0 0 0 0 0 0 0 0 0 0 0 0 0 0 0 0 0 0 0 0 0 0 0 0 0 0 1 0
 #wt and selex for gender,fleet: 1 4
 0.0118979 0.0247627 0.057185 0.106176 0.17181 0.253039 0.348176 0.455264 0.57231 0.697415 0.828837 0.965021 1.1046 1.24636 1.38929 1.5325 1.67524 1.81689 1.95693 2.09495 2.2306 2.36361 2.49373 2.62077 2.74454 2.86489 2.98168 3.0948 3.20413 3.30961 3.41119 3.50882 3.6025 3.69225 3.77809 3.86008 3.93829 4.0128 4.0837 4.15109 4.2151 4.27583 4.3334 4.38795 4.43958 4.48843 4.53463 4.57828 4.61951 4.65843 4.69517 4.72982 4.7625 4.79331 4.82234 4.84968 4.87544 4.8997 4.92253 4.94401 4.96423 4.98326 5.00115 5.01798 5.0338 5.04868 5.06266 5.07581 5.08816 5.09977 5.11078 5.12122 5.13103 5.14024 5.1489 5.15703 5.16466 5.17183 5.17856 5.18488 5.19082 5.19639 5.20162 5.20653 5.21114 5.21547 5.21953 5.22334 5.22692 5.23028 5.23343 5.23639 5.23917 5.24178 5.24422 5.24652 5.24867 5.25069 5.25259 5.25437 5.25718
 0 0 0 0 0 0 0 0 0 0 0 0 0 0 0 0 0 0 0 0 0 0 0 0 0 0 0 0 0 0 0 0 0 0 0 0 0 0 0 0 0 0 0 0 0 0 0 0 0 0 0 0 0 0 0 0 0 0 0 0 0 0 0 0 0 0 0 0 0 0 0 0 0 0 0 0 0 0 0 0 0 0 0 0 0 0 0 0 0 0 0 0 0 0 0 0 0 0 0 1 0
 #wt and selex for gender,fleet: 1 5
 0.012108 0.0275831 0.0655945 0.121493 0.195061 0.28434 0.386784 0.499799 0.620999 0.748304 0.879966 1.01454 1.15085 1.28796 1.42517 1.56196 1.69797 1.83295 1.96673 2.09914 2.23004 2.35922 2.48646 2.6115 2.73406 2.85385 2.9706 3.08406 3.194 3.30026 3.40268 3.50119 3.59573 3.68629 3.77287 3.85554 3.93434 4.00937 4.08073 4.14852 4.21287 4.27389 4.33172 4.38648 4.43829 4.4873 4.53363 4.57739 4.61872 4.65774 4.69454 4.72926 4.76199 4.79285 4.82192 4.8493 4.87509 4.89937 4.92223 4.94374 4.96397 4.98301 5.00092 5.01776 5.0336 5.04848 5.06248 5.07563 5.08799 5.09961 5.11062 5.12107 5.13088 5.1401 5.14876 5.15689 5.16452 5.17169 5.17843 5.18475 5.19069 5.19626 5.2015 5.20641 5.21102 5.21535 5.21941 5.22323 5.22681 5.23017 5.23332 5.23628 5.23906 5.24166 5.24411 5.24641 5.24856 5.25058 5.25248 5.25426 5.25707
 0 0 0 0 0 0 0 0 0 0 0 0 0 0 0 0 0 0 0 0 0 0 0 0 0 0 0 0 0 0 0 0 0 0 0 0 0 0 0 0 0 0 0 0 0 0 0 0 0 0 0 0 0 0 0 0 0 0 0 0 0 0 0 0 0 0 0 0 0 0 0 0 0 0 0 0 0 0 0 0 0 0 0 0 0 0 0 0 0 0 0 0 0 0 0 0 0 0 0 1 0
 #wt and selex for gender,fleet: 1 6
 0.0132862 0.0389197 0.0896495 0.15716 0.237636 0.326199 0.419093 0.514089 0.610725 0.710105 0.814142 0.924667 1.04279 1.16865 1.30144 1.43977 1.58191 1.72618 1.87109 2.01538 2.15808 2.29844 2.43586 2.5699 2.70023 2.82658 2.94877 3.06667 3.18019 3.28929 3.39396 3.49423 3.59014 3.68175 3.76915 3.85244 3.93172 4.00712 4.07876 4.14677 4.21128 4.27243 4.33036 4.38519 4.43707 4.48612 4.53248 4.57627 4.61762 4.65665 4.69347 4.72819 4.76093 4.79179 4.82087 4.84825 4.87404 4.89833 4.92118 4.94269 4.96293 4.98197 4.99988 5.01672 5.03255 5.04744 5.06144 5.07459 5.08695 5.09856 5.10958 5.12002 5.12983 5.13904 5.14769 5.15582 5.16346 5.17062 5.17736 5.18368 5.18961 5.19518 5.20041 5.20532 5.20993 5.21426 5.21832 5.22214 5.22571 5.22907 5.23222 5.23518 5.23796 5.24057 5.24301 5.24531 5.24746 5.24948 5.25138 5.25316 5.25597
 0 0 0 0 0 0 0 0 0 0 0 0 0 0 0 0 0 0 0 0 0 0 0 0 0 0 0 0 0 0 0 0 0 0 0 0 0 0 0 0 0 0 0 0 0 0 0 0 0 0 0 0 0 0 0 0 0 0 0 0 0 0 0 0 0 0 0 0 0 0 0 0 0 0 0 0 0 0 0 0 0 0 0 0 0 0 0 0 0 0 0 0 0 0 0 0 0 0 0 1 0
 #wt and selex for gender,fleet: 1 7
 0.0117313 0.0224331 0.0524865 0.503733 0.525916 0.554363 0.589877 0.633003 0.685944 0.751336 0.83131 0.926802 1.03719 1.16043 1.2936 1.43358 1.57761 1.7235 1.86957 2.01465 2.15785 2.29851 2.43611 2.57027 2.70068 2.82709 2.94932 3.06726 3.18082 3.28995 3.39465 3.49495 3.59088 3.68251 3.76994 3.85324 3.93255 4.00796 4.07962 4.14764 4.21217 4.27333 4.33126 4.38611 4.43799 4.48705 4.53342 4.57722 4.61858 4.65761 4.69444 4.72917 4.76192 4.79278 4.82186 4.84925 4.87504 4.89933 4.92219 4.9437 4.96394 4.98299 5.0009 5.01774 5.03357 5.04846 5.06246 5.07561 5.08798 5.09959 5.11061 5.12105 5.13087 5.14008 5.14874 5.15687 5.16451 5.17168 5.17842 5.18474 5.19068 5.19625 5.20148 5.2064 5.21101 5.21534 5.2194 5.22322 5.2268 5.23016 5.23331 5.23627 5.23905 5.24165 5.2441 5.2464 5.24855 5.25057 5.25247 5.25425 5.25706
 0 0 0 0 0 0 0 0 0 0 0 0 0 0 0 0 0 0 0 0 0 0 0 0 0 0 0 0 0 0 0 0 0 0 0 0 0 0 0 0 0 0 0 0 0 0 0 0 0 0 0 0 0 0 0 0 0 0 0 0 0 0 0 0 0 0 0 0 0 0 0 0 0 0 0 0 0 0 0 0 0 0 0 0 0 0 0 0 0 0 0 0 0 0 0 0 0 0 0 1 0
# M and current age-structure in year Yinit: 2011
 # gender = 1
 0.0439034 0.0439034 0.0439034 0.0439034 0.0439034 0.0439034 0.0439034 0.0439034 0.0439034 0.0439034 0.0439034 0.0439034 0.0439034 0.0439034 0.0439034 0.0439034 0.0439034 0.0439034 0.0439034 0.0439034 0.0439034 0.0439034 0.0439034 0.0439034 0.0439034 0.0439034 0.0439034 0.0439034 0.0439034 0.0439034 0.0439034 0.0439034 0.0439034 0.0439034 0.0439034 0.0439034 0.0439034 0.0439034 0.0439034 0.0439034 0.0439034 0.0439034 0.0439034 0.0439034 0.0439034 0.0439034 0.0439034 0.0439034 0.0439034 0.0439034 0.0439034 0.0439034 0.0439034 0.0439034 0.0439034 0.0439034 0.0439034 0.0439034 0.0439034 0.0439034 0.0439034 0.0439034 0.0439034 0.0439034 0.0439034 0.0439034 0.0439034 0.0439034 0.0439034 0.0439034 0.0439034 0.0439034 0.0439034 0.0439034 0.0439034 0.0439034 0.0439034 0.0439034 0.0439034 0.0439034 0.0439034 0.0439034 0.0439034 0.0439034 0.0439034 0.0439034 0.0439034 0.0439034 0.0439034 0.0439034 0.0439034 0.0439034 0.0439034 0.0439034 0.0439034 0.0439034 0.0439034 0.0439034 0.0439034 0.0439034 0.0439034
 277.123 179.819 259.74 265.714 164.62 129.63 87.1857 75.9805 106.356 317.884 131.339 103.645 115.017 77.3373 50.6969 37.7271 37.6845 59.4472 96.8207 42.3765 29.9518 29.0733 34.0079 37.8532 33.9721 30.5052 36.6685 47.5039 36.1034 42.7049 31.0873 21.452 14.243 11.2697 11.809 11.4113 10.1363 6.58748 5.75595 7.76241 10.9562 7.3393 6.26189 4.44127 3.45108 2.74686 1.985 1.57629 1.46996 1.55142 1.7119 1.77512 1.66296 1.49444 1.35302 1.25306 1.19305 1.17142 1.19091 1.2561 1.35913 1.45615 1.46213 1.34168 1.1675 1.01167 0.89386 0.809964 0.751064 0.70792 0.67375 0.64364 0.614842 0.586359 0.558173 0.530885 0.505122 0.481448 0.460118 0.441178 0.424464 0.409678 0.39637 0.384106 0.372396 0.360808 0.34905 0.336991 0.324627 0.31208 0.299525 0.287124 0.275021 0.263349 0.252088 0.241123 0.230669 0.220702 0.211168 0.202067 4.46322
# Age-structure at Ydeclare= 2013
 122.761 134.108 253.826 164.698 237.887 243.334 150.723 118.643 79.75 69.4469 97.1289 290.076 119.77 94.4669 104.791 70.4407 46.1662 34.3501 34.3074 54.1154 88.1312 38.5715 27.2615 26.4611 30.9515 34.4504 30.9175 27.7616 33.3697 43.2291 32.8535 38.8597 28.2873 19.5193 12.9595 10.2538 10.7443 10.3823 9.22209 5.99324 5.23664 7.06195 9.96739 6.67681 5.69658 4.04026 3.13944 2.49879 1.80571 1.4339 1.33717 1.41126 1.55723 1.61474 1.5127 1.35941 1.23076 1.13983 1.08524 1.06557 1.08329 1.14259 1.23631 1.32456 1.33 1.22044 1.062 0.920249 0.813082 0.736767 0.683189 0.643944 0.612861 0.585472 0.559276 0.533367 0.507729 0.482906 0.459472 0.437937 0.418535 0.401307 0.386103 0.372654 0.360548 0.349393 0.338742 0.328201 0.317505 0.306536 0.295289 0.283877 0.272456 0.261176 0.250167 0.23955 0.229307 0.219333 0.209823 0.200757 4.43578
# Year for Tmin Age-structure (set to Ydecl by SS)
2013
#  recruitment and biomass
# Number of historical assessment years
129
# Historical data
# year recruitment spawner in B0 in R project in R/S project
1888  1889 1890 1891 1892 1893 1894 1895 1896 1897 1898 1899 1900 1901 1902 1903 1904 1905 1906 1907 1908 1909 1910 1911 1912 1913 1914 1915 1916 1917 1918 1919 1920 1921 1922 1923 1924 1925 1926 1927 1928 1929 1930 1931 1932 1933 1934 1935 1936 1937 1938 1939 1940 1941 1942 1943 1944 1945 1946 1947 1948 1949 1950 1951 1952 1953 1954 1955 1956 1957 1958 1959 1960 1961 1962 1963 1964 1965 1966 1967 1968 1969 1970 1971 1972 1973 1974 1975 1976 1977 1978 1979 1980 1981 1982 1983 1984 1985 1986 1987 1988 1989 1990 1991 1992 1993 1994 1995 1996 1997 1998 1999 2000 2001 2002 2003 2004 2005 2006 2007 2008 2009 2010 2011 2012 2013 2014 2015 2016 #years (with first value representing R0)
228.162 228.724 228.762 228.803 228.846 228.884 228.923 228.963 229.008 229.054 229.098 229.138 229.166 229.192 229.212 229.196 229.142 229.068 228.967 228.823 228.641 228.39 228.092 227.731 227.33 226.898 226.458 225.987 225.521 225.055 224.388 223.617 222.754 221.691 220.332 218.583 216.36 213.631 210.446 206.925 203.256 199.672 196.391 193.566 191.326 189.706 188.678 188.135 187.909 187.758 187.464 186.858 185.98 185.135 185.022 186.736 191.592 201.17 216.641 237.876 260.07 269.593 255.345 226.612 199.077 179.351 167.561 161.999 161.402 165.17 172.708 181.682 183.025 166.232 141.524 125.597 125.701 147.111 188.319 217.699 256.291 328.53 347.929 466.359 294.83 193.882 195.617 263.865 259.05 232.678 191.911 208.816 269.844 334.591 392.558 283.382 319.129 211.719 152.451 148.198 145.509 116.345 89.4581 83.7339 108.735 230.258 132.206 78.932 74.8344 95.5527 138.808 196.832 169.266 204.804 473.529 151.418 103.43 113.522 161.489 196.24 303.13 283.579 187.89 277.123 140.127 122.761 142.808 151.56 183.879  #recruits; first value is R0 (virgin)
2313.92  2313.92 2313.92 2313.88 2313.83 2312.91 2312 2311.07 2310.77 2310.61 2310.45 2310.29 2310.1 2309.9 2309.66 2309.41 2309.13 2308.82 2308.51 2308.19 2307.85 2307.26 2306.88 2306.49 2306.08 2305.66 2305.21 2304.75 2304.12 2303.61 2302.75 2297.78 2295.94 2294.3 2292.75 2291.72 2290.48 2288.09 2284.92 2280.08 2273.71 2267.46 2262.05 2255.89 2251.72 2247.81 2243.87 2238.82 2233.7 2226.59 2219.97 2212.67 2206.53 2197.97 2186.24 2173.62 2151.78 2128.37 2094.31 2062.77 2046.72 2028.71 2014.26 1998.49 1979.62 1963.04 1950.17 1935.04 1920.69 1906.18 1889.33 1873.71 1860.19 1848.99 1841.68 1833.32 1828.61 1827.07 1806.71 1801.23 1792.8 1784.14 1757.55 1740.41 1716.87 1686.89 1654 1617.45 1581.64 1540.36 1499.98 1434.5 1370.57 1321.57 1257.66 1151.42 1054.2 1001.71 925.074 882.312 831.636 786.14 727.778 688.354 624.866 567.338 512.932 485.659 458.267 427.32 392.213 384.681 367.925 376.395 383.406 400.245 417.523 435.334 453.081 471.456 488.919 507.272 525.83 546.388 568.164 591.185 616.063 642.802 670.092 #spbio; first value is SSB_virgin (virgin)
1 0 0 0 0 0 0 0 0 0 0 0 0 0 0 0 0 0 0 0 0 0 0 0 0 0 0 0 0 0 0 0 0 0 0 0 0 0 0 0 0 0 0 0 0 0 0 0 0 0 0 0 0 0 0 0 0 0 0 0 0 0 0 0 0 0 0 0 0 0 0 0 0 0 0 0 0 0 0 0 0 0 0 0 0 0 0 0 0 0 0 0 0 0 0 0 0 0 0 0 0 0 0 0 0 0 0 0 0 0 0 0 0 0 0 0 0 0 0 0 0 0 0 0 0 0 0 0 0  # in Bzero
0 1 1 1 1 1 1 1 1 1 1 1 1 1 1 1 1 1 1 1 1 1 1 1 1 1 1 1 1 1 1 1 1 1 1 1 1 1 1 1 1 1 1 1 1 1 1 1 1 1 1 1 1 1 1 1 1 1 1 1 1 1 1 1 1 1 1 1 1 1 1 1 1 1 1 1 1 1 1 1 1 1 1 1 1 1 1 1 1 1 1 1 1 1 1 1 1 1 1 1 1 1 1 1 1 1 1 1 1 1 1 1 1 1 1 1 1 1 1 1 1 1 1 1 1 1  0 0 0 # in R project
0 1 1 1 1 1 1 1 1 1 1 1 1 1 1 1 1 1 1 1 1 1 1 1 1 1 1 1 1 1 1 1 1 1 1 1 1 1 1 1 1 1 1 1 1 1 1 1 1 1 1 1 1 1 1 1 1 1 1 1 1 1 1 1 1 1 1 1 1 1 1 1 1 1 1 1 1 1 1 1 1 1 1 1 1 1 1 1 1 1 1 1 1 1 1 1 1 1 1 1 1 1 1 1 1 1 1 1 1 1 1 1 1 1 1 1 1 1 1 1 1 1 1 1 1 1  0 0 0 # in R/S project
# Number of years with pre-specified catches
0
# catches for years with pre-specified catches go next
# Number of future recruitments to override
-2
# Process for overiding (-1 for average otherwise index in data list)
# Which probability to product detailed results for (1=0.5; 2=0.6; etc.)
3
# Steepness sigma-R Auto-correlation
0.718 0.5 0
# Target SPR rate (FMSY Proxy); manually change to SPR_MSY if not using SPR_target
0.5
# Discount rate (for cumulative catch)
0.1
# Truncate the series when 0.4B0 is reached (1=Yes)
0
# Set F to FMSY once 0.4B0 is reached (1=Yes)
0
# Maximum possible F for projection (-1 to set to FMSY)
-1
# Defintion of recovery (1=now only;2=now or before)
2
# Projection type
4
# Definition of the 40-10 rule
10 40
# Calculate coefficients of variation (1=Yes)
0
# Number of replicates to use
10
# Random number seed
-99004
# File with multiple parameter vectors 
rebuild.SSO
# User-specific projection (1=Yes); Output replaced (1->9)
0  5
# Catches and Fs (Year; 1/2/3 (F or C or SPR); value); Final row is -1
2016 1 1
-1 -1 -1
# Fixed catch project (1=Yes); Output replaced (1->9); Approach (-1=Read in else 1-9)
0 2 -1
# Split of Fs
2011  0.000573111
 0
 0.180794
 0.00747573
 0.278494
 0.255927
 0.276736
-1  1 1 1 1 1 1 1 1 1 1 1 1
# Yrs to define T_target for projection type 4 (a.k.a. 5 pre-specified inputs)
2022 2023 2024 2025 2026 
# Year for probability of recovery
2026 2027 2028 2029 2030 2031 2032 2033
# Time varying weight-at-age (1=Yes;0=No)
0
# File with time series of weight-at-age data
none
# Use bisection (0) or linear interpolation (1)
1
# Target Depletion
0.4
# CV of implementation error
0
