#Title, #runnumber: 255 yelloweye_data.ss yelloweye_control.ss 5400.93 2263.4 657.077 StartTime: Thu Jun 15 14:31:21 2017
SSv3_default_rebuild.dat
# Number of sexes
1
# Age range to consider (minimum age; maximum age)
0 100
# Number of fleets
12
# First year of projection (Yinit)
2011
# First Year of rebuilding period (Ydecl)
2013
# Number of simulations
1000
# Maximum number of years
500
# Conduct projections with multiple starting values (0=No;else yes)
0
# Number of parameter vectors
1000
# Is the maximum age a plus-group (1=Yes;2=No)
1
# Generate future recruitments using historical recruitments (1)  historical recruits/spawner (2)  or a stock-recruitment (3)
3
# Constant fishing mortality (1) or constant Catch (2) projections
1
# Fishing mortality based on SPR (1) or actual rate (2)
1
# Pre-specify the year of recovery (or -1) to ignore
-1
# Fecundity-at-age
# 0 1 2 3 4 5 6 7 8 9 10 11 12 13 14 15 16 17 18 19 20 21 22 23 24 25 26 27 28 29 30 31 32 33 34 35 36 37 38 39 40 41 42 43 44 45 46 47 48 49 50 51 52 53 54 55 56 57 58 59 60 61 62 63 64 65 66 67 68 69 70 71 72 73 74 75 76 77 78 79 80 81 82 83 84 85 86 87 88 89 90 91 92 93 94 95 96 97 98 99 100 #runnumber: 255 yelloweye_data.ss yelloweye_control.ss 5400.93 2263.4 657.077
 0 0 6.4476e-008 7.57859e-007 6.26684e-006 3.97537e-005 0.00020149 0.000825834 0.00274268 0.00745414 0.0169398 0.0330784 0.0570273 0.0889064 0.127877 0.172472 0.220991 0.27181 0.323565 0.375224 0.426067 0.475639 0.523676 0.570049 0.61471 0.65766 0.698923 0.738536 0.776538 0.812967 0.847861 0.881256 0.913187 0.943688 0.972795 1.00055 1.02697 1.05212 1.07603 1.09874 1.12028 1.14071 1.16007 1.17839 1.19572 1.21211 1.2276 1.24222 1.25602 1.26904 1.28131 1.29287 1.30376 1.31402 1.32368 1.33276 1.3413 1.34934 1.35689 1.36398 1.37065 1.37692 1.3828 1.38832 1.3935 1.39837 1.40293 1.40722 1.41124 1.41501 1.41854 1.42194 1.42513 1.42812 1.43092 1.43354 1.43601 1.43831 1.44047 1.4425 1.4444 1.44618 1.44784 1.44941 1.45087 1.45224 1.45352 1.45472 1.45585 1.4569 1.45789 1.45881 1.45968 1.46049 1.46125 1.46196 1.46263 1.46325 1.46384 1.46438 1.46523 #female fecundity; weighted by N in year Y_init across morphs and areas
# Age specific selectivity and weight adjusted for discard and discard mortality
 #wt and selex for gender,fleet: 1 1
 0.0105798 0.020275 0.0594246 0.117953 0.195382 0.288386 0.393182 0.506413 0.625388 0.748109 0.873254 1.00015 1.12866 1.25903 1.39159 1.5266 1.66404 1.80361 1.94471 2.08652 2.22811 2.36855 2.50696 2.6426 2.77486 2.90327 3.02747 3.14723 3.2624 3.3729 3.47871 3.57984 3.67636 3.76832 3.85585 3.93906 4.01806 4.093 4.16403 4.23128 4.29492 4.35509 4.41193 4.46561 4.51627 4.56405 4.60909 4.65153 4.6915 4.72913 4.76455 4.79787 4.8292 4.85866 4.88635 4.91237 4.93681 4.95977 4.98133 5.00156 5.02056 5.03839 5.05511 5.07081 5.08552 5.09933 5.11228 5.12442 5.1358 5.14647 5.15656 5.16612 5.17507 5.18346 5.19133 5.1987 5.2056 5.21207 5.21813 5.2238 5.22912 5.2341 5.23877 5.24314 5.24723 5.25106 5.25465 5.25801 5.26116 5.26411 5.26687 5.26946 5.27188 5.27414 5.27627 5.27825 5.28011 5.28186 5.28349 5.28501 5.28739
 0 0 0 0 0 0 0 0 0 0 0 0 0 0 0 0 0 0 0 0 0 0 0 0 0 0 0 0 0 0 0 0 0 0 0 0 0 0 0 0 0 0 0 0 0 0 0 0 0 0 0 0 0 0 0 0 0 0 0 0 0 0 0 0 0 0 0 0 0 0 0 0 0 0 0 0 0 0 0 0 0 0 0 0 0 0 0 0 0 0 0 0 0 0 0 0 0 0 0 1 0
 #wt and selex for gender,fleet: 1 3
 0.0104912 0.0185164 0.0512889 0.10192 0.169874 0.252933 0.348292 0.453262 0.565558 0.683461 0.805928 0.932554 1.06334 1.19837 1.33753 1.48038 1.62612 1.77372 1.92202 2.0699 2.21633 2.36044 2.50153 2.63905 2.77258 2.90183 3.02657 3.14668 3.26207 3.3727 3.47859 3.57977 3.67631 3.7683 3.85584 3.93905 4.01805 4.093 4.16403 4.23128 4.29492 4.35509 4.41193 4.46561 4.51627 4.56405 4.60909 4.65153 4.6915 4.72913 4.76455 4.79786 4.8292 4.85866 4.88635 4.91237 4.93681 4.95977 4.98133 5.00156 5.02056 5.03839 5.05511 5.0708 5.08552 5.09933 5.11228 5.12442 5.1358 5.14647 5.15656 5.16612 5.17507 5.18346 5.19133 5.1987 5.2056 5.21207 5.21813 5.2238 5.22912 5.2341 5.23877 5.24314 5.24723 5.25106 5.25465 5.25801 5.26116 5.26411 5.26687 5.26946 5.27188 5.27414 5.27627 5.27825 5.28011 5.28186 5.28349 5.28501 5.28739
 0 0 0 0 0 0 0 0 0 0 0 0 0 0 0 0 0 0 0 0 0 0 0 0 0 0 0 0 0 0 0 0 0 0 0 0 0 0 0 0 0 0 0 0 0 0 0 0 0 0 0 0 0 0 0 0 0 0 0 0 0 0 0 0 0 0 0 0 0 0 0 0 0 0 0 0 0 0 0 0 0 0 0 0 0 0 0 0 0 0 0 0 0 0 0 0 0 0 0 1 0
 #wt and selex for gender,fleet: 1 4
 0.01046 0.0178946 0.0483387 0.0969404 0.163717 0.247201 0.345109 0.454954 0.57436 0.701203 0.83365 0.970164 1.10949 1.25066 1.39292 1.53573 1.67868 1.82143 1.96364 2.10494 2.24493 2.38315 2.51914 2.65241 2.78255 2.90914 3.03188 3.15048 3.26477 3.37461 3.47993 3.58071 3.67697 3.76876 3.85616 3.93928 4.01822 4.09312 4.16411 4.23134 4.29496 4.35512 4.41196 4.46563 4.51628 4.56406 4.60909 4.65153 4.6915 4.72913 4.76455 4.79787 4.8292 4.85866 4.88635 4.91237 4.93681 4.95977 4.98133 5.00157 5.02056 5.03839 5.05511 5.07081 5.08553 5.09933 5.11228 5.12442 5.1358 5.14647 5.15656 5.16612 5.17507 5.18346 5.19133 5.1987 5.2056 5.21207 5.21813 5.2238 5.22912 5.2341 5.23877 5.24314 5.24723 5.25106 5.25465 5.25801 5.26116 5.26411 5.26687 5.26946 5.27188 5.27414 5.27627 5.27825 5.28011 5.28186 5.28349 5.28501 5.28739
 0 0 0 0 0 0 0 0 0 0 0 0 0 0 0 0 0 0 0 0 0 0 0 0 0 0 0 0 0 0 0 0 0 0 0 0 0 0 0 0 0 0 0 0 0 0 0 0 0 0 0 0 0 0 0 0 0 0 0 0 0 0 0 0 0 0 0 0 0 0 0 0 0 0 0 0 0 0 0 0 0 0 0 0 0 0 0 0 0 0 0 0 0 0 0 0 0 0 0 1 0
 #wt and selex for gender,fleet: 1 5
 0.0105117 0.0189442 0.0538299 0.108202 0.182118 0.273417 0.379068 0.496 0.621453 0.753095 0.889023 1.02772 1.16799 1.30893 1.44988 1.59041 1.7302 1.86907 2.00685 2.14338 2.27848 2.41189 2.5433 2.6724 2.79881 2.92218 3.0422 3.15856 3.27104 3.37943 3.48361 3.58351 3.67909 3.77037 3.85738 3.94019 4.01891 4.09364 4.16451 4.23165 4.2952 4.3553 4.4121 4.46574 4.51637 4.56413 4.60915 4.65158 4.69154 4.72917 4.76458 4.79789 4.82922 4.85868 4.88637 4.91238 4.93682 4.95978 4.98134 5.00157 5.02057 5.03839 5.05512 5.07081 5.08553 5.09933 5.11228 5.12442 5.1358 5.14647 5.15657 5.16612 5.17508 5.18347 5.19133 5.1987 5.2056 5.21207 5.21813 5.22381 5.22912 5.2341 5.23877 5.24314 5.24723 5.25107 5.25465 5.25802 5.26116 5.26411 5.26687 5.26946 5.27188 5.27415 5.27627 5.27826 5.28012 5.28186 5.28349 5.28502 5.28739
 0 0 0 0 0 0 0 0 0 0 0 0 0 0 0 0 0 0 0 0 0 0 0 0 0 0 0 0 0 0 0 0 0 0 0 0 0 0 0 0 0 0 0 0 0 0 0 0 0 0 0 0 0 0 0 0 0 0 0 0 0 0 0 0 0 0 0 0 0 0 0 0 0 0 0 0 0 0 0 0 0 0 0 0 0 0 0 0 0 0 0 0 0 0 0 0 0 0 0 1 0
 #wt and selex for gender,fleet: 1 6
 0.0108838 0.02558 0.075274 0.142496 0.224644 0.315845 0.411587 0.509295 0.608513 0.710572 0.817659 0.931818 1.05426 1.1851 1.3234 1.46756 1.61567 1.76582 1.91639 2.06604 2.21374 2.35869 2.5003 2.63812 2.77182 2.90115 3.02593 3.14604 3.26142 3.37203 3.4779 3.57906 3.67559 3.76756 3.85508 3.93827 4.01727 4.0922 4.16322 4.23046 4.29409 4.35425 4.41109 4.46476 4.51541 4.56318 4.60821 4.65065 4.69062 4.72825 4.76366 4.79697 4.82831 4.85776 4.88545 4.91147 4.93591 4.95887 4.98042 5.00066 5.01965 5.03748 5.0542 5.06989 5.08461 5.09842 5.11136 5.1235 5.13488 5.14555 5.15564 5.1652 5.17415 5.18253 5.19039 5.19776 5.20466 5.21113 5.21718 5.22286 5.22817 5.23315 5.23782 5.24219 5.24628 5.25011 5.2537 5.25706 5.2602 5.26315 5.26591 5.26849 5.27091 5.27318 5.2753 5.27729 5.27915 5.28089 5.28252 5.28405 5.28642
 0 0 0 0 0 0 0 0 0 0 0 0 0 0 0 0 0 0 0 0 0 0 0 0 0 0 0 0 0 0 0 0 0 0 0 0 0 0 0 0 0 0 0 0 0 0 0 0 0 0 0 0 0 0 0 0 0 0 0 0 0 0 0 0 0 0 0 0 0 0 0 0 0 0 0 0 0 0 0 0 0 0 0 0 0 0 0 0 0 0 0 0 0 0 0 0 0 0 0 1 0
 #wt and selex for gender,fleet: 1 7
 0.0103879 0.0164336 0.0403874 0.498817 0.524778 0.553199 0.589183 0.633014 0.686957 0.753825 0.835968 0.93452 1.04894 1.1771 1.31583 1.46173 1.61175 1.76349 1.91517 2.06554 2.21366 2.35886 2.50062 2.63854 2.7723 2.90167 3.02649 3.14663 3.26204 3.37269 3.47858 3.57977 3.67631 3.7683 3.85584 3.93904 4.01805 4.093 4.16403 4.23128 4.29492 4.35509 4.41193 4.46561 4.51627 4.56404 4.60909 4.65153 4.6915 4.72913 4.76455 4.79786 4.8292 4.85866 4.88635 4.91237 4.93681 4.95977 4.98133 5.00156 5.02056 5.03839 5.05511 5.0708 5.08552 5.09933 5.11228 5.12442 5.1358 5.14647 5.15656 5.16612 5.17507 5.18346 5.19133 5.1987 5.2056 5.21207 5.21813 5.2238 5.22912 5.2341 5.23877 5.24314 5.24723 5.25106 5.25465 5.25801 5.26116 5.26411 5.26687 5.26946 5.27188 5.27414 5.27627 5.27825 5.28011 5.28186 5.28349 5.28501 5.28739
 0 0 0 0 0 0 0 0 0 0 0 0 0 0 0 0 0 0 0 0 0 0 0 0 0 0 0 0 0 0 0 0 0 0 0 0 0 0 0 0 0 0 0 0 0 0 0 0 0 0 0 0 0 0 0 0 0 0 0 0 0 0 0 0 0 0 0 0 0 0 0 0 0 0 0 0 0 0 0 0 0 0 0 0 0 0 0 0 0 0 0 0 0 0 0 0 0 0 0 1 0
# M and current age-structure in year Yinit: 2011
 # gender = 1
 0.0439034 0.0439034 0.0439034 0.0439034 0.0439034 0.0439034 0.0439034 0.0439034 0.0439034 0.0439034 0.0439034 0.0439034 0.0439034 0.0439034 0.0439034 0.0439034 0.0439034 0.0439034 0.0439034 0.0439034 0.0439034 0.0439034 0.0439034 0.0439034 0.0439034 0.0439034 0.0439034 0.0439034 0.0439034 0.0439034 0.0439034 0.0439034 0.0439034 0.0439034 0.0439034 0.0439034 0.0439034 0.0439034 0.0439034 0.0439034 0.0439034 0.0439034 0.0439034 0.0439034 0.0439034 0.0439034 0.0439034 0.0439034 0.0439034 0.0439034 0.0439034 0.0439034 0.0439034 0.0439034 0.0439034 0.0439034 0.0439034 0.0439034 0.0439034 0.0439034 0.0439034 0.0439034 0.0439034 0.0439034 0.0439034 0.0439034 0.0439034 0.0439034 0.0439034 0.0439034 0.0439034 0.0439034 0.0439034 0.0439034 0.0439034 0.0439034 0.0439034 0.0439034 0.0439034 0.0439034 0.0439034 0.0439034 0.0439034 0.0439034 0.0439034 0.0439034 0.0439034 0.0439034 0.0439034 0.0439034 0.0439034 0.0439034 0.0439034 0.0439034 0.0439034 0.0439034 0.0439034 0.0439034 0.0439034 0.0439034 0.0439034
 221.195 227.849 201.486 274.989 179.361 134.064 99.5771 73.2112 147.27 309.992 103.363 74.375 147.26 69.3013 40.4307 32.5566 32.2933 69.7927 85.1958 30.6177 23.4094 25.4308 28.8046 29.9186 30.8139 30.4614 35.6861 43.0333 32.1174 44.7067 24.9488 16.4324 12.015 9.12951 9.5331 8.95037 9.08559 6.01282 5.62656 6.83895 11.2528 6.54032 4.77857 3.40126 2.54857 2.04443 1.55937 1.26838 1.19617 1.2732 1.42009 1.50573 1.4267 1.255 1.09098 0.973432 0.909479 0.894906 0.925391 0.999773 1.11233 1.2351 1.30044 1.2454 1.10487 0.957299 0.836885 0.746536 0.680104 0.629978 0.590957 0.559525 0.533516 0.511258 0.490973 0.471101 0.450582 0.42927 0.407692 0.386745 0.367224 0.349609 0.333977 0.320216 0.307997 0.296926 0.286651 0.276876 0.267367 0.257977 0.248622 0.239262 0.22991 0.22064 0.211448 0.202291 0.193408 0.18484 0.176611 0.16874 3.74895
# Age-structure at Ydeclare= 2013
 119.858 109.395 202.599 208.69 184.534 251.825 164.216 122.695 91.0741 66.9023 134.452 282.764 94.2151 67.7544 134.096 63.0877 36.7979 29.6267 29.384 63.5001 77.51 27.8545 21.2961 23.1345 26.2032 27.216 28.0298 27.7085 32.4602 39.142 29.2121 40.6611 22.6903 14.9442 10.9264 8.30213 8.66887 8.13875 8.26149 5.46729 5.11593 6.21811 10.231 5.94626 4.34442 3.09216 2.31691 1.85856 1.41757 1.15302 1.08736 1.15737 1.29088 1.36872 1.29687 1.14079 0.991694 0.884837 0.826702 0.813453 0.841162 0.908772 1.01108 1.12267 1.18207 1.13204 1.00429 0.870154 0.760701 0.678576 0.618191 0.572628 0.537158 0.508587 0.484946 0.464714 0.446275 0.428212 0.409561 0.390189 0.370576 0.351536 0.333793 0.317781 0.303573 0.291065 0.279958 0.269895 0.260555 0.251671 0.243027 0.234493 0.225989 0.217481 0.208981 0.200554 0.192199 0.183876 0.175802 0.168014 3.72161
# Year for Tmin Age-structure (set to Ydecl by SS)
2013
#  recruitment and biomass
# Number of historical assessment years
129
# Historical data
# year recruitment spawner in B0 in R project in R/S project
1888  1889 1890 1891 1892 1893 1894 1895 1896 1897 1898 1899 1900 1901 1902 1903 1904 1905 1906 1907 1908 1909 1910 1911 1912 1913 1914 1915 1916 1917 1918 1919 1920 1921 1922 1923 1924 1925 1926 1927 1928 1929 1930 1931 1932 1933 1934 1935 1936 1937 1938 1939 1940 1941 1942 1943 1944 1945 1946 1947 1948 1949 1950 1951 1952 1953 1954 1955 1956 1957 1958 1959 1960 1961 1962 1963 1964 1965 1966 1967 1968 1969 1970 1971 1972 1973 1974 1975 1976 1977 1978 1979 1980 1981 1982 1983 1984 1985 1986 1987 1988 1989 1990 1991 1992 1993 1994 1995 1996 1997 1998 1999 2000 2001 2002 2003 2004 2005 2006 2007 2008 2009 2010 2011 2012 2013 2014 2015 2016 #years (with first value representing R0)
217.523 214.874 214.791 214.707 214.62 214.524 214.426 214.325 214.229 214.131 214.032 213.932 213.827 213.724 213.623 213.511 213.4 213.294 213.192 213.105 213.027 212.953 212.887 212.828 212.77 212.694 212.58 212.387 212.08 211.614 210.762 209.602 208.162 206.407 204.351 202.05 199.58 197.043 194.585 192.356 190.514 189.207 188.513 188.377 188.656 189.039 189.139 188.604 187.312 185.432 183.443 181.906 181.339 182.115 184.659 189.663 198.103 211.334 230.051 252.661 270.983 269.195 243.197 208.307 178.037 156.673 144.014 139.072 141.38 150.411 164.114 176.777 176.542 157.284 132.918 117.387 116.611 133.743 162.78 187.295 229.236 293.31 362.985 560.533 303.514 220.868 207.326 273.401 233.663 214.77 176.633 198.727 231.346 297.813 451.112 273.638 310.106 218.49 159.688 139.636 118.455 100.753 79.4987 66.153 79.1151 203.52 155.671 67.7936 64.703 76.3334 124.564 252.299 121.567 161.273 461.94 209.707 99.6698 129.662 167.016 213.815 313.712 219.979 238.076 221.195 114.305 119.858 123.659 142.022 173.164  #recruits; first value is R0 (virgin)
2263.4  2263.4 2263.39 2263.38 2263.36 2262.49 2261.65 2260.81 2260.62 2260.59 2260.55 2260.53 2260.46 2260.34 2260.16 2259.91 2259.58 2259.15 2258.66 2258.1 2257.46 2256.53 2255.76 2254.93 2254.04 2253.1 2252.1 2251.06 2249.83 2248.18 2246.16 2239.98 2236.92 2234.08 2231.33 2229.12 2226.73 2223.21 2218.95 2213.05 2205.68 2198.46 2192.14 2185.1 2180.08 2175.34 2170.55 2164.64 2158.64 2150.62 2143.1 2134.93 2128 2118.76 2106.5 2093.57 2071.63 2048.42 2014.82 1983.98 1968.92 1952.55 1939.74 1925.57 1908.42 1893.9 1883.13 1870.48 1858.79 1847.28 1833.7 1821.69 1811.86 1804.28 1800.3 1794.87 1792.71 1793.04 1773.93 1769.08 1760.77 1751.92 1724.77 1706.91 1682.52 1651.55 1617.59 1579.9 1542.87 1500.29 1458.6 1391.76 1327.82 1278.55 1214.83 1109.69 1014.18 963.196 888.279 846.727 799.512 756.716 702.212 663.583 599.413 541.355 486.645 459.01 431.332 399.62 363.457 354.875 336.684 343.798 349.321 364.77 380.602 396.965 413.29 430.33 446.58 463.938 481.733 501.795 523.324 546.353 571.505 598.826 627.064 #spbio; first value is SSB_virgin (virgin)
1 0 0 0 0 0 0 0 0 0 0 0 0 0 0 0 0 0 0 0 0 0 0 0 0 0 0 0 0 0 0 0 0 0 0 0 0 0 0 0 0 0 0 0 0 0 0 0 0 0 0 0 0 0 0 0 0 0 0 0 0 0 0 0 0 0 0 0 0 0 0 0 0 0 0 0 0 0 0 0 0 0 0 0 0 0 0 0 0 0 0 0 0 0 0 0 0 0 0 0 0 0 0 0 0 0 0 0 0 0 0 0 0 0 0 0 0 0 0 0 0 0 0 0 0 0 0 0 0  # in Bzero
0 1 1 1 1 1 1 1 1 1 1 1 1 1 1 1 1 1 1 1 1 1 1 1 1 1 1 1 1 1 1 1 1 1 1 1 1 1 1 1 1 1 1 1 1 1 1 1 1 1 1 1 1 1 1 1 1 1 1 1 1 1 1 1 1 1 1 1 1 1 1 1 1 1 1 1 1 1 1 1 1 1 1 1 1 1 1 1 1 1 1 1 1 1 1 1 1 1 1 1 1 1 1 1 1 1 1 1 1 1 1 1 1 1 1 1 1 1 1 1 1 1 1 1 1 1  0 0 0 # in R project
0 1 1 1 1 1 1 1 1 1 1 1 1 1 1 1 1 1 1 1 1 1 1 1 1 1 1 1 1 1 1 1 1 1 1 1 1 1 1 1 1 1 1 1 1 1 1 1 1 1 1 1 1 1 1 1 1 1 1 1 1 1 1 1 1 1 1 1 1 1 1 1 1 1 1 1 1 1 1 1 1 1 1 1 1 1 1 1 1 1 1 1 1 1 1 1 1 1 1 1 1 1 1 1 1 1 1 1 1 1 1 1 1 1 1 1 1 1 1 1 1 1 1 1 1 1  0 0 0 # in R/S project
# Number of years with pre-specified catches
0
# catches for years with pre-specified catches go next
# Number of future recruitments to override
-2
# Process for overiding (-1 for average otherwise index in data list)
# Which probability to product detailed results for (1=0.5; 2=0.6; etc.)
3
# Steepness sigma-R Auto-correlation
0.718 0.5 0
# Target SPR rate (FMSY Proxy); manually change to SPR_MSY if not using SPR_target
0.5
# Discount rate (for cumulative catch)
0.1
# Truncate the series when 0.4B0 is reached (1=Yes)
0
# Set F to FMSY once 0.4B0 is reached (1=Yes)
0
# Maximum possible F for projection (-1 to set to FMSY)
-1
# Defintion of recovery (1=now only;2=now or before)
2
# Projection type
4
# Definition of the 40-10 rule
10 40
# Calculate coefficients of variation (1=Yes)
0
# Number of replicates to use
10
# Random number seed
-99004
# File with multiple parameter vectors 
rebuild.SSO
# User-specific projection (1=Yes); Output replaced (1->9)
0  5
# Catches and Fs (Year; 1/2/3 (F or C or SPR); value); Final row is -1
2016 1 1
-1 -1 -1
# Fixed catch project (1=Yes); Output replaced (1->9); Approach (-1=Read in else 1-9)
0 2 -1
# Split of Fs
2011  0.00051918
 0
 0.163454
 0.00731264
 0.287659
 0.263012
 0.278043
-1  1 1 1 1 1 1 1 1 1 1 1 1
# Yrs to define T_target for projection type 4 (a.k.a. 5 pre-specified inputs)
2022 2023 2024 2025 2026 
# Year for probability of recovery
2026 2027 2028 2029 2030 2031 2032 2033
# Time varying weight-at-age (1=Yes;0=No)
0
# File with time series of weight-at-age data
none
# Use bisection (0) or linear interpolation (1)
1
# Target Depletion
0.4
# CV of implementation error
0
