#Title, #runnumber: 255 yelloweye_data.ss yelloweye_control.ss 5594.75 2259.91 657.984 StartTime: Thu Jun 15 15:15:50 2017
SSv3_default_rebuild.dat
# Number of sexes
1
# Age range to consider (minimum age; maximum age)
0 100
# Number of fleets
12
# First year of projection (Yinit)
2011
# First Year of rebuilding period (Ydecl)
2013
# Number of simulations
1000
# Maximum number of years
500
# Conduct projections with multiple starting values (0=No;else yes)
0
# Number of parameter vectors
1000
# Is the maximum age a plus-group (1=Yes;2=No)
1
# Generate future recruitments using historical recruitments (1)  historical recruits/spawner (2)  or a stock-recruitment (3)
3
# Constant fishing mortality (1) or constant Catch (2) projections
1
# Fishing mortality based on SPR (1) or actual rate (2)
1
# Pre-specify the year of recovery (or -1) to ignore
-1
# Fecundity-at-age
# 0 1 2 3 4 5 6 7 8 9 10 11 12 13 14 15 16 17 18 19 20 21 22 23 24 25 26 27 28 29 30 31 32 33 34 35 36 37 38 39 40 41 42 43 44 45 46 47 48 49 50 51 52 53 54 55 56 57 58 59 60 61 62 63 64 65 66 67 68 69 70 71 72 73 74 75 76 77 78 79 80 81 82 83 84 85 86 87 88 89 90 91 92 93 94 95 96 97 98 99 100 #runnumber: 255 yelloweye_data.ss yelloweye_control.ss 5594.75 2259.91 657.984
 0 0 7.19872e-008 8.27424e-007 6.73466e-006 4.22068e-005 0.000211767 0.000860042 0.00283245 0.00764168 0.0172594 0.0335357 0.0575904 0.0895139 0.128456 0.172956 0.221331 0.271979 0.323555 0.375042 0.42573 0.475165 0.523084 0.569357 0.613933 0.656811 0.698014 0.737575 0.775532 0.811924 0.846786 0.880154 0.912064 0.942549 0.971645 0.999389 1.02582 1.05097 1.07488 1.09759 1.11915 1.13959 1.15897 1.17731 1.19467 1.21108 1.22659 1.24124 1.25506 1.26811 1.28041 1.292 1.30292 1.31321 1.32289 1.33201 1.34058 1.34864 1.35622 1.36335 1.37005 1.37634 1.38225 1.38779 1.393 1.39789 1.40248 1.40679 1.41083 1.41463 1.41818 1.4216 1.42481 1.42782 1.43064 1.43329 1.43577 1.43809 1.44027 1.44231 1.44423 1.44602 1.4477 1.44928 1.45075 1.45213 1.45343 1.45464 1.45578 1.45684 1.45784 1.45878 1.45965 1.46047 1.46124 1.46196 1.46263 1.46326 1.46385 1.4644 1.46527 #female fecundity; weighted by N in year Y_init across morphs and areas
# Age specific selectivity and weight adjusted for discard and discard mortality
 #wt and selex for gender,fleet: 1 1
 0.0107492 0.0210667 0.0597696 0.117819 0.194814 0.287714 0.392941 0.507225 0.627865 0.752768 0.880421 1.00986 1.14063 1.27265 1.40606 1.54104 1.67765 1.81575 1.95495 2.09467 2.23419 2.3727 2.50942 2.64365 2.77475 2.90224 3.02573 3.14495 3.2597 3.36988 3.47544 3.57639 3.67277 3.76464 3.85209 3.93525 4.01423 4.08916 4.16019 4.22747 4.29114 4.35134 4.40824 4.46198 4.5127 4.56054 4.60566 4.64818 4.68823 4.72594 4.76145 4.79485 4.82627 4.85582 4.8836 4.90971 4.93423 4.95728 4.97892 4.99924 5.01831 5.03622 5.05303 5.06879 5.08359 5.09747 5.11048 5.12269 5.13414 5.14487 5.15503 5.16464 5.17366 5.18211 5.19003 5.19745 5.2044 5.21092 5.21703 5.22275 5.22811 5.23313 5.23784 5.24225 5.24637 5.25024 5.25387 5.25726 5.26044 5.26341 5.2662 5.26881 5.27126 5.27355 5.27569 5.2777 5.27958 5.28135 5.283 5.28454 5.28695
 0 0 0 0 0 0 0 0 0 0 0 0 0 0 0 0 0 0 0 0 0 0 0 0 0 0 0 0 0 0 0 0 0 0 0 0 0 0 0 0 0 0 0 0 0 0 0 0 0 0 0 0 0 0 0 0 0 0 0 0 0 0 0 0 0 0 0 0 0 0 0 0 0 0 0 0 0 0 0 0 0 0 0 0 0 0 0 0 0 0 0 0 0 0 0 0 0 0 0 1 0
 #wt and selex for gender,fleet: 1 3
 0.0106755 0.0196947 0.0538612 0.106123 0.176007 0.26121 0.358845 0.46614 0.580717 0.700704 0.824815 0.952355 1.08311 1.21709 1.35433 1.49464 1.63755 1.78234 1.92808 2.07377 2.21842 2.36114 2.50116 2.63787 2.77079 2.89957 3.02396 3.14378 3.25893 3.36938 3.47512 3.57619 3.67263 3.76455 3.85204 3.93521 4.0142 4.08915 4.16018 4.22746 4.29113 4.35134 4.40824 4.46198 4.5127 4.56054 4.60566 4.64818 4.68823 4.72594 4.76145 4.79485 4.82627 4.85582 4.8836 4.90971 4.93423 4.95728 4.97892 4.99924 5.01831 5.03622 5.05303 5.06879 5.08359 5.09746 5.11048 5.12269 5.13414 5.14487 5.15503 5.16464 5.17366 5.18211 5.19003 5.19745 5.2044 5.21092 5.21703 5.22275 5.22811 5.23313 5.23784 5.24225 5.24637 5.25024 5.25386 5.25726 5.26044 5.26341 5.2662 5.26881 5.27126 5.27355 5.27569 5.2777 5.27958 5.28135 5.28299 5.28454 5.28695
 0 0 0 0 0 0 0 0 0 0 0 0 0 0 0 0 0 0 0 0 0 0 0 0 0 0 0 0 0 0 0 0 0 0 0 0 0 0 0 0 0 0 0 0 0 0 0 0 0 0 0 0 0 0 0 0 0 0 0 0 0 0 0 0 0 0 0 0 0 0 0 0 0 0 0 0 0 0 0 0 0 0 0 0 0 0 0 0 0 0 0 0 0 0 0 0 0 0 0 1 0
 #wt and selex for gender,fleet: 1 4
 0.0106169 0.0185951 0.0489218 0.0972237 0.163602 0.246746 0.344538 0.454609 0.574641 0.702517 0.836371 0.9746 1.11585 1.25899 1.40312 1.54751 1.6916 1.83495 1.97718 2.11796 2.25695 2.39382 2.52823 2.65984 2.78831 2.91333 3.03463 3.15197 3.26517 3.3741 3.47868 3.57885 3.67463 3.76605 3.85316 3.93606 4.01484 4.08963 4.16055 4.22774 4.29135 4.35151 4.40837 4.46208 4.51278 4.56061 4.60571 4.64822 4.68826 4.72597 4.76147 4.79487 4.82629 4.85584 4.88361 4.90972 4.93424 4.95729 4.97893 4.99924 5.01832 5.03623 5.05303 5.0688 5.08359 5.09747 5.11048 5.12269 5.13414 5.14487 5.15503 5.16465 5.17366 5.18211 5.19003 5.19745 5.20441 5.21092 5.21703 5.22275 5.22811 5.23313 5.23784 5.24225 5.24638 5.25024 5.25387 5.25726 5.26044 5.26342 5.2662 5.26882 5.27126 5.27355 5.2757 5.2777 5.27959 5.28135 5.283 5.28454 5.28695
 0 0 0 0 0 0 0 0 0 0 0 0 0 0 0 0 0 0 0 0 0 0 0 0 0 0 0 0 0 0 0 0 0 0 0 0 0 0 0 0 0 0 0 0 0 0 0 0 0 0 0 0 0 0 0 0 0 0 0 0 0 0 0 0 0 0 0 0 0 0 0 0 0 0 0 0 0 0 0 0 0 0 0 0 0 0 0 0 0 0 0 0 0 0 0 0 0 0 0 1 0
 #wt and selex for gender,fleet: 1 5
 0.0106876 0.0199402 0.0553463 0.110123 0.184301 0.275731 0.381426 0.498361 0.623808 0.755454 0.891402 1.03013 1.17045 1.31143 1.45241 1.59292 1.73265 1.87138 2.00895 2.14519 2.27993 2.41291 2.54387 2.67247 2.79839 2.92128 3.04084 3.15678 3.26887 3.37694 3.48083 3.58049 3.67588 3.76699 3.85388 3.9366 4.01525 4.08995 4.16079 4.22793 4.29149 4.35162 4.40846 4.46215 4.51283 4.56065 4.60575 4.64825 4.68829 4.72599 4.76149 4.79489 4.8263 4.85585 4.88362 4.90972 4.93425 4.95729 4.97893 4.99925 5.01832 5.03623 5.05303 5.0688 5.08359 5.09747 5.11049 5.12269 5.13414 5.14487 5.15503 5.16465 5.17366 5.18211 5.19003 5.19745 5.20441 5.21092 5.21703 5.22275 5.22811 5.23314 5.23784 5.24225 5.24638 5.25025 5.25387 5.25726 5.26044 5.26342 5.2662 5.26882 5.27126 5.27355 5.2757 5.27771 5.27959 5.28135 5.283 5.28454 5.28695
 0 0 0 0 0 0 0 0 0 0 0 0 0 0 0 0 0 0 0 0 0 0 0 0 0 0 0 0 0 0 0 0 0 0 0 0 0 0 0 0 0 0 0 0 0 0 0 0 0 0 0 0 0 0 0 0 0 0 0 0 0 0 0 0 0 0 0 0 0 0 0 0 0 0 0 0 0 0 0 0 0 0 0 0 0 0 0 0 0 0 0 0 0 0 0 0 0 0 0 1 0
 #wt and selex for gender,fleet: 1 6
 0.0111404 0.0273302 0.0774826 0.145251 0.227764 0.319211 0.415145 0.513018 0.612368 0.714489 0.821524 0.935481 1.05757 1.18791 1.32564 1.46919 1.61668 1.76627 1.91632 2.06549 2.21276 2.35733 2.49859 2.63609 2.7695 2.89857 3.02311 3.14301 3.25821 3.36867 3.47441 3.57546 3.67189 3.76379 3.85127 3.93443 4.0134 4.08833 4.15936 4.22663 4.29029 4.35049 4.40738 4.46111 4.51182 4.55966 4.60477 4.64728 4.68733 4.72504 4.76054 4.79394 4.82536 4.85491 4.88268 4.90878 4.93331 4.95635 4.97799 4.99831 5.01738 5.03529 5.05209 5.06786 5.08265 5.09653 5.10954 5.12175 5.1332 5.14393 5.15409 5.1637 5.17271 5.18116 5.18907 5.19649 5.20344 5.20996 5.21606 5.22178 5.22714 5.23216 5.23686 5.24127 5.2454 5.24926 5.25288 5.25628 5.25945 5.26243 5.26522 5.26783 5.27027 5.27256 5.27471 5.27671 5.27859 5.28035 5.282 5.28355 5.28595
 0 0 0 0 0 0 0 0 0 0 0 0 0 0 0 0 0 0 0 0 0 0 0 0 0 0 0 0 0 0 0 0 0 0 0 0 0 0 0 0 0 0 0 0 0 0 0 0 0 0 0 0 0 0 0 0 0 0 0 0 0 0 0 0 0 0 0 0 0 0 0 0 0 0 0 0 0 0 0 0 0 0 0 0 0 0 0 0 0 0 0 0 0 0 0 0 0 0 0 1 0
 #wt and selex for gender,fleet: 1 7
 0.0105399 0.0171253 0.0417505 0.500596 0.525602 0.554557 0.590861 0.634952 0.689142 0.756224 0.838496 0.937037 1.05129 1.17912 1.31743 1.46286 1.6124 1.76368 1.91493 2.06488 2.21262 2.35746 2.49889 2.6365 2.76998 2.89909 3.02368 3.14362 3.25884 3.36933 3.47509 3.57617 3.67262 3.76454 3.85203 3.93521 4.0142 4.08915 4.16018 4.22746 4.29113 4.35134 4.40824 4.46198 4.5127 4.56054 4.60566 4.64818 4.68823 4.72594 4.76145 4.79485 4.82627 4.85582 4.8836 4.9097 4.93423 4.95728 4.97892 4.99924 5.01831 5.03622 5.05303 5.06879 5.08359 5.09746 5.11048 5.12269 5.13414 5.14487 5.15503 5.16464 5.17366 5.18211 5.19003 5.19745 5.2044 5.21092 5.21703 5.22275 5.22811 5.23313 5.23784 5.24224 5.24637 5.25024 5.25386 5.25726 5.26044 5.26341 5.2662 5.26881 5.27126 5.27355 5.27569 5.2777 5.27958 5.28135 5.28299 5.28454 5.28695
 0 0 0 0 0 0 0 0 0 0 0 0 0 0 0 0 0 0 0 0 0 0 0 0 0 0 0 0 0 0 0 0 0 0 0 0 0 0 0 0 0 0 0 0 0 0 0 0 0 0 0 0 0 0 0 0 0 0 0 0 0 0 0 0 0 0 0 0 0 0 0 0 0 0 0 0 0 0 0 0 0 0 0 0 0 0 0 0 0 0 0 0 0 0 0 0 0 0 0 1 0
# M and current age-structure in year Yinit: 2011
 # gender = 1
 0.0439034 0.0439034 0.0439034 0.0439034 0.0439034 0.0439034 0.0439034 0.0439034 0.0439034 0.0439034 0.0439034 0.0439034 0.0439034 0.0439034 0.0439034 0.0439034 0.0439034 0.0439034 0.0439034 0.0439034 0.0439034 0.0439034 0.0439034 0.0439034 0.0439034 0.0439034 0.0439034 0.0439034 0.0439034 0.0439034 0.0439034 0.0439034 0.0439034 0.0439034 0.0439034 0.0439034 0.0439034 0.0439034 0.0439034 0.0439034 0.0439034 0.0439034 0.0439034 0.0439034 0.0439034 0.0439034 0.0439034 0.0439034 0.0439034 0.0439034 0.0439034 0.0439034 0.0439034 0.0439034 0.0439034 0.0439034 0.0439034 0.0439034 0.0439034 0.0439034 0.0439034 0.0439034 0.0439034 0.0439034 0.0439034 0.0439034 0.0439034 0.0439034 0.0439034 0.0439034 0.0439034 0.0439034 0.0439034 0.0439034 0.0439034 0.0439034 0.0439034 0.0439034 0.0439034 0.0439034 0.0439034 0.0439034 0.0439034 0.0439034 0.0439034 0.0439034 0.0439034 0.0439034 0.0439034 0.0439034 0.0439034 0.0439034 0.0439034 0.0439034 0.0439034 0.0439034 0.0439034 0.0439034 0.0439034 0.0439034 0.0439034
 206.524 216.621 191.373 255.65 169.252 125.921 95.8026 71.5769 139.293 307.264 102.637 75.0497 153.503 71.6849 42.0894 34.4132 34.4258 72.4833 90.899 33.6547 25.5565 26.9791 29.3261 30.1095 30.8066 29.6833 33.9332 41.6594 31.4107 37.9173 25.2504 16.8993 12.2612 9.30137 9.91442 9.32715 8.81738 5.55873 5.16666 6.25758 9.50364 6.42491 4.79403 3.53258 2.69455 2.18406 1.66549 1.35221 1.27652 1.36339 1.52647 1.61486 1.51182 1.31197 1.12884 0.999865 0.92924 0.910727 0.938839 1.01152 1.12162 1.23856 1.29338 1.22944 1.08712 0.941343 0.823068 0.734362 0.669106 0.619868 0.581569 0.550759 0.525295 0.503524 0.483707 0.464326 0.444346 0.42361 0.40261 0.382199 0.363146 0.345919 0.330603 0.317097 0.305087 0.294195 0.284077 0.274448 0.265077 0.25582 0.246595 0.237361 0.228133 0.218982 0.209904 0.200858 0.192078 0.183608 0.17547 0.167682 3.73039
# Age-structure at Ydeclare= 2013
 114.674 103.909 189.162 198.407 175.274 234.121 154.967 115.248 87.628 65.4145 127.183 280.304 93.5619 68.3746 139.79 65.2603 38.3084 31.3166 31.3244 65.9474 82.6973 30.6166 23.2487 24.5421 26.6764 27.3883 28.0216 26.9992 30.8638 37.8899 28.5676 34.484 22.9632 15.368 11.1499 8.45807 9.01531 8.48112 8.01742 5.05431 4.69772 5.68951 8.64073 5.84143 4.35859 3.21166 2.44972 1.98559 1.51412 1.2293 1.16049 1.23945 1.38769 1.46803 1.37436 1.19268 1.02619 0.908945 0.844741 0.82791 0.853464 0.919535 1.01962 1.12592 1.17575 1.11763 0.988256 0.855733 0.748214 0.667575 0.608253 0.563493 0.528677 0.500669 0.477521 0.457729 0.439714 0.422096 0.403933 0.385083 0.365992 0.347439 0.330118 0.314458 0.300535 0.288257 0.27734 0.267439 0.258241 0.249488 0.240969 0.232554 0.224168 0.215774 0.207385 0.199066 0.190814 0.182591 0.17461 0.16691 3.70308
# Year for Tmin Age-structure (set to Ydecl by SS)
2013
#  recruitment and biomass
# Number of historical assessment years
129
# Historical data
# year recruitment spawner in B0 in R project in R/S project
1888  1889 1890 1891 1892 1893 1894 1895 1896 1897 1898 1899 1900 1901 1902 1903 1904 1905 1906 1907 1908 1909 1910 1911 1912 1913 1914 1915 1916 1917 1918 1919 1920 1921 1922 1923 1924 1925 1926 1927 1928 1929 1930 1931 1932 1933 1934 1935 1936 1937 1938 1939 1940 1941 1942 1943 1944 1945 1946 1947 1948 1949 1950 1951 1952 1953 1954 1955 1956 1957 1958 1959 1960 1961 1962 1963 1964 1965 1966 1967 1968 1969 1970 1971 1972 1973 1974 1975 1976 1977 1978 1979 1980 1981 1982 1983 1984 1985 1986 1987 1988 1989 1990 1991 1992 1993 1994 1995 1996 1997 1998 1999 2000 2001 2002 2003 2004 2005 2006 2007 2008 2009 2010 2011 2012 2013 2014 2015 2016 #years (with first value representing R0)
217.304 214.577 214.49 214.4 214.307 214.204 214.099 213.991 213.885 213.777 213.668 213.556 213.437 213.318 213.2 213.069 212.937 212.806 212.678 212.561 212.45 212.34 212.235 212.132 212.026 211.899 211.729 211.479 211.115 210.589 209.678 208.459 206.96 205.145 203.031 200.672 198.143 195.545 193.021 190.719 188.795 187.39 186.58 186.311 186.442 186.674 186.635 185.993 184.634 182.725 180.726 179.179 178.586 179.316 181.792 186.692 194.97 207.949 226.338 248.75 267.691 267.94 244.094 210.255 180.326 159.134 146.733 142.259 145.377 155.78 171.701 187.431 189.395 169.064 142.283 125.181 124.181 142.637 173.606 197.677 237.706 293.905 356.401 473.624 278.173 203.422 192.512 266.878 245.272 225.315 181.807 205.204 241.111 305.868 388.62 271.895 304.874 210.743 157.568 141.06 120.178 103.181 84.6751 72.3997 87.084 217.29 161.709 72.265 68.3762 79.4389 128.803 262.906 122.632 160.097 457.776 198.317 97.4341 124.738 156.865 201.76 291.647 208.937 226.343 206.524 108.573 114.674 121.479 143.449 173.133  #recruits; first value is R0 (virgin)
2259.91  2259.91 2259.9 2259.89 2259.87 2259 2258.16 2257.33 2257.13 2257.1 2257.07 2257.04 2256.97 2256.85 2256.66 2256.4 2256.06 2255.62 2255.12 2254.54 2253.89 2252.94 2252.15 2251.29 2250.38 2249.4 2248.38 2247.3 2246.03 2244.35 2242.28 2236.05 2232.94 2230.04 2227.23 2224.95 2222.47 2218.87 2214.52 2208.52 2201.04 2193.7 2187.25 2180.07 2174.9 2169.99 2165.02 2158.92 2152.72 2144.49 2136.74 2128.34 2121.16 2111.66 2099.12 2085.9 2063.65 2040.11 2006.15 1974.96 1959.55 1942.81 1929.63 1915.06 1897.5 1882.57 1871.39 1858.31 1846.19 1834.22 1820.19 1807.74 1797.51 1789.58 1785.32 1779.7 1777.46 1777.84 1758.9 1754.39 1746.61 1738.47 1712.26 1695.56 1672.56 1643.21 1611.06 1575.33 1540.39 1499.98 1460.46 1395.71 1333.48 1285.34 1222.2 1116.43 1019.77 967.542 891.034 848.264 800.041 756.451 701.313 662.479 598.256 539.907 484.48 456.185 427.657 395.202 358.305 348.937 330.139 336.754 341.964 357.245 373.134 389.752 406.526 424.177 441.207 459.443 478.21 499.261 521.761 545.673 571.559 599.413 627.947 #spbio; first value is SSB_virgin (virgin)
1 0 0 0 0 0 0 0 0 0 0 0 0 0 0 0 0 0 0 0 0 0 0 0 0 0 0 0 0 0 0 0 0 0 0 0 0 0 0 0 0 0 0 0 0 0 0 0 0 0 0 0 0 0 0 0 0 0 0 0 0 0 0 0 0 0 0 0 0 0 0 0 0 0 0 0 0 0 0 0 0 0 0 0 0 0 0 0 0 0 0 0 0 0 0 0 0 0 0 0 0 0 0 0 0 0 0 0 0 0 0 0 0 0 0 0 0 0 0 0 0 0 0 0 0 0 0 0 0  # in Bzero
0 1 1 1 1 1 1 1 1 1 1 1 1 1 1 1 1 1 1 1 1 1 1 1 1 1 1 1 1 1 1 1 1 1 1 1 1 1 1 1 1 1 1 1 1 1 1 1 1 1 1 1 1 1 1 1 1 1 1 1 1 1 1 1 1 1 1 1 1 1 1 1 1 1 1 1 1 1 1 1 1 1 1 1 1 1 1 1 1 1 1 1 1 1 1 1 1 1 1 1 1 1 1 1 1 1 1 1 1 1 1 1 1 1 1 1 1 1 1 1 1 1 1 1 1 1  0 0 0 # in R project
0 1 1 1 1 1 1 1 1 1 1 1 1 1 1 1 1 1 1 1 1 1 1 1 1 1 1 1 1 1 1 1 1 1 1 1 1 1 1 1 1 1 1 1 1 1 1 1 1 1 1 1 1 1 1 1 1 1 1 1 1 1 1 1 1 1 1 1 1 1 1 1 1 1 1 1 1 1 1 1 1 1 1 1 1 1 1 1 1 1 1 1 1 1 1 1 1 1 1 1 1 1 1 1 1 1 1 1 1 1 1 1 1 1 1 1 1 1 1 1 1 1 1 1 1 1  0 0 0 # in R/S project
# Number of years with pre-specified catches
0
# catches for years with pre-specified catches go next
# Number of future recruitments to override
-2
# Process for overiding (-1 for average otherwise index in data list)
# Which probability to product detailed results for (1=0.5; 2=0.6; etc.)
3
# Steepness sigma-R Auto-correlation
0.718 0.5 0
# Target SPR rate (FMSY Proxy); manually change to SPR_MSY if not using SPR_target
0.5
# Discount rate (for cumulative catch)
0.1
# Truncate the series when 0.4B0 is reached (1=Yes)
0
# Set F to FMSY once 0.4B0 is reached (1=Yes)
0
# Maximum possible F for projection (-1 to set to FMSY)
-1
# Defintion of recovery (1=now only;2=now or before)
2
# Projection type
4
# Definition of the 40-10 rule
10 40
# Calculate coefficients of variation (1=Yes)
0
# Number of replicates to use
10
# Random number seed
-99004
# File with multiple parameter vectors 
rebuild.SSO
# User-specific projection (1=Yes); Output replaced (1->9)
0  5
# Catches and Fs (Year; 1/2/3 (F or C or SPR); value); Final row is -1
2016 1 1
-1 -1 -1
# Fixed catch project (1=Yes); Output replaced (1->9); Approach (-1=Read in else 1-9)
0 2 -1
# Split of Fs
2011  0.000560356
 0
 0.176932
 0.00726376
 0.280868
 0.257864
 0.276512
-1  1 1 1 1 1 1 1 1 1 1 1 1
# Yrs to define T_target for projection type 4 (a.k.a. 5 pre-specified inputs)
2022 2023 2024 2025 2026 
# Year for probability of recovery
2026 2027 2028 2029 2030 2031 2032 2033
# Time varying weight-at-age (1=Yes;0=No)
0
# File with time series of weight-at-age data
none
# Use bisection (0) or linear interpolation (1)
1
# Target Depletion
0.4
# CV of implementation error
0
