#Title, #runnumber: 274 yelloweye_data.ss yelloweye_control.ss 4718.38 2554.92 958.042 StartTime: Fri Jul 21 13:58:22 2017
SSv3_default_rebuild.dat
# Number of sexes
1
# Age range to consider (minimum age; maximum age)
0 100
# Number of fleets
12
# First year of projection (Yinit)
2011
# First Year of rebuilding period (Ydecl)
2013
# Number of simulations
1000
# Maximum number of years
500
# Conduct projections with multiple starting values (0=No;else yes)
0
# Number of parameter vectors
1000
# Is the maximum age a plus-group (1=Yes;2=No)
1
# Generate future recruitments using historical recruitments (1)  historical recruits/spawner (2)  or a stock-recruitment (3)
3
# Constant fishing mortality (1) or constant Catch (2) projections
1
# Fishing mortality based on SPR (1) or actual rate (2)
1
# Pre-specify the year of recovery (or -1) to ignore
-1
# Fecundity-at-age
# 0 1 2 3 4 5 6 7 8 9 10 11 12 13 14 15 16 17 18 19 20 21 22 23 24 25 26 27 28 29 30 31 32 33 34 35 36 37 38 39 40 41 42 43 44 45 46 47 48 49 50 51 52 53 54 55 56 57 58 59 60 61 62 63 64 65 66 67 68 69 70 71 72 73 74 75 76 77 78 79 80 81 82 83 84 85 86 87 88 89 90 91 92 93 94 95 96 97 98 99 100 #runnumber: 274 yelloweye_data.ss yelloweye_control.ss 4718.38 2554.92 958.042
 0 0 1.38607e-007 1.21822e-006 8.33563e-006 4.64335e-005 0.000214235 0.000817325 0.00256869 0.00670282 0.01481 0.0284052 0.0484734 0.0752272 0.10814 0.146165 0.188013 0.232383 0.27812 0.324287 0.37018 0.415301 0.459322 0.502043 0.543353 0.583204 0.621583 0.658502 0.693985 0.728064 0.760771 0.79214 0.822206 0.851002 0.878563 0.90492 0.930109 0.954162 0.977114 0.998998 1.01985 1.0397 1.05859 1.07655 1.09362 1.10983 1.12521 1.1398 1.15364 1.16675 1.17917 1.19093 1.20206 1.21259 1.22254 1.23195 1.24085 1.24925 1.25718 1.26468 1.27175 1.27842 1.28472 1.29066 1.29626 1.30155 1.30653 1.31122 1.31564 1.31981 1.32374 1.32754 1.33113 1.3345 1.33768 1.34067 1.34349 1.34614 1.34864 1.35099 1.3532 1.35528 1.35724 1.35909 1.36082 1.36246 1.36399 1.36544 1.3668 1.36808 1.36928 1.37042 1.37148 1.37248 1.37343 1.37431 1.37514 1.37593 1.37667 1.37736 1.37847 #female fecundity; weighted by N in year Y_init across morphs and areas
# Age specific selectivity and weight adjusted for discard and discard mortality
 #wt and selex for gender,fleet: 1 1
 0.016011 0.0447045 0.0911475 0.154343 0.232659 0.323384 0.423706 0.531081 0.643368 0.758859 0.876276 0.994764 1.11386 1.23342 1.35349 1.47417 1.59556 1.71762 1.84019 1.96298 2.08558 2.20753 2.32833 2.44747 2.5645 2.679 2.79061 2.89905 3.0041 3.10559 3.20342 3.29751 3.38785 3.47443 3.55729 3.63648 3.71207 3.78415 3.85281 3.91816 3.9803 4.03935 4.09541 4.14861 4.19906 4.24687 4.29217 4.33505 4.37564 4.41403 4.45034 4.48466 4.51709 4.54772 4.57666 4.60397 4.62975 4.65408 4.67703 4.69867 4.71909 4.73833 4.75647 4.77357 4.78969 4.80487 4.81917 4.83265 4.84533 4.85729 4.86866 4.87948 4.88966 4.89925 4.90828 4.91678 4.92478 4.9323 4.93939 4.94605 4.95232 4.95822 4.96377 4.969 4.97391 4.97853 4.98288 4.98697 4.99082 4.99444 4.99784 5.00104 5.00405 5.00688 5.00955 5.01205 5.0144 5.01662 5.0187 5.02066 5.02381
 0 0 0 0 0 0 0 0 0 0 0 0 0 0 0 0 0 0 0 0 0 0 0 0 0 0 0 0 0 0 0 0 0 0 0 0 0 0 0 0 0 0 0 0 0 0 0 0 0 0 0 0 0 0 0 0 0 0 0 0 0 0 0 0 0 0 0 0 0 0 0 0 0 0 0 0 0 0 0 0 0 0 0 0 0 0 0 0 0 0 0 0 0 0 0 0 0 0 0 1 0
 #wt and selex for gender,fleet: 1 3
 0.0153702 0.0404834 0.0823031 0.139702 0.211527 0.295671 0.389809 0.491737 0.599519 0.711558 0.826645 0.943984 1.06315 1.18398 1.30643 1.43044 1.55584 1.68235 1.80952 1.93683 2.06369 2.1895 2.31368 2.43572 2.55517 2.67165 2.78487 2.89459 3.00064 3.10292 3.20135 3.29591 3.38661 3.47346 3.55654 3.63589 3.71161 3.78379 3.85253 3.91793 3.98012 4.0392 4.09529 4.14851 4.19897 4.2468 4.29211 4.335 4.3756 4.414 4.45031 4.48463 4.51707 4.54771 4.57664 4.60395 4.62974 4.65407 4.67702 4.69866 4.71908 4.73832 4.75647 4.77357 4.78968 4.80486 4.81917 4.83264 4.84533 4.85728 4.86865 4.87947 4.88966 4.89925 4.90828 4.91678 4.92477 4.9323 4.93938 4.94605 4.95232 4.95822 4.96377 4.969 4.97391 4.97853 4.98288 4.98697 4.99082 4.99443 4.99784 5.00104 5.00405 5.00688 5.00954 5.01205 5.0144 5.01662 5.0187 5.02066 5.0238
 0 0 0 0 0 0 0 0 0 0 0 0 0 0 0 0 0 0 0 0 0 0 0 0 0 0 0 0 0 0 0 0 0 0 0 0 0 0 0 0 0 0 0 0 0 0 0 0 0 0 0 0 0 0 0 0 0 0 0 0 0 0 0 0 0 0 0 0 0 0 0 0 0 0 0 0 0 0 0 0 0 0 0 0 0 0 0 0 0 0 0 0 0 0 0 0 0 0 0 1 0
 #wt and selex for gender,fleet: 1 4
 0.0150646 0.0383007 0.077649 0.13207 0.200658 0.281646 0.372991 0.472679 0.578884 0.690052 0.804965 0.922779 1.04299 1.16532 1.28959 1.41562 1.5431 1.67164 1.8007 1.92971 2.05803 2.18507 2.31026 2.43311 2.5532 2.67017 2.78376 2.89376 3.00003 3.10246 3.20101 3.29566 3.38642 3.47332 3.55643 3.63581 3.71155 3.78374 3.85249 3.9179 3.98009 4.03918 4.09527 4.1485 4.19897 4.2468 4.2921 4.335 4.37559 4.41399 4.4503 4.48463 4.51706 4.5477 4.57664 4.60395 4.62973 4.65406 4.67701 4.69866 4.71908 4.73832 4.75647 4.77357 4.78968 4.80486 4.81917 4.83264 4.84533 4.85728 4.86865 4.87947 4.88966 4.89925 4.90828 4.91677 4.92477 4.9323 4.93938 4.94605 4.95232 4.95822 4.96377 4.96899 4.97391 4.97853 4.98288 4.98697 4.99082 4.99443 4.99784 5.00104 5.00405 5.00688 5.00954 5.01205 5.0144 5.01662 5.0187 5.02066 5.0238
 0 0 0 0 0 0 0 0 0 0 0 0 0 0 0 0 0 0 0 0 0 0 0 0 0 0 0 0 0 0 0 0 0 0 0 0 0 0 0 0 0 0 0 0 0 0 0 0 0 0 0 0 0 0 0 0 0 0 0 0 0 0 0 0 0 0 0 0 0 0 0 0 0 0 0 0 0 0 0 0 0 0 0 0 0 0 0 0 0 0 0 0 0 0 0 0 0 0 0 1 0
 #wt and selex for gender,fleet: 1 5
 0.015682 0.0427003 0.0873446 0.148742 0.225672 0.315794 0.416519 0.525389 0.640248 0.75928 0.881016 1.00431 1.12831 1.25247 1.37644 1.50008 1.6233 1.74608 1.86833 1.98995 2.11074 2.23045 2.34878 2.46541 2.57999 2.6922 2.80175 2.90837 3.01184 3.11199 3.20869 3.30184 3.3914 3.47734 3.55968 3.63845 3.71369 3.78549 3.85393 3.91909 3.98108 4.04 4.09596 4.14908 4.19946 4.24722 4.29246 4.33531 4.37586 4.41423 4.45051 4.48482 4.51723 4.54785 4.57677 4.60407 4.62984 4.65416 4.67711 4.69875 4.71915 4.73839 4.75653 4.77363 4.78974 4.80492 4.81922 4.83269 4.84538 4.85733 4.8687 4.87951 4.8897 4.89929 4.90832 4.91681 4.92481 4.93234 4.93942 4.94608 4.95235 4.95826 4.96381 4.96903 4.97394 4.97856 4.98291 4.987 4.99085 4.99447 4.99787 5.00107 5.00408 5.00691 5.00957 5.01208 5.01443 5.01665 5.01873 5.02069 5.02383
 0 0 0 0 0 0 0 0 0 0 0 0 0 0 0 0 0 0 0 0 0 0 0 0 0 0 0 0 0 0 0 0 0 0 0 0 0 0 0 0 0 0 0 0 0 0 0 0 0 0 0 0 0 0 0 0 0 0 0 0 0 0 0 0 0 0 0 0 0 0 0 0 0 0 0 0 0 0 0 0 0 0 0 0 0 0 0 0 0 0 0 0 0 0 0 0 0 0 0 1 0
 #wt and selex for gender,fleet: 1 6
 0.0197429 0.0603409 0.116994 0.187832 0.268043 0.353303 0.440648 0.528799 0.618163 0.710267 0.806919 0.909566 1.01894 1.13501 1.25705 1.38392 1.51427 1.64671 1.77998 1.913 2.04487 2.17488 2.30246 2.42716 2.54864 2.66665 2.781 2.89154 2.99819 3.10089 3.19962 3.29439 3.38523 3.47218 3.55532 3.63471 3.71045 3.78264 3.85139 3.91679 3.97897 4.03804 4.09412 4.14733 4.19779 4.2456 4.2909 4.33378 4.37436 4.41275 4.44906 4.48337 4.5158 4.54643 4.57535 4.60266 4.62844 4.65276 4.6757 4.69735 4.71775 4.737 4.75513 4.77223 4.78834 4.80352 4.81782 4.83129 4.84398 4.85592 4.86729 4.8781 4.88829 4.89787 4.90689 4.91538 4.92338 4.9309 4.93798 4.94464 4.95091 4.9568 4.96235 4.96757 4.97248 4.9771 4.98145 4.98554 4.98938 4.993 4.9964 4.9996 5.00261 5.00543 5.0081 5.0106 5.01295 5.01517 5.01725 5.0192 5.02235
 0 0 0 0 0 0 0 0 0 0 0 0 0 0 0 0 0 0 0 0 0 0 0 0 0 0 0 0 0 0 0 0 0 0 0 0 0 0 0 0 0 0 0 0 0 0 0 0 0 0 0 0 0 0 0 0 0 0 0 0 0 0 0 0 0 0 0 0 0 0 0 0 0 0 0 0 0 0 0 0 0 0 0 0 0 0 0 0 0 0 0 0 0 0 0 0 0 0 0 1 0
 #wt and selex for gender,fleet: 1 7
 0.0205626 0.0643773 0.127421 0.208628 0.302868 0.405077 0.51127 0.618645 0.725484 0.831062 0.935515 1.03959 1.14435 1.25083 1.35987 1.47198 1.58727 1.70549 1.82613 1.94845 2.07161 2.19477 2.31709 2.43787 2.55648 2.67241 2.78529 2.8948 3.00073 3.10293 3.20133 3.29588 3.38657 3.47342 3.5565 3.63586 3.71158 3.78376 3.8525 3.91791 3.9801 4.03919 4.09528 4.1485 4.19897 4.2468 4.2921 4.335 4.37559 4.41399 4.45031 4.48463 4.51706 4.5477 4.57664 4.60395 4.62974 4.65406 4.67702 4.69866 4.71908 4.73832 4.75647 4.77357 4.78968 4.80486 4.81917 4.83264 4.84533 4.85728 4.86865 4.87947 4.88966 4.89925 4.90828 4.91678 4.92477 4.9323 4.93938 4.94605 4.95232 4.95822 4.96377 4.96899 4.97391 4.97853 4.98288 4.98697 4.99082 4.99443 4.99784 5.00104 5.00405 5.00688 5.00954 5.01205 5.0144 5.01662 5.0187 5.02066 5.0238
 0 0 0 0 0 0 0 0 0 0 0 0 0 0 0 0 0 0 0 0 0 0 0 0 0 0 0 0 0 0 0 0 0 0 0 0 0 0 0 0 0 0 0 0 0 0 0 0 0 0 0 0 0 0 0 0 0 0 0 0 0 0 0 0 0 0 0 0 0 0 0 0 0 0 0 0 0 0 0 0 0 0 0 0 0 0 0 0 0 0 0 0 0 0 0 0 0 0 0 1 0
# M and current age-structure in year Yinit: 2011
 # gender = 1
 0.0439034 0.0439034 0.0439034 0.0439034 0.0439034 0.0439034 0.0439034 0.0439034 0.0439034 0.0439034 0.0439034 0.0439034 0.0439034 0.0439034 0.0439034 0.0439034 0.0439034 0.0439034 0.0439034 0.0439034 0.0439034 0.0439034 0.0439034 0.0439034 0.0439034 0.0439034 0.0439034 0.0439034 0.0439034 0.0439034 0.0439034 0.0439034 0.0439034 0.0439034 0.0439034 0.0439034 0.0439034 0.0439034 0.0439034 0.0439034 0.0439034 0.0439034 0.0439034 0.0439034 0.0439034 0.0439034 0.0439034 0.0439034 0.0439034 0.0439034 0.0439034 0.0439034 0.0439034 0.0439034 0.0439034 0.0439034 0.0439034 0.0439034 0.0439034 0.0439034 0.0439034 0.0439034 0.0439034 0.0439034 0.0439034 0.0439034 0.0439034 0.0439034 0.0439034 0.0439034 0.0439034 0.0439034 0.0439034 0.0439034 0.0439034 0.0439034 0.0439034 0.0439034 0.0439034 0.0439034 0.0439034 0.0439034 0.0439034 0.0439034 0.0439034 0.0439034 0.0439034 0.0439034 0.0439034 0.0439034 0.0439034 0.0439034 0.0439034 0.0439034 0.0439034 0.0439034 0.0439034 0.0439034 0.0439034 0.0439034 0.0439034
 344.464 340.598 369.622 421.16 244.067 186.366 141.241 119.907 231.716 392.596 152.333 105.906 149.92 99.8219 59.7601 48.4525 49.1338 91.5657 116.098 51.0721 37.5941 36.5835 36.8129 37.2235 40.2975 44.5829 49.4984 49.942 50.1763 78.5466 49.4021 30.4923 23.6321 20.565 22.1073 20.4995 18.034 12.3284 11.9688 14.5403 19.249 14.083 11.3138 8.85923 7.11655 5.95975 4.64831 3.7709 3.46775 3.52981 3.73633 3.85526 3.74914 3.4837 3.17653 2.91004 2.73523 2.66946 2.71258 2.8595 3.08766 3.33061 3.4681 3.39413 3.12999 2.79836 2.49063 2.23978 2.04694 1.90015 1.78779 1.6998 1.62877 1.569 1.51537 1.46383 1.41146 1.35728 1.30175 1.24645 1.19315 1.14325 1.09725 1.05522 1.01662 0.980647 0.946534 0.913605 0.881319 0.84935 0.81752 0.785767 0.754168 0.722962 0.692153 0.661536 0.631901 0.603365 0.575991 0.549833 11.9059
# Age-structure at Ydeclare= 2013
 174.937 175.03 315.505 311.958 338.526 385.692 223.475 170.596 129.241 109.671 211.829 358.722 139.123 96.6811 136.812 91.0662 54.5052 44.1836 44.7984 83.4774 105.834 46.5543 34.2672 33.345 33.5535 33.9274 36.7289 40.6346 45.1148 45.5192 45.7329 71.5912 45.0277 27.7925 21.5398 18.7444 20.1502 18.6848 16.4377 11.2371 10.9094 13.2533 17.5454 12.8366 10.3125 8.07519 6.48675 5.43233 4.23696 3.4372 3.16088 3.21745 3.4057 3.51411 3.41738 3.17543 2.89545 2.65253 2.4932 2.43325 2.47255 2.60647 2.81445 3.0359 3.16122 3.09379 2.85303 2.55074 2.27024 2.04159 1.86582 1.73201 1.62959 1.54939 1.48465 1.43017 1.38128 1.33431 1.28657 1.23718 1.18657 1.13616 1.08758 1.04209 1.00016 0.961851 0.926663 0.893875 0.862779 0.832765 0.803335 0.774195 0.745182 0.716238 0.687436 0.658991 0.630908 0.602999 0.575987 0.549976 11.8786
# Year for Tmin Age-structure (set to Ydecl by SS)
2013
#  recruitment and biomass
# Number of historical assessment years
129
# Historical data
# year recruitment spawner in B0 in R project in R/S project
1888  1889 1890 1891 1892 1893 1894 1895 1896 1897 1898 1899 1900 1901 1902 1903 1904 1905 1906 1907 1908 1909 1910 1911 1912 1913 1914 1915 1916 1917 1918 1919 1920 1921 1922 1923 1924 1925 1926 1927 1928 1929 1930 1931 1932 1933 1934 1935 1936 1937 1938 1939 1940 1941 1942 1943 1944 1945 1946 1947 1948 1949 1950 1951 1952 1953 1954 1955 1956 1957 1958 1959 1960 1961 1962 1963 1964 1965 1966 1967 1968 1969 1970 1971 1972 1973 1974 1975 1976 1977 1978 1979 1980 1981 1982 1983 1984 1985 1986 1987 1988 1989 1990 1991 1992 1993 1994 1995 1996 1997 1998 1999 2000 2001 2002 2003 2004 2005 2006 2007 2008 2009 2010 2011 2012 2013 2014 2015 2016 #years (with first value representing R0)
270.61 275.113 275.266 275.424 275.587 275.746 275.911 276.081 276.263 276.449 276.642 276.84 277.044 277.255 277.47 277.673 277.887 278.106 278.336 278.586 278.839 279.112 279.392 279.681 279.973 280.248 280.48 280.62 280.625 280.439 279.755 278.696 277.289 275.485 273.294 270.769 267.987 265.053 262.111 259.312 256.801 254.7 253.047 251.743 250.607 249.323 247.566 245.114 241.987 238.439 234.986 232.211 230.731 231.109 233.992 240.184 250.477 265.499 284.386 303.255 313.495 305.343 279.483 246.906 217.867 196.883 184.538 180.051 182.358 189.434 197.63 202.22 197.575 181.78 162.853 151.512 155.75 181.076 218.402 244.529 284.335 337.663 388.981 489.398 338.365 253.447 236.187 310.836 316.241 303.828 250.763 254.779 289.813 413.035 576.84 323.586 283.255 247.535 197.514 159.093 131.89 117.991 106.991 101.155 127.466 270.792 200.906 101.931 95.4222 112.019 178.422 255.773 172.577 237.193 584.317 329.745 163.196 183.894 232.166 290.949 480.466 403.547 355.885 344.464 182.886 174.937 179.769 200.321 230.755  #recruits; first value is R0 (virgin)
2554.92  2554.92 2554.91 2554.88 2554.83 2553.93 2553.04 2552.13 2551.84 2551.69 2551.54 2551.43 2551.31 2551.22 2551.16 2551.15 2551.19 2551.28 2551.44 2551.67 2551.95 2552.05 2552.44 2552.86 2553.32 2553.82 2554.35 2554.91 2555.35 2555.95 2556.27 2552.62 2552.07 2551.78 2551.62 2552.05 2552.34 2551.58 2550.15 2547.17 2542.79 2538.59 2535.27 2531.27 2529.23 2527.47 2525.68 2522.79 2519.8 2514.85 2510.34 2505.15 2501.09 2494.71 2485.29 2475.08 2456 2435.44 2404.54 2375.96 2362.38 2346.75 2334.45 2320.7 2303.76 2288.91 2277.57 2264 2251.21 2238.28 2223.04 2208.84 2196.42 2185.87 2178.56 2169.6 2163.49 2159.88 2137.38 2128.82 2116.94 2104.47 2074.1 2052.63 2024.65 1990.13 1952.68 1911.67 1871.46 1826 1781.45 1712.34 1644.85 1592.3 1524.78 1415.84 1316.75 1261.1 1182.63 1137.76 1085.7 1039.96 982.167 943.223 880.584 824.154 770.472 744.088 717.539 686.998 651.846 643.923 626.508 634.549 640.68 657.471 674.463 691.68 708.674 726.307 742.971 760.542 778.41 798.374 819.791 842.793 868.256 896.323 925.931 #spbio; first value is SSB_virgin (virgin)
1 0 0 0 0 0 0 0 0 0 0 0 0 0 0 0 0 0 0 0 0 0 0 0 0 0 0 0 0 0 0 0 0 0 0 0 0 0 0 0 0 0 0 0 0 0 0 0 0 0 0 0 0 0 0 0 0 0 0 0 0 0 0 0 0 0 0 0 0 0 0 0 0 0 0 0 0 0 0 0 0 0 0 0 0 0 0 0 0 0 0 0 0 0 0 0 0 0 0 0 0 0 0 0 0 0 0 0 0 0 0 0 0 0 0 0 0 0 0 0 0 0 0 0 0 0 0 0 0  # in Bzero
0 1 1 1 1 1 1 1 1 1 1 1 1 1 1 1 1 1 1 1 1 1 1 1 1 1 1 1 1 1 1 1 1 1 1 1 1 1 1 1 1 1 1 1 1 1 1 1 1 1 1 1 1 1 1 1 1 1 1 1 1 1 1 1 1 1 1 1 1 1 1 1 1 1 1 1 1 1 1 1 1 1 1 1 1 1 1 1 1 1 1 1 1 1 1 1 1 1 1 1 1 1 1 1 1 1 1 1 1 1 1 1 1 1 1 1 1 1 1 1 1 1 1 1 1 1  0 0 0 # in R project
0 1 1 1 1 1 1 1 1 1 1 1 1 1 1 1 1 1 1 1 1 1 1 1 1 1 1 1 1 1 1 1 1 1 1 1 1 1 1 1 1 1 1 1 1 1 1 1 1 1 1 1 1 1 1 1 1 1 1 1 1 1 1 1 1 1 1 1 1 1 1 1 1 1 1 1 1 1 1 1 1 1 1 1 1 1 1 1 1 1 1 1 1 1 1 1 1 1 1 1 1 1 1 1 1 1 1 1 1 1 1 1 1 1 1 1 1 1 1 1 1 1 1 1 1 1  0 0 0 # in R/S project
# Number of years with pre-specified catches
0
# catches for years with pre-specified catches go next
# Number of future recruitments to override
-2
# Process for overiding (-1 for average otherwise index in data list)
# Which probability to product detailed results for (1=0.5; 2=0.6; etc.)
3
# Steepness sigma-R Auto-correlation
0.718 0.5 0
# Target SPR rate (FMSY Proxy); manually change to SPR_MSY if not using SPR_target
0.5
# Discount rate (for cumulative catch)
0.1
# Truncate the series when 0.4B0 is reached (1=Yes)
0
# Set F to FMSY once 0.4B0 is reached (1=Yes)
0
# Maximum possible F for projection (-1 to set to FMSY)
-1
# Defintion of recovery (1=now only;2=now or before)
2
# Projection type
4
# Definition of the 40-10 rule
10 40
# Calculate coefficients of variation (1=Yes)
0
# Number of replicates to use
10
# Random number seed
-99004
# File with multiple parameter vectors 
rebuild.SSO
# User-specific projection (1=Yes); Output replaced (1->9)
0  5
# Catches and Fs (Year; 1/2/3 (F or C or SPR); value); Final row is -1
2016 1 1
-1 -1 -1
# Fixed catch project (1=Yes); Output replaced (1->9); Approach (-1=Read in else 1-9)
0 2 -1
# Split of Fs
2011  0.000745791
 0
 0.235253
 0.00598707
 0.239714
 0.225411
 0.29289
-1  1 1 1 1 1 1 1 1 1 1 1 1
# Yrs to define T_target for projection type 4 (a.k.a. 5 pre-specified inputs)
2022 2023 2024 2025 2026 
# Year for probability of recovery
2026 2027 2028 2029 2030 2031 2032 2033
# Time varying weight-at-age (1=Yes;0=No)
0
# File with time series of weight-at-age data
none
# Use bisection (0) or linear interpolation (1)
1
# Target Depletion
0.4
# CV of implementation error
0
