#Title, #runnumber: 256 yelloweye_data.ss yelloweye_control.ss 5650.82 2315.45 685.294 StartTime: Thu Jun 15 13:54:03 2017
SSv3_default_rebuild.dat
# Number of sexes
1
# Age range to consider (minimum age; maximum age)
0 100
# Number of fleets
12
# First year of projection (Yinit)
2011
# First Year of rebuilding period (Ydecl)
2013
# Number of simulations
1000
# Maximum number of years
500
# Conduct projections with multiple starting values (0=No;else yes)
0
# Number of parameter vectors
1000
# Is the maximum age a plus-group (1=Yes;2=No)
1
# Generate future recruitments using historical recruitments (1)  historical recruits/spawner (2)  or a stock-recruitment (3)
3
# Constant fishing mortality (1) or constant Catch (2) projections
1
# Fishing mortality based on SPR (1) or actual rate (2)
1
# Pre-specify the year of recovery (or -1) to ignore
-1
# Fecundity-at-age
# 0 1 2 3 4 5 6 7 8 9 10 11 12 13 14 15 16 17 18 19 20 21 22 23 24 25 26 27 28 29 30 31 32 33 34 35 36 37 38 39 40 41 42 43 44 45 46 47 48 49 50 51 52 53 54 55 56 57 58 59 60 61 62 63 64 65 66 67 68 69 70 71 72 73 74 75 76 77 78 79 80 81 82 83 84 85 86 87 88 89 90 91 92 93 94 95 96 97 98 99 100 #runnumber: 256 yelloweye_data.ss yelloweye_control.ss 5650.82 2315.45 685.294
 0 0 7.93028e-008 8.86978e-007 7.07816e-006 4.36898e-005 0.000216559 0.000871009 0.00284743 0.00764189 0.0172 0.0333488 0.0572007 0.0888581 0.127496 0.171683 0.219761 0.270145 0.3215 0.372808 0.423357 0.472688 0.520536 0.566762 0.611315 0.654188 0.695404 0.734995 0.772997 0.809446 0.84438 0.877833 0.909837 0.940428 0.969639 0.997505 1.02406 1.04935 1.0734 1.09627 1.11797 1.13857 1.1581 1.1766 1.19411 1.21068 1.22635 1.24115 1.25513 1.26833 1.28078 1.29252 1.30358 1.31401 1.32383 1.33308 1.34178 1.34997 1.35767 1.36491 1.37172 1.37812 1.38414 1.38979 1.3951 1.40008 1.40477 1.40916 1.41329 1.41716 1.42079 1.42429 1.42757 1.43065 1.43354 1.43625 1.43879 1.44117 1.4434 1.4455 1.44746 1.44931 1.45103 1.45265 1.45417 1.45559 1.45692 1.45817 1.45934 1.46044 1.46147 1.46243 1.46333 1.46418 1.46497 1.46571 1.46641 1.46706 1.46767 1.46824 1.46914 #female fecundity; weighted by N in year Y_init across morphs and areas
# Age specific selectivity and weight adjusted for discard and discard mortality
 #wt and selex for gender,fleet: 1 1
 0.010951 0.0223247 0.061801 0.120424 0.197707 0.290555 0.395407 0.509036 0.628793 0.75264 0.879126 1.00736 1.13695 1.26788 1.40035 1.53454 1.67054 1.80818 1.94705 2.08655 2.22591 2.36434 2.50102 2.63524 2.76638 2.89394 3.01754 3.13689 3.25183 3.36223 3.46805 3.56929 3.66599 3.75821 3.84605 3.9296 4.009 4.08437 4.15586 4.22359 4.28773 4.34841 4.40578 4.45999 4.51118 4.5595 4.60508 4.64805 4.68856 4.72672 4.76266 4.79649 4.82832 4.85828 4.88645 4.91294 4.93784 4.96124 4.98323 5.00389 5.02329 5.04151 5.05861 5.07467 5.08974 5.10389 5.11716 5.12962 5.1413 5.15226 5.16264 5.17247 5.18169 5.19033 5.19843 5.20603 5.21316 5.21984 5.2261 5.23197 5.23747 5.24262 5.24745 5.25198 5.25623 5.2602 5.26393 5.26742 5.2707 5.27376 5.27664 5.27933 5.28185 5.28421 5.28643 5.2885 5.29045 5.29227 5.29397 5.29557 5.29807
 0 0 0 0 0 0 0 0 0 0 0 0 0 0 0 0 0 0 0 0 0 0 0 0 0 0 0 0 0 0 0 0 0 0 0 0 0 0 0 0 0 0 0 0 0 0 0 0 0 0 0 0 0 0 0 0 0 0 0 0 0 0 0 0 0 0 0 0 0 0 0 0 0 0 0 0 0 0 0 0 0 0 0 0 0 0 0 0 0 0 0 0 0 0 0 0 0 0 0 1 0
 #wt and selex for gender,fleet: 1 3
 0.0108598 0.0207472 0.0555913 0.108305 0.178365 0.263428 0.360616 0.467197 0.58084 0.69974 0.822693 0.949102 1.07883 1.21196 1.34852 1.48831 1.63083 1.77532 1.92081 2.06629 2.21075 2.35331 2.4932 2.62982 2.76269 2.89147 3.01591 3.13583 3.25114 3.36179 3.46777 3.56911 3.66587 3.75814 3.846 3.92957 4.00898 4.08436 4.15585 4.22359 4.28772 4.3484 4.40577 4.45999 4.51118 4.5595 4.60508 4.64805 4.68856 4.72672 4.76266 4.79649 4.82832 4.85828 4.88645 4.91294 4.93784 4.96124 4.98323 5.00389 5.02329 5.04151 5.05861 5.07467 5.08974 5.10389 5.11716 5.12962 5.1413 5.15226 5.16264 5.17247 5.18169 5.19033 5.19843 5.20603 5.21316 5.21984 5.2261 5.23196 5.23747 5.24262 5.24745 5.25198 5.25623 5.2602 5.26393 5.26742 5.2707 5.27376 5.27664 5.27933 5.28185 5.28421 5.28643 5.2885 5.29045 5.29227 5.29397 5.29557 5.29807
 0 0 0 0 0 0 0 0 0 0 0 0 0 0 0 0 0 0 0 0 0 0 0 0 0 0 0 0 0 0 0 0 0 0 0 0 0 0 0 0 0 0 0 0 0 0 0 0 0 0 0 0 0 0 0 0 0 0 0 0 0 0 0 0 0 0 0 0 0 0 0 0 0 0 0 0 0 0 0 0 0 0 0 0 0 0 0 0 0 0 0 0 0 0 0 0 0 0 0 1 0
 #wt and selex for gender,fleet: 1 4
 0.0107862 0.019454 0.0502906 0.0989066 0.165372 0.248362 0.345778 0.455287 0.574614 0.701678 0.834649 0.971955 1.11227 1.25448 1.39773 1.5413 1.68465 1.82737 1.96908 2.10946 2.24816 2.38485 2.51917 2.65077 2.7793 2.90444 3.02591 3.14347 3.25692 3.36614 3.47103 3.57155 3.66769 3.75949 3.84701 3.93033 4.00955 4.08479 4.15617 4.22383 4.28791 4.34855 4.40589 4.46007 4.51125 4.55955 4.60512 4.64809 4.68859 4.72674 4.76268 4.7965 4.82834 4.85829 4.88646 4.91295 4.93785 4.96125 4.98324 5.00389 5.02329 5.04151 5.05862 5.07468 5.08975 5.10389 5.11717 5.12962 5.14131 5.15227 5.16264 5.17247 5.18169 5.19033 5.19844 5.20604 5.21316 5.21984 5.2261 5.23197 5.23747 5.24262 5.24746 5.25198 5.25623 5.26021 5.26393 5.26742 5.2707 5.27376 5.27664 5.27933 5.28185 5.28421 5.28643 5.2885 5.29045 5.29227 5.29397 5.29557 5.29807
 0 0 0 0 0 0 0 0 0 0 0 0 0 0 0 0 0 0 0 0 0 0 0 0 0 0 0 0 0 0 0 0 0 0 0 0 0 0 0 0 0 0 0 0 0 0 0 0 0 0 0 0 0 0 0 0 0 0 0 0 0 0 0 0 0 0 0 0 0 0 0 0 0 0 0 0 0 0 0 0 0 0 0 0 0 0 0 0 0 0 0 0 0 0 0 0 0 0 0 1 0
 #wt and selex for gender,fleet: 1 5
 0.0108684 0.0209209 0.0567385 0.111705 0.185825 0.276968 0.382213 0.498597 0.623445 0.754481 0.889834 1.028 1.16778 1.30828 1.4488 1.58888 1.7282 1.86653 2.00371 2.13958 2.27395 2.4066 2.53725 2.66559 2.7913 2.91404 3.03351 3.14943 3.26157 3.36973 3.4738 3.57367 3.66932 3.76074 3.84796 3.93106 4.01011 4.08522 4.15651 4.22409 4.28811 4.34871 4.40601 4.46017 4.51133 4.55962 4.60517 4.64813 4.68862 4.72677 4.7627 4.79652 4.82836 4.85831 4.88647 4.91296 4.93786 4.96126 4.98324 5.0039 5.0233 5.04152 5.05862 5.07468 5.08975 5.1039 5.11717 5.12962 5.14131 5.15227 5.16265 5.17247 5.18169 5.19033 5.19844 5.20604 5.21316 5.21984 5.2261 5.23197 5.23747 5.24263 5.24746 5.25199 5.25623 5.26021 5.26393 5.26743 5.2707 5.27377 5.27664 5.27933 5.28185 5.28422 5.28643 5.28851 5.29045 5.29227 5.29397 5.29557 5.29807
 0 0 0 0 0 0 0 0 0 0 0 0 0 0 0 0 0 0 0 0 0 0 0 0 0 0 0 0 0 0 0 0 0 0 0 0 0 0 0 0 0 0 0 0 0 0 0 0 0 0 0 0 0 0 0 0 0 0 0 0 0 0 0 0 0 0 0 0 0 0 0 0 0 0 0 0 0 0 0 0 0 0 0 0 0 0 0 0 0 0 0 0 0 0 0 0 0 0 0 1 0
 #wt and selex for gender,fleet: 1 6
 0.0113932 0.0287947 0.0789219 0.146613 0.228879 0.320071 0.41584 0.513647 0.612957 0.714954 0.821687 0.935125 1.05649 1.18596 1.32275 1.46537 1.61199 1.76081 1.91021 2.05884 2.20567 2.34988 2.49088 2.62821 2.76151 2.89054 3.01511 3.1351 3.25043 3.36109 3.46706 3.56839 3.66514 3.75738 3.84523 3.92879 4.00818 4.08355 4.15502 4.22275 4.28688 4.34755 4.40491 4.45912 4.5103 4.55861 4.60419 4.64716 4.68766 4.72582 4.76175 4.79558 4.82741 4.85736 4.88553 4.91202 4.93691 4.96031 4.9823 5.00296 5.02236 5.04057 5.05768 5.07374 5.08881 5.10295 5.11623 5.12868 5.14036 5.15132 5.1617 5.17152 5.18074 5.18938 5.19748 5.20507 5.21219 5.21887 5.22513 5.23099 5.23649 5.24165 5.24648 5.251 5.25525 5.25922 5.26295 5.26644 5.26971 5.27277 5.27565 5.27834 5.28086 5.28322 5.28544 5.28751 5.28945 5.29127 5.29298 5.29457 5.29707
 0 0 0 0 0 0 0 0 0 0 0 0 0 0 0 0 0 0 0 0 0 0 0 0 0 0 0 0 0 0 0 0 0 0 0 0 0 0 0 0 0 0 0 0 0 0 0 0 0 0 0 0 0 0 0 0 0 0 0 0 0 0 0 0 0 0 0 0 0 0 0 0 0 0 0 0 0 0 0 0 0 0 0 0 0 0 0 0 0 0 0 0 0 0 0 0 0 0 0 1 0
 #wt and selex for gender,fleet: 1 7
 0.0113841 0.028867 0.0810594 0.154435 0.246784 0.352258 0.46569 0.583227 0.702285 0.821375 0.939972 1.05835 1.17734 1.29799 1.42127 1.54787 1.67801 1.81149 1.94767 2.08563 2.22428 2.36253 2.49933 2.63382 2.76525 2.89309 3.01691 3.13645 3.25152 3.36202 3.46791 3.56919 3.66592 3.75817 3.84602 3.92958 4.00899 4.08437 4.15585 4.22359 4.28772 4.3484 4.40578 4.45999 4.51118 4.5595 4.60508 4.64805 4.68856 4.72672 4.76266 4.79649 4.82832 4.85828 4.88645 4.91294 4.93784 4.96124 4.98323 5.00389 5.02329 5.04151 5.05861 5.07467 5.08974 5.10389 5.11716 5.12962 5.1413 5.15226 5.16264 5.17247 5.18169 5.19033 5.19843 5.20603 5.21316 5.21984 5.2261 5.23196 5.23747 5.24262 5.24745 5.25198 5.25623 5.2602 5.26393 5.26742 5.2707 5.27376 5.27664 5.27933 5.28185 5.28421 5.28643 5.2885 5.29045 5.29227 5.29397 5.29557 5.29807
 0 0 0 0 0 0 0 0 0 0 0 0 0 0 0 0 0 0 0 0 0 0 0 0 0 0 0 0 0 0 0 0 0 0 0 0 0 0 0 0 0 0 0 0 0 0 0 0 0 0 0 0 0 0 0 0 0 0 0 0 0 0 0 0 0 0 0 0 0 0 0 0 0 0 0 0 0 0 0 0 0 0 0 0 0 0 0 0 0 0 0 0 0 0 0 0 0 0 0 1 0
# M and current age-structure in year Yinit: 2011
 # gender = 1
 0.0439034 0.0439034 0.0439034 0.0439034 0.0439034 0.0439034 0.0439034 0.0439034 0.0439034 0.0439034 0.0439034 0.0439034 0.0439034 0.0439034 0.0439034 0.0439034 0.0439034 0.0439034 0.0439034 0.0439034 0.0439034 0.0439034 0.0439034 0.0439034 0.0439034 0.0439034 0.0439034 0.0439034 0.0439034 0.0439034 0.0439034 0.0439034 0.0439034 0.0439034 0.0439034 0.0439034 0.0439034 0.0439034 0.0439034 0.0439034 0.0439034 0.0439034 0.0439034 0.0439034 0.0439034 0.0439034 0.0439034 0.0439034 0.0439034 0.0439034 0.0439034 0.0439034 0.0439034 0.0439034 0.0439034 0.0439034 0.0439034 0.0439034 0.0439034 0.0439034 0.0439034 0.0439034 0.0439034 0.0439034 0.0439034 0.0439034 0.0439034 0.0439034 0.0439034 0.0439034 0.0439034 0.0439034 0.0439034 0.0439034 0.0439034 0.0439034 0.0439034 0.0439034 0.0439034 0.0439034 0.0439034 0.0439034 0.0439034 0.0439034 0.0439034 0.0439034 0.0439034 0.0439034 0.0439034 0.0439034 0.0439034 0.0439034 0.0439034 0.0439034 0.0439034 0.0439034 0.0439034 0.0439034 0.0439034 0.0439034 0.0439034
 230.459 236.914 209.98 276.914 173.216 130.366 97.5935 71.8323 147.162 305.354 102.31 74.0776 151.755 72.617 42.5662 34.9312 34.893 73.4973 100.047 35.6792 27.3306 29.1446 31.7597 32.4864 33.1537 31.6709 36.2201 45.2498 32.8202 41.5174 26.3144 17.3998 13.1901 9.85302 10.4479 9.80352 9.2423 5.8448 5.43046 6.5794 9.94169 6.72054 5.00233 3.67976 2.80275 2.2694 1.7321 1.40639 1.32621 1.41391 1.5796 1.66883 1.56339 1.35852 1.16987 1.03648 0.963116 0.943518 0.971976 1.04608 1.15786 1.27526 1.32875 1.26337 1.11934 0.970922 0.849788 0.758561 0.691267 0.640409 0.600808 0.568927 0.542562 0.520016 0.49951 0.479492 0.458901 0.43757 0.41599 0.395027 0.375455 0.357754 0.342006 0.328108 0.315741 0.304517 0.294087 0.284161 0.274503 0.26497 0.255475 0.245979 0.236495 0.227094 0.217772 0.208484 0.199468 0.190766 0.182403 0.174396 3.91353
# Age-structure at Ydeclare= 2013
 117.044 109.922 211.085 216.994 192.316 253.594 158.596 119.32 89.2784 65.6684 134.433 278.727 93.3208 67.5257 138.258 66.1297 38.7503 31.7916 31.7507 66.8695 91.0155 32.4562 24.8605 26.5095 28.8872 29.5473 30.1533 28.8039 32.9401 41.1505 29.8458 37.7532 23.9275 15.8209 11.9928 8.95829 9.49887 8.91275 8.40229 5.31343 4.93663 5.98092 9.03713 6.1089 4.54695 3.34471 2.5475 2.06268 1.5743 1.27824 1.20535 1.28504 1.43562 1.5167 1.42087 1.23467 1.06321 0.94198 0.875299 0.857486 0.883348 0.950693 1.05228 1.15897 1.20758 1.14816 1.01726 0.88238 0.772291 0.689383 0.628226 0.582005 0.546015 0.517041 0.49308 0.472591 0.453954 0.435762 0.417049 0.397662 0.378051 0.359 0.341213 0.325126 0.310815 0.298185 0.286945 0.276745 0.267267 0.258246 0.249469 0.240805 0.232176 0.223547 0.214927 0.206384 0.197912 0.189471 0.181277 0.173369 3.8809
# Year for Tmin Age-structure (set to Ydecl by SS)
2013
#  recruitment and biomass
# Number of historical assessment years
129
# Historical data
# year recruitment spawner in B0 in R project in R/S project
1888  1889 1890 1891 1892 1893 1894 1895 1896 1897 1898 1899 1900 1901 1902 1903 1904 1905 1906 1907 1908 1909 1910 1911 1912 1913 1914 1915 1916 1917 1918 1919 1920 1921 1922 1923 1924 1925 1926 1927 1928 1929 1930 1931 1932 1933 1934 1935 1936 1937 1938 1939 1940 1941 1942 1943 1944 1945 1946 1947 1948 1949 1950 1951 1952 1953 1954 1955 1956 1957 1958 1959 1960 1961 1962 1963 1964 1965 1966 1967 1968 1969 1970 1971 1972 1973 1974 1975 1976 1977 1978 1979 1980 1981 1982 1983 1984 1985 1986 1987 1988 1989 1990 1991 1992 1993 1994 1995 1996 1997 1998 1999 2000 2001 2002 2003 2004 2005 2006 2007 2008 2009 2010 2011 2012 2013 2014 2015 2016 #years (with first value representing R0)
222.934 218.473 218.329 218.181 218.028 217.864 217.695 217.521 217.348 217.171 216.99 216.804 216.61 216.413 216.215 216.001 215.785 215.567 215.35 215.143 214.939 214.735 214.534 214.333 214.13 213.905 213.638 213.293 212.837 212.223 211.231 209.939 208.375 206.505 204.343 201.945 199.383 196.757 194.208 191.883 189.934 188.503 187.664 187.363 187.462 187.662 187.598 186.94 185.579 183.681 181.703 180.181 179.618 180.381 182.891 187.827 196.131 209.096 227.363 249.45 267.918 268.107 244.793 211.405 181.638 160.467 148.062 143.607 146.773 157.225 173.13 188.714 190.523 170.25 143.537 126.454 125.514 144.077 175.105 199.493 240.132 297.286 361.2 479.725 282.986 206.725 195.604 270.194 248.868 229.019 185.502 212.212 238.124 305.193 407.104 271.991 317.683 216.405 162.228 146.946 125.937 108.95 89.5764 76.1766 91.246 237.284 163.144 72.9942 69.2222 80.1668 130.258 259.579 120.932 159.491 454.778 209.49 97.7775 127.069 162.401 206.485 315.906 229.252 247.547 230.459 114.856 117.044 120.147 138.899 178.524  #recruits; first value is R0 (virgin)
2315.45  2315.45 2315.44 2315.43 2315.42 2314.55 2313.7 2312.87 2312.67 2312.64 2312.6 2312.55 2312.44 2312.26 2311.98 2311.6 2311.1 2310.45 2309.71 2308.85 2307.88 2306.57 2305.4 2304.12 2302.77 2301.33 2299.81 2298.22 2296.41 2294.17 2291.53 2284.7 2280.99 2277.46 2274.01 2271.08 2267.94 2263.65 2258.61 2251.9 2243.7 2235.64 2228.45 2220.53 2214.61 2208.94 2203.22 2196.36 2189.39 2180.4 2171.89 2162.74 2154.82 2144.57 2131.3 2117.36 2094.39 2070.13 2035.47 2003.59 1987.51 1970.12 1956.3 1941.11 1922.94 1907.41 1895.65 1882 1869.32 1856.81 1842.22 1829.22 1818.43 1809.95 1805.13 1798.98 1796.24 1796.13 1776.75 1771.84 1763.68 1755.21 1728.69 1711.71 1688.44 1658.84 1626.46 1590.53 1555.31 1514.65 1474.76 1409.8 1347.51 1299.29 1235.98 1130.16 1033.44 980.978 904.453 861.679 813.797 770.586 715.863 677.06 611.868 552.84 496.971 468.805 440.642 408.688 372.452 363.711 345.769 353.148 359.082 375.599 392.753 410.581 428.533 447.355 465.422 484.573 504.082 525.695 548.582 572.697 598.717 626.622 655.188 #spbio; first value is SSB_virgin (virgin)
1 0 0 0 0 0 0 0 0 0 0 0 0 0 0 0 0 0 0 0 0 0 0 0 0 0 0 0 0 0 0 0 0 0 0 0 0 0 0 0 0 0 0 0 0 0 0 0 0 0 0 0 0 0 0 0 0 0 0 0 0 0 0 0 0 0 0 0 0 0 0 0 0 0 0 0 0 0 0 0 0 0 0 0 0 0 0 0 0 0 0 0 0 0 0 0 0 0 0 0 0 0 0 0 0 0 0 0 0 0 0 0 0 0 0 0 0 0 0 0 0 0 0 0 0 0 0 0 0  # in Bzero
0 1 1 1 1 1 1 1 1 1 1 1 1 1 1 1 1 1 1 1 1 1 1 1 1 1 1 1 1 1 1 1 1 1 1 1 1 1 1 1 1 1 1 1 1 1 1 1 1 1 1 1 1 1 1 1 1 1 1 1 1 1 1 1 1 1 1 1 1 1 1 1 1 1 1 1 1 1 1 1 1 1 1 1 1 1 1 1 1 1 1 1 1 1 1 1 1 1 1 1 1 1 1 1 1 1 1 1 1 1 1 1 1 1 1 1 1 1 1 1 1 1 1 1 1 1  0 0 0 # in R project
0 1 1 1 1 1 1 1 1 1 1 1 1 1 1 1 1 1 1 1 1 1 1 1 1 1 1 1 1 1 1 1 1 1 1 1 1 1 1 1 1 1 1 1 1 1 1 1 1 1 1 1 1 1 1 1 1 1 1 1 1 1 1 1 1 1 1 1 1 1 1 1 1 1 1 1 1 1 1 1 1 1 1 1 1 1 1 1 1 1 1 1 1 1 1 1 1 1 1 1 1 1 1 1 1 1 1 1 1 1 1 1 1 1 1 1 1 1 1 1 1 1 1 1 1 1  0 0 0 # in R/S project
# Number of years with pre-specified catches
0
# catches for years with pre-specified catches go next
# Number of future recruitments to override
-2
# Process for overiding (-1 for average otherwise index in data list)
# Which probability to product detailed results for (1=0.5; 2=0.6; etc.)
3
# Steepness sigma-R Auto-correlation
0.718 0.5 0
# Target SPR rate (FMSY Proxy); manually change to SPR_MSY if not using SPR_target
0.5
# Discount rate (for cumulative catch)
0.1
# Truncate the series when 0.4B0 is reached (1=Yes)
0
# Set F to FMSY once 0.4B0 is reached (1=Yes)
0
# Maximum possible F for projection (-1 to set to FMSY)
-1
# Defintion of recovery (1=now only;2=now or before)
2
# Projection type
4
# Definition of the 40-10 rule
10 40
# Calculate coefficients of variation (1=Yes)
0
# Number of replicates to use
10
# Random number seed
-99004
# File with multiple parameter vectors 
rebuild.SSO
# User-specific projection (1=Yes); Output replaced (1->9)
0  5
# Catches and Fs (Year; 1/2/3 (F or C or SPR); value); Final row is -1
2016 1 1
-1 -1 -1
# Fixed catch project (1=Yes); Output replaced (1->9); Approach (-1=Read in else 1-9)
0 2 -1
# Split of Fs
2011  0.000522502
 0
 0.165139
 0.00684761
 0.265702
 0.244104
 0.317685
-1  1 1 1 1 1 1 1 1 1 1 1 1
# Yrs to define T_target for projection type 4 (a.k.a. 5 pre-specified inputs)
2022 2023 2024 2025 2026 
# Year for probability of recovery
2026 2027 2028 2029 2030 2031 2032 2033
# Time varying weight-at-age (1=Yes;0=No)
0
# File with time series of weight-at-age data
none
# Use bisection (0) or linear interpolation (1)
1
# Target Depletion
0.4
# CV of implementation error
0
