#Title, #runnumber: 272 yelloweye_data.ss yelloweye_control.ss 5701 3071.96 889.924 StartTime: Fri Jul 21 13:27:23 2017
SSv3_default_rebuild.dat
# Number of sexes
1
# Age range to consider (minimum age; maximum age)
0 100
# Number of fleets
12
# First year of projection (Yinit)
2011
# First Year of rebuilding period (Ydecl)
2013
# Number of simulations
1000
# Maximum number of years
500
# Conduct projections with multiple starting values (0=No;else yes)
0
# Number of parameter vectors
1000
# Is the maximum age a plus-group (1=Yes;2=No)
1
# Generate future recruitments using historical recruitments (1)  historical recruits/spawner (2)  or a stock-recruitment (3)
3
# Constant fishing mortality (1) or constant Catch (2) projections
1
# Fishing mortality based on SPR (1) or actual rate (2)
1
# Pre-specify the year of recovery (or -1) to ignore
-1
# Fecundity-at-age
# 0 1 2 3 4 5 6 7 8 9 10 11 12 13 14 15 16 17 18 19 20 21 22 23 24 25 26 27 28 29 30 31 32 33 34 35 36 37 38 39 40 41 42 43 44 45 46 47 48 49 50 51 52 53 54 55 56 57 58 59 60 61 62 63 64 65 66 67 68 69 70 71 72 73 74 75 76 77 78 79 80 81 82 83 84 85 86 87 88 89 90 91 92 93 94 95 96 97 98 99 100 #runnumber: 272 yelloweye_data.ss yelloweye_control.ss 5701 3071.96 889.924
 0 0 2.92619e-008 3.76565e-007 3.43178e-006 2.40065e-005 0.000133794 0.000598567 0.00214321 0.00618907 0.0147418 0.0298333 0.0528348 0.0840459 0.122712 0.167351 0.216175 0.267449 0.319703 0.371824 0.423046 0.472892 0.521098 0.567548 0.612214 0.655117 0.696301 0.735818 0.773722 0.81006 0.844876 0.878211 0.910102 0.940585 0.969696 0.997471 1.02395 1.04916 1.07314 1.09594 1.1176 1.13815 1.15763 1.17609 1.19357 1.21011 1.22575 1.24053 1.25449 1.26766 1.2801 1.29182 1.30288 1.31329 1.32311 1.33234 1.34104 1.34922 1.35692 1.36416 1.37097 1.37736 1.38338 1.38903 1.39433 1.39932 1.404 1.40839 1.41252 1.41639 1.42003 1.42353 1.42681 1.42989 1.43278 1.43549 1.43803 1.44041 1.44265 1.44474 1.44671 1.44855 1.45028 1.4519 1.45342 1.45484 1.45618 1.45743 1.4586 1.4597 1.46073 1.46169 1.46259 1.46344 1.46423 1.46498 1.46568 1.46633 1.46694 1.46751 1.46841 #female fecundity; weighted by N in year Y_init across morphs and areas
# Age specific selectivity and weight adjusted for discard and discard mortality
 #wt and selex for gender,fleet: 1 1
 0.0109588 0.022279 0.0612966 0.119399 0.196161 0.28862 0.393305 0.50703 0.627147 0.751586 0.878832 1.0079 1.13828 1.26987 1.40276 1.53711 1.673 1.8103 1.94867 2.08756 2.22628 2.36408 2.50018 2.6339 2.76461 2.89181 3.01512 3.13425 3.249 3.35925 3.46495 3.5661 3.66272 3.75488 3.84266 3.92618 4.00554 4.08088 4.15234 4.22006 4.28418 4.34485 4.40221 4.45642 4.50761 4.55593 4.60151 4.64449 4.68501 4.72317 4.75912 4.79296 4.82481 4.85477 4.88296 4.90946 4.93437 4.95779 4.97979 5.00046 5.01988 5.03811 5.05523 5.0713 5.08639 5.10055 5.11383 5.1263 5.138 5.14897 5.15936 5.1692 5.17843 5.18708 5.1952 5.20281 5.20994 5.21663 5.2229 5.22878 5.23428 5.23945 5.24429 5.24882 5.25308 5.25706 5.26079 5.26429 5.26757 5.27064 5.27352 5.27622 5.27875 5.28112 5.28334 5.28541 5.28736 5.28919 5.2909 5.2925 5.295
 0 0 0 0 0 0 0 0 0 0 0 0 0 0 0 0 0 0 0 0 0 0 0 0 0 0 0 0 0 0 0 0 0 0 0 0 0 0 0 0 0 0 0 0 0 0 0 0 0 0 0 0 0 0 0 0 0 0 0 0 0 0 0 0 0 0 0 0 0 0 0 0 0 0 0 0 0 0 0 0 0 0 0 0 0 0 0 0 0 0 0 0 0 0 0 0 0 0 0 1 0
 #wt and selex for gender,fleet: 1 3
 0.0108729 0.020789 0.0554235 0.107911 0.177787 0.262786 0.360088 0.466981 0.581129 0.700676 0.824322 0.95134 1.08147 1.21473 1.35111 1.49048 1.6324 1.7762 1.921 2.06582 2.20972 2.35181 2.49132 2.62763 2.76026 2.88885 3.01313 3.13292 3.24812 3.35868 3.46458 3.56585 3.66256 3.75477 3.84259 3.92613 4.00551 4.08086 4.15233 4.22005 4.28417 4.34484 4.40221 4.45642 4.50761 4.55593 4.60151 4.64449 4.68501 4.72317 4.75912 4.79296 4.82481 4.85478 4.88296 4.90946 4.93438 4.95779 4.97979 5.00046 5.01988 5.03811 5.05523 5.0713 5.08639 5.10055 5.11383 5.1263 5.138 5.14897 5.15936 5.1692 5.17843 5.18708 5.1952 5.20281 5.20994 5.21663 5.2229 5.22878 5.23429 5.23945 5.24429 5.24883 5.25308 5.25706 5.2608 5.26429 5.26757 5.27065 5.27352 5.27622 5.27875 5.28112 5.28334 5.28542 5.28736 5.28919 5.2909 5.2925 5.295
 0 0 0 0 0 0 0 0 0 0 0 0 0 0 0 0 0 0 0 0 0 0 0 0 0 0 0 0 0 0 0 0 0 0 0 0 0 0 0 0 0 0 0 0 0 0 0 0 0 0 0 0 0 0 0 0 0 0 0 0 0 0 0 0 0 0 0 0 0 0 0 0 0 0 0 0 0 0 0 0 0 0 0 0 0 0 0 0 0 0 0 0 0 0 0 0 0 0 0 1 0
 #wt and selex for gender,fleet: 1 4
 0.0108058 0.0196095 0.0506386 0.099453 0.166128 0.249325 0.346933 0.456608 0.576065 0.703219 0.836238 0.973548 1.11382 1.25596 1.39907 1.54247 1.68561 1.82807 1.96949 2.10954 2.2479 2.38424 2.51822 2.64948 2.7777 2.90256 3.02376 3.14109 3.25434 3.36339 3.46813 3.56852 3.66456 3.75627 3.84372 3.92698 4.00615 4.08134 4.15269 4.22033 4.28439 4.34501 4.40234 4.45652 4.50769 4.55599 4.60156 4.64454 4.68504 4.7232 4.75914 4.79298 4.82483 4.85479 4.88297 4.90947 4.93438 4.9578 4.9798 5.00047 5.01988 5.03812 5.05523 5.07131 5.08639 5.10055 5.11384 5.1263 5.138 5.14897 5.15936 5.1692 5.17843 5.18708 5.1952 5.20281 5.20994 5.21663 5.2229 5.22878 5.23429 5.23945 5.24429 5.24883 5.25308 5.25706 5.2608 5.26429 5.26757 5.27065 5.27352 5.27622 5.27875 5.28112 5.28334 5.28542 5.28736 5.28919 5.2909 5.2925 5.295
 0 0 0 0 0 0 0 0 0 0 0 0 0 0 0 0 0 0 0 0 0 0 0 0 0 0 0 0 0 0 0 0 0 0 0 0 0 0 0 0 0 0 0 0 0 0 0 0 0 0 0 0 0 0 0 0 0 0 0 0 0 0 0 0 0 0 0 0 0 0 0 0 0 0 0 0 0 0 0 0 0 0 0 0 0 0 0 0 0 0 0 0 0 0 0 0 0 0 0 1 0
 #wt and selex for gender,fleet: 1 5
 0.0108874 0.021064 0.0569337 0.111889 0.185934 0.276939 0.381988 0.498131 0.622704 0.753439 0.888472 1.0263 1.16575 1.30591 1.44611 1.58589 1.72494 1.86306 2.00008 2.13584 2.27016 2.40279 2.53345 2.66182 2.78758 2.91037 3.02989 3.14585 3.25801 3.3662 3.47028 3.57015 3.6658 3.75721 3.84443 3.92752 4.00656 4.08166 4.15294 4.22052 4.28454 4.34513 4.40243 4.45659 4.50775 4.55604 4.6016 4.64457 4.68507 4.72322 4.75916 4.793 4.82484 4.8548 4.88298 4.90948 4.93439 4.95781 4.97981 5.00047 5.01989 5.03812 5.05524 5.07131 5.0864 5.10055 5.11384 5.12631 5.138 5.14898 5.15937 5.16921 5.17843 5.18709 5.1952 5.20281 5.20994 5.21663 5.2229 5.22878 5.23429 5.23945 5.24429 5.24883 5.25308 5.25706 5.2608 5.2643 5.26758 5.27065 5.27353 5.27623 5.27875 5.28112 5.28334 5.28542 5.28737 5.28919 5.2909 5.2925 5.29501
 0 0 0 0 0 0 0 0 0 0 0 0 0 0 0 0 0 0 0 0 0 0 0 0 0 0 0 0 0 0 0 0 0 0 0 0 0 0 0 0 0 0 0 0 0 0 0 0 0 0 0 0 0 0 0 0 0 0 0 0 0 0 0 0 0 0 0 0 0 0 0 0 0 0 0 0 0 0 0 0 0 0 0 0 0 0 0 0 0 0 0 0 0 0 0 0 0 0 0 1 0
 #wt and selex for gender,fleet: 1 6
 0.011432 0.0291669 0.0794211 0.147149 0.229282 0.320166 0.41548 0.512747 0.611526 0.713092 0.81955 0.932876 1.05426 1.18383 1.32074 1.46344 1.61011 1.75891 1.90824 2.05678 2.20349 2.34758 2.48846 2.62566 2.75884 2.88776 3.01223 3.13212 3.24737 3.35795 3.46385 3.56512 3.66181 3.75401 3.84181 3.92534 4.0047 4.08004 4.1515 4.21921 4.28332 4.34398 4.40134 4.45554 4.50672 4.55503 4.60061 4.64359 4.6841 4.72226 4.7582 4.79204 4.82389 4.85385 4.88203 4.90853 4.93344 4.95685 4.97885 4.99952 5.01893 5.03717 5.05428 5.07035 5.08544 5.0996 5.11288 5.12535 5.13705 5.14802 5.1584 5.16824 5.17747 5.18612 5.19423 5.20183 5.20896 5.21565 5.22192 5.22779 5.2333 5.23846 5.2433 5.24783 5.25208 5.25607 5.2598 5.2633 5.26657 5.26965 5.27252 5.27522 5.27775 5.28011 5.28233 5.28441 5.28636 5.28818 5.28989 5.29149 5.29399
 0 0 0 0 0 0 0 0 0 0 0 0 0 0 0 0 0 0 0 0 0 0 0 0 0 0 0 0 0 0 0 0 0 0 0 0 0 0 0 0 0 0 0 0 0 0 0 0 0 0 0 0 0 0 0 0 0 0 0 0 0 0 0 0 0 0 0 0 0 0 0 0 0 0 0 0 0 0 0 0 0 0 0 0 0 0 0 0 0 0 0 0 0 0 0 0 0 0 0 1 0
 #wt and selex for gender,fleet: 1 7
 0.0107097 0.0178814 0.0431365 0.50022 0.525171 0.554205 0.590411 0.634363 0.688355 0.755134 0.836956 0.93488 1.04836 1.17531 1.31268 1.45718 1.60585 1.75632 1.90684 2.05615 2.20334 2.34771 2.48875 2.62606 2.75931 2.88828 3.01279 3.13272 3.24801 3.35861 3.46454 3.56583 3.66255 3.75477 3.84259 3.92613 4.00551 4.08086 4.15233 4.22005 4.28417 4.34484 4.40221 4.45642 4.50761 4.55593 4.60151 4.64449 4.68501 4.72317 4.75912 4.79296 4.82481 4.85478 4.88296 4.90946 4.93438 4.95779 4.97979 5.00046 5.01988 5.03811 5.05523 5.0713 5.08639 5.10055 5.11383 5.1263 5.138 5.14897 5.15936 5.1692 5.17843 5.18708 5.1952 5.20281 5.20994 5.21663 5.2229 5.22878 5.23429 5.23945 5.24429 5.24883 5.25308 5.25706 5.2608 5.26429 5.26757 5.27065 5.27352 5.27622 5.27875 5.28112 5.28334 5.28542 5.28736 5.28919 5.2909 5.2925 5.295
 0 0 0 0 0 0 0 0 0 0 0 0 0 0 0 0 0 0 0 0 0 0 0 0 0 0 0 0 0 0 0 0 0 0 0 0 0 0 0 0 0 0 0 0 0 0 0 0 0 0 0 0 0 0 0 0 0 0 0 0 0 0 0 0 0 0 0 0 0 0 0 0 0 0 0 0 0 0 0 0 0 0 0 0 0 0 0 0 0 0 0 0 0 0 0 0 0 0 0 1 0
# M and current age-structure in year Yinit: 2011
 # gender = 1
 0.0439034 0.0439034 0.0439034 0.0439034 0.0439034 0.0439034 0.0439034 0.0439034 0.0439034 0.0439034 0.0439034 0.0439034 0.0439034 0.0439034 0.0439034 0.0439034 0.0439034 0.0439034 0.0439034 0.0439034 0.0439034 0.0439034 0.0439034 0.0439034 0.0439034 0.0439034 0.0439034 0.0439034 0.0439034 0.0439034 0.0439034 0.0439034 0.0439034 0.0439034 0.0439034 0.0439034 0.0439034 0.0439034 0.0439034 0.0439034 0.0439034 0.0439034 0.0439034 0.0439034 0.0439034 0.0439034 0.0439034 0.0439034 0.0439034 0.0439034 0.0439034 0.0439034 0.0439034 0.0439034 0.0439034 0.0439034 0.0439034 0.0439034 0.0439034 0.0439034 0.0439034 0.0439034 0.0439034 0.0439034 0.0439034 0.0439034 0.0439034 0.0439034 0.0439034 0.0439034 0.0439034 0.0439034 0.0439034 0.0439034 0.0439034 0.0439034 0.0439034 0.0439034 0.0439034 0.0439034 0.0439034 0.0439034 0.0439034 0.0439034 0.0439034 0.0439034 0.0439034 0.0439034 0.0439034 0.0439034 0.0439034 0.0439034 0.0439034 0.0439034 0.0439034 0.0439034 0.0439034 0.0439034 0.0439034 0.0439034 0.0439034
 309.31 315.583 279.914 360.671 226.799 170.719 127.33 94.3103 195.602 383.367 136.888 98.6162 191.704 97.1706 56.5197 46.0524 46.0328 94.6669 124.021 46.7704 35.4393 37.4996 41.2119 42.3987 42.8591 41.0407 47.0447 58.5761 43.9791 53.4114 35.0362 23.1366 17.0503 12.9414 13.7404 12.7967 12.0787 7.70169 7.18434 8.64499 13.1583 9.05146 6.71304 4.93612 3.75006 3.03653 2.32257 1.88712 1.77905 1.89533 2.11688 2.24099 2.10638 1.83308 1.57745 1.39495 1.29343 1.26461 1.30043 1.39718 1.54367 1.69724 1.76742 1.68336 1.49568 1.30065 1.14022 1.01856 0.928388 0.859958 0.806545 0.763476 0.727823 0.697303 0.669489 0.642274 0.614212 0.585102 0.555642 0.527034 0.500346 0.476236 0.454811 0.435936 0.419174 0.404001 0.389941 0.3766 0.363653 0.350896 0.338206 0.325518 0.312843 0.30028 0.287813 0.275389 0.263336 0.251708 0.240537 0.229849 5.11332
# Age-structure at Ydeclare= 2013
 161.348 150.34 283.307 289.048 256.369 330.305 207.669 156.27 116.495 86.2279 178.707 350.009 124.901 89.9378 174.769 88.5619 51.5016 41.957 41.9343 86.2306 112.961 42.5974 32.276 34.1515 37.5313 38.6112 39.0297 37.373 42.8397 53.3394 40.0466 48.6346 31.9023 21.0667 15.5248 11.7834 12.5107 11.6514 10.9976 7.01228 6.5412 7.87102 11.9801 8.24097 6.11189 4.49407 3.4142 2.76456 2.11454 1.71808 1.61969 1.72554 1.92724 2.04023 1.91768 1.66886 1.43612 1.26998 1.17755 1.15131 1.18392 1.272 1.40537 1.54518 1.60908 1.53254 1.36167 1.18412 1.03806 0.927305 0.84521 0.782911 0.734283 0.695073 0.662614 0.634829 0.609506 0.58473 0.559181 0.53268 0.505859 0.479814 0.455517 0.433568 0.414063 0.396878 0.381618 0.367804 0.355004 0.342859 0.331072 0.319458 0.307905 0.296353 0.284814 0.273377 0.262027 0.250716 0.239743 0.229157 5.08345
# Year for Tmin Age-structure (set to Ydecl by SS)
2013
#  recruitment and biomass
# Number of historical assessment years
129
# Historical data
# year recruitment spawner in B0 in R project in R/S project
1888  1889 1890 1891 1892 1893 1894 1895 1896 1897 1898 1899 1900 1901 1902 1903 1904 1905 1906 1907 1908 1909 1910 1911 1912 1913 1914 1915 1916 1917 1918 1919 1920 1921 1922 1923 1924 1925 1926 1927 1928 1929 1930 1931 1932 1933 1934 1935 1936 1937 1938 1939 1940 1941 1942 1943 1944 1945 1946 1947 1948 1949 1950 1951 1952 1953 1954 1955 1956 1957 1958 1959 1960 1961 1962 1963 1964 1965 1966 1967 1968 1969 1970 1971 1972 1973 1974 1975 1976 1977 1978 1979 1980 1981 1982 1983 1984 1985 1986 1987 1988 1989 1990 1991 1992 1993 1994 1995 1996 1997 1998 1999 2000 2001 2002 2003 2004 2005 2006 2007 2008 2009 2010 2011 2012 2013 2014 2015 2016 #years (with first value representing R0)
296.356 292.328 292.197 292.063 291.925 291.771 291.613 291.451 291.292 291.13 290.965 290.795 290.616 290.436 290.256 290.058 289.859 289.66 289.465 289.285 289.111 288.938 288.773 288.61 288.442 288.244 287.986 287.618 287.09 286.345 285.074 283.375 281.299 278.796 275.895 272.675 269.24 265.732 262.343 259.272 256.725 254.895 253.88 253.602 253.868 254.266 254.283 253.46 251.64 249.05 246.328 244.216 243.408 244.403 247.76 254.375 265.464 282.702 306.801 335.649 359.371 358.906 327.792 283.504 243.966 215.846 199.471 193.811 198.474 212.982 234.676 255.426 257.054 229.296 193.448 170.643 169.545 194.657 236.311 269.507 325.614 403.777 493.037 644.503 378.092 278.624 263.103 361.184 332.973 309.406 250.889 283.173 327.633 421.27 543.52 378.143 425.986 290.341 216.364 194.71 167.729 143.618 116.567 99.4924 120.059 294.476 210.033 96.1884 91.154 106.34 174.157 327.694 160.907 213.308 570.789 278.382 128.355 165.773 212.664 270.357 411.455 305.605 329.746 309.31 157.087 161.348 166.459 192.876 235.888  #recruits; first value is R0 (virgin)
3071.96  3071.96 3071.95 3071.9 3071.82 3070.43 3069.06 3067.66 3067.2 3066.96 3066.69 3066.41 3066.03 3065.56 3064.96 3064.24 3063.37 3062.33 3061.18 3059.89 3058.46 3056.55 3054.88 3053.08 3051.18 3049.17 3047.07 3044.87 3042.37 3040 3037.07 3027.9 3023.43 3019.27 3015.24 3012.03 3008.53 3003.33 2997.02 2988.24 2977.24 2966.54 2957.26 2946.91 2939.65 2932.86 2926.07 2917.66 2909.2 2897.8 2887.26 2875.77 2866.09 2853.19 2835.73 2816.95 2784.66 2750.39 2700.65 2655.37 2633.63 2609.79 2591.9 2572.56 2549.09 2528.99 2514.41 2497.09 2481.59 2466.39 2447.87 2432.71 2420.14 2409.88 2404.57 2397.69 2395.78 2397.69 2371.99 2368.36 2359.99 2351.82 2317.06 2297.21 2267.41 2229.53 2190.02 2146.22 2103.31 2054.62 2006.53 1919.58 1836.1 1773.6 1685.29 1540.57 1405.98 1338.8 1238.9 1183.44 1117.06 1054.17 973.087 918.19 827.498 744.507 664.875 624.353 583.733 536.862 484 472.318 447.194 458.68 467.754 489.307 511.783 534.934 558.237 582.353 605.692 630.204 655.42 683.176 712.613 743.756 777.311 813.495 850.698 #spbio; first value is SSB_virgin (virgin)
1 0 0 0 0 0 0 0 0 0 0 0 0 0 0 0 0 0 0 0 0 0 0 0 0 0 0 0 0 0 0 0 0 0 0 0 0 0 0 0 0 0 0 0 0 0 0 0 0 0 0 0 0 0 0 0 0 0 0 0 0 0 0 0 0 0 0 0 0 0 0 0 0 0 0 0 0 0 0 0 0 0 0 0 0 0 0 0 0 0 0 0 0 0 0 0 0 0 0 0 0 0 0 0 0 0 0 0 0 0 0 0 0 0 0 0 0 0 0 0 0 0 0 0 0 0 0 0 0  # in Bzero
0 1 1 1 1 1 1 1 1 1 1 1 1 1 1 1 1 1 1 1 1 1 1 1 1 1 1 1 1 1 1 1 1 1 1 1 1 1 1 1 1 1 1 1 1 1 1 1 1 1 1 1 1 1 1 1 1 1 1 1 1 1 1 1 1 1 1 1 1 1 1 1 1 1 1 1 1 1 1 1 1 1 1 1 1 1 1 1 1 1 1 1 1 1 1 1 1 1 1 1 1 1 1 1 1 1 1 1 1 1 1 1 1 1 1 1 1 1 1 1 1 1 1 1 1 1  0 0 0 # in R project
0 1 1 1 1 1 1 1 1 1 1 1 1 1 1 1 1 1 1 1 1 1 1 1 1 1 1 1 1 1 1 1 1 1 1 1 1 1 1 1 1 1 1 1 1 1 1 1 1 1 1 1 1 1 1 1 1 1 1 1 1 1 1 1 1 1 1 1 1 1 1 1 1 1 1 1 1 1 1 1 1 1 1 1 1 1 1 1 1 1 1 1 1 1 1 1 1 1 1 1 1 1 1 1 1 1 1 1 1 1 1 1 1 1 1 1 1 1 1 1 1 1 1 1 1 1  0 0 0 # in R/S project
# Number of years with pre-specified catches
0
# catches for years with pre-specified catches go next
# Number of future recruitments to override
-2
# Process for overiding (-1 for average otherwise index in data list)
# Which probability to product detailed results for (1=0.5; 2=0.6; etc.)
3
# Steepness sigma-R Auto-correlation
0.718 0.5 0
# Target SPR rate (FMSY Proxy); manually change to SPR_MSY if not using SPR_target
0.5
# Discount rate (for cumulative catch)
0.1
# Truncate the series when 0.4B0 is reached (1=Yes)
0
# Set F to FMSY once 0.4B0 is reached (1=Yes)
0
# Maximum possible F for projection (-1 to set to FMSY)
-1
# Defintion of recovery (1=now only;2=now or before)
2
# Projection type
4
# Definition of the 40-10 rule
10 40
# Calculate coefficients of variation (1=Yes)
0
# Number of replicates to use
10
# Random number seed
-99004
# File with multiple parameter vectors 
rebuild.SSO
# User-specific projection (1=Yes); Output replaced (1->9)
0  5
# Catches and Fs (Year; 1/2/3 (F or C or SPR); value); Final row is -1
2016 1 1
-1 -1 -1
# Fixed catch project (1=Yes); Output replaced (1->9); Approach (-1=Read in else 1-9)
0 2 -1
# Split of Fs
2011  0.000836334
 0
 0.175734
 0.0092651
 0.357402
 0.21956
 0.237202
-1  1 1 1 1 1 1 1 1 1 1 1 1
# Yrs to define T_target for projection type 4 (a.k.a. 5 pre-specified inputs)
2022 2023 2024 2025 2026 
# Year for probability of recovery
2026 2027 2028 2029 2030 2031 2032 2033
# Time varying weight-at-age (1=Yes;0=No)
0
# File with time series of weight-at-age data
none
# Use bisection (0) or linear interpolation (1)
1
# Target Depletion
0.4
# CV of implementation error
0
