#Title, #runnumber: 3 yelloweye_data.ss yelloweye_control.ss 1118.63 2616.76 1114.41 StartTime: Thu Jun 15 13:26:58 2017
SSv3_default_rebuild.dat
# Number of sexes
1
# Age range to consider (minimum age; maximum age)
0 100
# Number of fleets
12
# First year of projection (Yinit)
2011
# First Year of rebuilding period (Ydecl)
2013
# Number of simulations
1000
# Maximum number of years
500
# Conduct projections with multiple starting values (0=No;else yes)
0
# Number of parameter vectors
1000
# Is the maximum age a plus-group (1=Yes;2=No)
1
# Generate future recruitments using historical recruitments (1)  historical recruits/spawner (2)  or a stock-recruitment (3)
3
# Constant fishing mortality (1) or constant Catch (2) projections
1
# Fishing mortality based on SPR (1) or actual rate (2)
1
# Pre-specify the year of recovery (or -1) to ignore
-1
# Fecundity-at-age
# 0 1 2 3 4 5 6 7 8 9 10 11 12 13 14 15 16 17 18 19 20 21 22 23 24 25 26 27 28 29 30 31 32 33 34 35 36 37 38 39 40 41 42 43 44 45 46 47 48 49 50 51 52 53 54 55 56 57 58 59 60 61 62 63 64 65 66 67 68 69 70 71 72 73 74 75 76 77 78 79 80 81 82 83 84 85 86 87 88 89 90 91 92 93 94 95 96 97 98 99 100 #runnumber: 3 yelloweye_data.ss yelloweye_control.ss 1118.63 2616.76 1114.41
 0 0 0.0172229 0.0260524 0.0372839 0.0509563 0.0670139 0.0853255 0.105706 0.127934 0.151772 0.176973 0.203298 0.230516 0.258412 0.28679 0.315473 0.344304 0.373144 0.401874 0.430392 0.458608 0.486451 0.513859 0.540782 0.567179 0.593019 0.618276 0.642932 0.666974 0.690392 0.713181 0.73534 0.756869 0.777772 0.798053 0.817719 0.836778 0.855238 0.873111 0.890406 0.907135 0.923309 0.938941 0.954043 0.968627 0.982707 0.996295 1.0094 1.02205 1.03424 1.04599 1.05731 1.06822 1.07873 1.08885 1.09859 1.10796 1.11699 1.12566 1.13401 1.14204 1.14976 1.15718 1.16431 1.17116 1.17775 1.18408 1.19015 1.19599 1.2016 1.20732 1.21282 1.2181 1.22318 1.22804 1.23272 1.2372 1.24151 1.24564 1.2496 1.2534 1.25705 1.26055 1.2639 1.26712 1.2702 1.27316 1.276 1.27872 1.28133 1.28383 1.28623 1.28852 1.29073 1.29284 1.29486 1.2968 1.29865 1.30043 1.30387 #female fecundity; weighted by N in year Y_init across morphs and areas
# Age specific selectivity and weight adjusted for discard and discard mortality
 #wt and selex for gender,fleet: 1 1
 0.148962 0.691525 0.783714 0.877607 0.972656 1.06839 1.16442 1.2604 1.35604 1.45113 1.54544 1.63882 1.73113 1.82226 1.91209 2.00056 2.08759 2.17312 2.2571 2.3395 2.42028 2.4994 2.57685 2.65261 2.72666 2.79899 2.8696 2.93848 3.00564 3.07106 3.13477 3.19677 3.25707 3.31568 3.37262 3.42791 3.48157 3.53361 3.58406 3.63296 3.68031 3.72615 3.77051 3.81342 3.85491 3.895 3.93374 3.97115 4.00727 4.04212 4.07574 4.10817 4.13944 4.16957 4.19861 4.22658 4.25351 4.27945 4.30441 4.32843 4.35155 4.37378 4.39516 4.41572 4.43549 4.45448 4.47274 4.49028 4.50713 4.52332 4.53946 4.55555 4.57099 4.58581 4.60003 4.61367 4.62676 4.63932 4.65137 4.66293 4.67401 4.68464 4.69484 4.70461 4.71398 4.72297 4.73158 4.73984 4.74775 4.75534 4.76261 4.76958 4.77626 4.78266 4.78879 4.79467 4.8003 4.8057 4.81087 4.81582 4.82538
 0 0 0 0 0 0 0 0 0 0 0 0 0 0 0 0 0 0 0 0 0 0 0 0 0 0 0 0 0 0 0 0 0 0 0 0 0 0 0 0 0 0 0 0 0 0 0 0 0 0 0 0 0 0 0 0 0 0 0 0 0 0 0 0 0 0 0 0 0 0 0 0 0 0 0 0 0 0 0 0 0 0 0 0 0 0 0 0 0 0 0 0 0 0 0 0 0 0 0 1 0
 #wt and selex for gender,fleet: 1 3
 0.126896 0.587483 0.67126 0.757777 0.846513 0.936998 1.02881 1.12155 1.21489 1.30853 1.40217 1.4956 1.58857 1.68092 1.77246 1.86304 1.95253 2.04082 2.12781 2.21339 2.2975 2.38006 2.46101 2.54031 2.61792 2.6938 2.76793 2.84028 2.91084 2.9796 3.04656 3.11171 3.17507 3.23665 3.29644 3.35448 3.41078 3.46536 3.51824 3.56946 3.61904 3.667 3.71339 3.75823 3.80156 3.8434 3.88381 3.9228 3.96042 3.99671 4.03169 4.06541 4.0979 4.12919 4.15933 4.18835 4.21628 4.24316 4.26902 4.29389 4.31781 4.34081 4.36292 4.38416 4.40458 4.4242 4.44305 4.46115 4.47853 4.49523 4.51175 4.52809 4.54377 4.55883 4.57327 4.58713 4.60042 4.61317 4.62541 4.63714 4.64839 4.65918 4.66953 4.67945 4.68896 4.69808 4.70682 4.7152 4.72323 4.73093 4.73831 4.74538 4.75215 4.75865 4.76487 4.77083 4.77654 4.78202 4.78726 4.79228 4.80197
 0 0 0 0 0 0 0 0 0 0 0 0 0 0 0 0 0 0 0 0 0 0 0 0 0 0 0 0 0 0 0 0 0 0 0 0 0 0 0 0 0 0 0 0 0 0 0 0 0 0 0 0 0 0 0 0 0 0 0 0 0 0 0 0 0 0 0 0 0 0 0 0 0 0 0 0 0 0 0 0 0 0 0 0 0 0 0 0 0 0 0 0 0 0 0 0 0 0 0 1 0
 #wt and selex for gender,fleet: 1 4
 0.109016 0.497908 0.573738 0.653218 0.735893 0.821316 0.90906 0.998715 1.08989 1.18223 1.27539 1.36905 1.46292 1.55673 1.65023 1.7432 1.83543 1.92675 2.01699 2.10601 2.19367 2.27987 2.36451 2.4475 2.52878 2.60828 2.68597 2.7618 2.83574 2.90778 2.97791 3.04611 3.1124 3.17677 3.23925 3.29984 3.35856 3.41545 3.47053 3.52383 3.57537 3.6252 3.67335 3.71985 3.76475 3.80808 3.84988 3.89019 3.92906 3.96651 4.0026 4.03736 4.07083 4.10305 4.13406 4.1639 4.19261 4.22021 4.24676 4.27229 4.29682 4.32039 4.34305 4.36481 4.38572 4.4058 4.42508 4.44359 4.46137 4.47843 4.49522 4.51175 4.52761 4.54282 4.55743 4.57143 4.58487 4.59776 4.61012 4.62198 4.63335 4.64425 4.65471 4.66473 4.67434 4.68355 4.69238 4.70084 4.70896 4.71673 4.72418 4.73132 4.73816 4.74472 4.751 4.75702 4.76279 4.76832 4.77361 4.77868 4.78847
 0 0 0 0 0 0 0 0 0 0 0 0 0 0 0 0 0 0 0 0 0 0 0 0 0 0 0 0 0 0 0 0 0 0 0 0 0 0 0 0 0 0 0 0 0 0 0 0 0 0 0 0 0 0 0 0 0 0 0 0 0 0 0 0 0 0 0 0 0 0 0 0 0 0 0 0 0 0 0 0 0 0 0 0 0 0 0 0 0 0 0 0 0 0 0 0 0 0 0 1 0
 #wt and selex for gender,fleet: 1 5
 0.161133 0.733941 0.827237 0.921508 1.01625 1.11107 1.20563 1.29966 1.39298 1.4854 1.57682 1.66712 1.75624 1.84411 1.93068 2.01591 2.09977 2.18222 2.26325 2.34283 2.42094 2.49757 2.57268 2.64628 2.71834 2.78885 2.8578 2.92519 2.99101 3.05525 3.11791 3.17899 3.23849 3.29642 3.35278 3.40759 3.46085 3.51258 3.56279 3.61151 3.65874 3.70452 3.74886 3.79179 3.83333 3.87351 3.91236 3.9499 3.98617 4.02119 4.05499 4.08761 4.11907 4.14941 4.17866 4.20684 4.23399 4.26013 4.28531 4.30954 4.33287 4.3553 4.37689 4.39765 4.4176 4.43679 4.45523 4.47295 4.48998 4.50634 4.52261 4.53878 4.55431 4.56921 4.58351 4.59724 4.61041 4.62304 4.63516 4.64678 4.65793 4.66862 4.67888 4.68871 4.69814 4.70718 4.71584 4.72415 4.73211 4.73974 4.74706 4.75407 4.76079 4.76723 4.7734 4.77932 4.78498 4.79041 4.79561 4.8006 4.81021
 0 0 0 0 0 0 0 0 0 0 0 0 0 0 0 0 0 0 0 0 0 0 0 0 0 0 0 0 0 0 0 0 0 0 0 0 0 0 0 0 0 0 0 0 0 0 0 0 0 0 0 0 0 0 0 0 0 0 0 0 0 0 0 0 0 0 0 0 0 0 0 0 0 0 0 0 0 0 0 0 0 0 0 0 0 0 0 0 0 0 0 0 0 0 0 0 0 0 0 1 0
 #wt and selex for gender,fleet: 1 6
 0.193481 0.683361 0.753176 0.824164 0.896539 0.97045 1.04598 1.12316 1.20195 1.28225 1.36393 1.44684 1.53077 1.6155 1.7008 1.78645 1.87221 1.95784 2.04312 2.12785 2.21182 2.29487 2.37683 2.45755 2.53692 2.61481 2.69115 2.76585 2.83886 2.91011 2.97958 3.04724 3.11307 3.17707 3.23922 3.29955 3.35805 3.41476 3.46967 3.52284 3.57427 3.624 3.67206 3.71849 3.76333 3.8066 3.84835 3.88862 3.92745 3.96487 4.00093 4.03566 4.06911 4.10131 4.1323 4.16213 4.19081 4.21841 4.24494 4.27045 4.29497 4.31854 4.34118 4.36294 4.38384 4.40391 4.42318 4.44169 4.45946 4.47651 4.49329 4.5098 4.52564 4.54085 4.55543 4.56943 4.58285 4.59573 4.60808 4.61993 4.63128 4.64218 4.65262 4.66263 4.67223 4.68143 4.69025 4.69871 4.70681 4.71458 4.72202 4.72915 4.73599 4.74254 4.74882 4.75483 4.76059 4.76611 4.7714 4.77647 4.78624
 0 0 0 0 0 0 0 0 0 0 0 0 0 0 0 0 0 0 0 0 0 0 0 0 0 0 0 0 0 0 0 0 0 0 0 0 0 0 0 0 0 0 0 0 0 0 0 0 0 0 0 0 0 0 0 0 0 0 0 0 0 0 0 0 0 0 0 0 0 0 0 0 0 0 0 0 0 0 0 0 0 0 0 0 0 0 0 0 0 0 0 0 0 0 0 0 0 0 0 1 0
 #wt and selex for gender,fleet: 1 7
 0.543529 0.81203 0.860867 0.913398 0.969622 1.02949 1.0929 1.15971 1.22972 1.30268 1.37832 1.45633 1.53637 1.61809 1.70113 1.78515 1.86979 1.95472 2.03964 2.12425 2.2083 2.29155 2.37379 2.45486 2.5346 2.61287 2.68958 2.76463 2.83797 2.90953 2.97928 3.04719 3.11324 3.17743 3.23977 3.30025 3.35889 3.41571 3.47073 3.52399 3.5755 3.6253 3.67343 3.71992 3.7648 3.80812 3.84991 3.89022 3.92908 3.96653 4.00261 4.03737 4.07084 4.10306 4.13407 4.16391 4.19261 4.22022 4.24677 4.27229 4.29682 4.3204 4.34305 4.36481 4.38572 4.4058 4.42508 4.44359 4.46137 4.47843 4.49522 4.51175 4.52761 4.54282 4.55743 4.57143 4.58487 4.59776 4.61012 4.62198 4.63335 4.64425 4.65471 4.66473 4.67434 4.68355 4.69238 4.70084 4.70896 4.71673 4.72418 4.73132 4.73816 4.74472 4.751 4.75702 4.76279 4.76832 4.77361 4.77868 4.78847
 0 0 0 0 0 0 0 0 0 0 0 0 0 0 0 0 0 0 0 0 0 0 0 0 0 0 0 0 0 0 0 0 0 0 0 0 0 0 0 0 0 0 0 0 0 0 0 0 0 0 0 0 0 0 0 0 0 0 0 0 0 0 0 0 0 0 0 0 0 0 0 0 0 0 0 0 0 0 0 0 0 0 0 0 0 0 0 0 0 0 0 0 0 0 0 0 0 0 0 1 0
# M and current age-structure in year Yinit: 2011
 # gender = 1
 0.0439034 0.0439034 0.0439034 0.0439034 0.0439034 0.0439034 0.0439034 0.0439034 0.0439034 0.0439034 0.0439034 0.0439034 0.0439034 0.0439034 0.0439034 0.0439034 0.0439034 0.0439034 0.0439034 0.0439034 0.0439034 0.0439034 0.0439034 0.0439034 0.0439034 0.0439034 0.0439034 0.0439034 0.0439034 0.0439034 0.0439034 0.0439034 0.0439034 0.0439034 0.0439034 0.0439034 0.0439034 0.0439034 0.0439034 0.0439034 0.0439034 0.0439034 0.0439034 0.0439034 0.0439034 0.0439034 0.0439034 0.0439034 0.0439034 0.0439034 0.0439034 0.0439034 0.0439034 0.0439034 0.0439034 0.0439034 0.0439034 0.0439034 0.0439034 0.0439034 0.0439034 0.0439034 0.0439034 0.0439034 0.0439034 0.0439034 0.0439034 0.0439034 0.0439034 0.0439034 0.0439034 0.0439034 0.0439034 0.0439034 0.0439034 0.0439034 0.0439034 0.0439034 0.0439034 0.0439034 0.0439034 0.0439034 0.0439034 0.0439034 0.0439034 0.0439034 0.0439034 0.0439034 0.0439034 0.0439034 0.0439034 0.0439034 0.0439034 0.0439034 0.0439034 0.0439034 0.0439034 0.0439034 0.0439034 0.0439034 0.0439034
 239.322 238.637 192.952 184.423 200.488 245.051 189.127 141.136 116.422 94.6716 80.0237 81.9103 72.8299 63.4106 59.1175 57.7326 61.8332 64.0368 69.4607 101.834 76.5934 63.7348 77.3025 72.1399 68.8038 46.3142 36.1538 49.947 92.8709 38.432 24.2128 19.2292 17.6623 16.2036 15.0307 14.155 13.3324 12.5711 11.8376 11.1365 10.4811 9.8605 9.29734 8.7303 8.25427 7.81374 7.41805 7.00197 6.66859 6.35855 6.05951 5.7856 5.52918 5.29197 5.07031 4.85877 4.66232 4.47752 4.30153 4.13584 3.97557 3.82067 3.67158 3.52938 3.3908 3.25694 3.1212 2.98292 2.85583 2.73524 2.62384 2.51654 2.41342 2.31473 2.21899 2.12662 2.03727 1.95152 1.86881 1.78937 1.71307 1.63971 1.56882 1.50084 1.4354 1.37249 1.31226 1.25466 1.19948 1.14676 1.09633 1.04803 1.00182 0.95771 0.915096 0.874018 0.834823 0.797419 0.761734 0.727686 15.7816
# Age-structure at Ydeclare= 2013
 221.744 252.816 219.005 218.193 176.387 168.559 183.212 223.901 172.78 128.921 106.334 86.4596 73.0758 74.7928 66.4968 57.8929 53.9705 52.7034 56.4444 58.4537 63.4024 92.9488 69.9087 58.171 70.5528 65.8396 62.7938 42.268 32.9949 45.5823 84.7544 35.0729 22.0963 17.5483 16.1183 14.787 13.7166 12.9174 12.1667 11.4719 10.8026 10.1627 9.5646 8.99829 8.48436 7.96689 7.53248 7.13046 6.76937 6.38967 6.08544 5.8025 5.52961 5.27965 5.04566 4.82919 4.62691 4.43387 4.25459 4.08595 3.92536 3.77415 3.6279 3.48654 3.35049 3.22073 3.09426 2.97211 2.84824 2.72205 2.60608 2.49604 2.39438 2.29646 2.20236 2.1123 2.02493 1.94064 1.8591 1.78085 1.70538 1.63289 1.56326 1.49631 1.43162 1.36958 1.30987 1.25246 1.19749 1.14493 1.09458 1.04647 1.00045 0.956374 0.914211 0.873954 0.835066 0.797581 0.761814 0.727681 15.7606
# Year for Tmin Age-structure (set to Ydecl by SS)
2013
#  recruitment and biomass
# Number of historical assessment years
129
# Historical data
# year recruitment spawner in B0 in R project in R/S project
1888  1889 1890 1891 1892 1893 1894 1895 1896 1897 1898 1899 1900 1901 1902 1903 1904 1905 1906 1907 1908 1909 1910 1911 1912 1913 1914 1915 1916 1917 1918 1919 1920 1921 1922 1923 1924 1925 1926 1927 1928 1929 1930 1931 1932 1933 1934 1935 1936 1937 1938 1939 1940 1941 1942 1943 1944 1945 1946 1947 1948 1949 1950 1951 1952 1953 1954 1955 1956 1957 1958 1959 1960 1961 1962 1963 1964 1965 1966 1967 1968 1969 1970 1971 1972 1973 1974 1975 1976 1977 1978 1979 1980 1981 1982 1983 1984 1985 1986 1987 1988 1989 1990 1991 1992 1993 1994 1995 1996 1997 1998 1999 2000 2001 2002 2003 2004 2005 2006 2007 2008 2009 2010 2011 2012 2013 2014 2015 2016 #years (with first value representing R0)
267.208 271.552 271.69 271.834 271.982 272.129 272.278 272.431 272.594 272.755 272.923 273.095 273.267 273.441 273.622 273.802 273.981 274.159 274.335 274.511 274.683 274.846 275.01 275.163 275.302 275.435 275.562 275.679 275.788 275.885 275.737 275.528 275.324 275.095 274.837 274.549 274.217 273.831 273.391 272.893 272.334 271.725 271.067 270.339 269.569 268.728 267.82 266.832 265.764 264.594 263.336 261.98 260.537 258.971 257.274 255.429 253.406 251.251 248.98 246.663 244.459 242.193 239.912 237.606 235.264 232.963 230.706 228.472 226.296 224.169 222.15 220.246 218.473 216.887 215.494 214.364 213.494 212.617 212.031 211.747 211.609 211.456 211.278 211.103 210.618 209.744 208.381 206.492 204.243 201.777 201.145 201.893 201.674 231.842 330.388 709.959 346.658 224.269 261.448 353.045 335.043 321.821 241.224 260.322 311.992 193.481 163.904 144.75 124.208 117.023 117.606 126.732 135.33 125.73 142.039 166.814 193.26 247.48 306.526 239.644 210.777 210.78 249.347 239.322 264.163 221.744 341.867 262.86 234.883  #recruits; first value is R0 (virgin)
2616.76  2616.76 2616.75 2616.81 2616.9 2616.27 2615.72 2615.23 2615.35 2615.7 2616.1 2616.59 2617.13 2617.72 2618.35 2619.03 2619.76 2620.51 2621.31 2622.16 2623.04 2623.75 2624.7 2625.67 2626.67 2627.69 2628.74 2629.8 2630.74 2631.38 2631.72 2628.43 2627.96 2627.69 2627.53 2627.85 2628.01 2627.17 2625.67 2622.71 2618.44 2614.31 2610.96 2606.97 2604.8 2602.89 2601.01 2598.23 2595.47 2591.07 2587.26 2583.06 2580.1 2575.25 2567.87 2560 2544.23 2527.27 2501 2477.07 2467.01 2455.6 2447.17 2437.28 2424.46 2413.61 2405.6 2395.24 2384.85 2373.45 2358.84 2344.07 2329.76 2316.11 2304.63 2291.14 2280.41 2272.15 2246.78 2235.14 2221.22 2207.62 2178.35 2158.18 2132.9 2102.53 2070.25 2035.34 2001.69 1963.05 1924.74 1862.2 1799.67 1747.43 1678.16 1567.17 1465.83 1412.93 1335.77 1289.21 1239.28 1197.05 1145.96 1110.66 1052.02 999.009 949.792 923.861 897.131 866.653 832.414 824.456 808.263 816.249 822.969 838.608 854.384 870.579 886.826 904.447 922.505 941.048 959.438 979.228 999.881 1020.65 1042.62 1065.11 1089.49 #spbio; first value is SSB_virgin (virgin)
1 0 0 0 0 0 0 0 0 0 0 0 0 0 0 0 0 0 0 0 0 0 0 0 0 0 0 0 0 0 0 0 0 0 0 0 0 0 0 0 0 0 0 0 0 0 0 0 0 0 0 0 0 0 0 0 0 0 0 0 0 0 0 0 0 0 0 0 0 0 0 0 0 0 0 0 0 0 0 0 0 0 0 0 0 0 0 0 0 0 0 0 0 0 0 0 0 0 0 0 0 0 0 0 0 0 0 0 0 0 0 0 0 0 0 0 0 0 0 0 0 0 0 0 0 0 0 0 0  # in Bzero
0 1 1 1 1 1 1 1 1 1 1 1 1 1 1 1 1 1 1 1 1 1 1 1 1 1 1 1 1 1 1 1 1 1 1 1 1 1 1 1 1 1 1 1 1 1 1 1 1 1 1 1 1 1 1 1 1 1 1 1 1 1 1 1 1 1 1 1 1 1 1 1 1 1 1 1 1 1 1 1 1 1 1 1 1 1 1 1 1 1 1 1 1 1 1 1 1 1 1 1 1 1 1 1 1 1 1 1 1 1 1 1 1 1 1 1 1 1 1 1 1 1 1 1 1 1  0 0 0 # in R project
0 1 1 1 1 1 1 1 1 1 1 1 1 1 1 1 1 1 1 1 1 1 1 1 1 1 1 1 1 1 1 1 1 1 1 1 1 1 1 1 1 1 1 1 1 1 1 1 1 1 1 1 1 1 1 1 1 1 1 1 1 1 1 1 1 1 1 1 1 1 1 1 1 1 1 1 1 1 1 1 1 1 1 1 1 1 1 1 1 1 1 1 1 1 1 1 1 1 1 1 1 1 1 1 1 1 1 1 1 1 1 1 1 1 1 1 1 1 1 1 1 1 1 1 1 1  0 0 0 # in R/S project
# Number of years with pre-specified catches
0
# catches for years with pre-specified catches go next
# Number of future recruitments to override
-2
# Process for overiding (-1 for average otherwise index in data list)
# Which probability to product detailed results for (1=0.5; 2=0.6; etc.)
3
# Steepness sigma-R Auto-correlation
0.718 0.5 0
# Target SPR rate (FMSY Proxy); manually change to SPR_MSY if not using SPR_target
0.5
# Discount rate (for cumulative catch)
0.1
# Truncate the series when 0.4B0 is reached (1=Yes)
0
# Set F to FMSY once 0.4B0 is reached (1=Yes)
0
# Maximum possible F for projection (-1 to set to FMSY)
-1
# Defintion of recovery (1=now only;2=now or before)
2
# Projection type
4
# Definition of the 40-10 rule
10 40
# Calculate coefficients of variation (1=Yes)
0
# Number of replicates to use
10
# Random number seed
-99004
# File with multiple parameter vectors 
rebuild.SSO
# User-specific projection (1=Yes); Output replaced (1->9)
0  5
# Catches and Fs (Year; 1/2/3 (F or C or SPR); value); Final row is -1
2016 1 1
-1 -1 -1
# Fixed catch project (1=Yes); Output replaced (1->9); Approach (-1=Read in else 1-9)
0 2 -1
# Split of Fs
2011  0.00086403
 0
 0.246597
 0.00591256
 0.272219
 0.234167
 0.24024
-1  1 1 1 1 1 1 1 1 1 1 1 1
# Yrs to define T_target for projection type 4 (a.k.a. 5 pre-specified inputs)
2022 2023 2024 2025 2026 
# Year for probability of recovery
2026 2027 2028 2029 2030 2031 2032 2033
# Time varying weight-at-age (1=Yes;0=No)
0
# File with time series of weight-at-age data
none
# Use bisection (0) or linear interpolation (1)
1
# Target Depletion
0.4
# CV of implementation error
0
