#Title, #runnumber: 271 yelloweye_data.ss yelloweye_control.ss 5689.4 2596.28 1202.74 StartTime: Fri Jul 21 12:23:49 2017
SSv3_default_rebuild.dat
# Number of sexes
1
# Age range to consider (minimum age; maximum age)
0 100
# Number of fleets
12
# First year of projection (Yinit)
2011
# First Year of rebuilding period (Ydecl)
2013
# Number of simulations
1000
# Maximum number of years
500
# Conduct projections with multiple starting values (0=No;else yes)
0
# Number of parameter vectors
1000
# Is the maximum age a plus-group (1=Yes;2=No)
1
# Generate future recruitments using historical recruitments (1)  historical recruits/spawner (2)  or a stock-recruitment (3)
3
# Constant fishing mortality (1) or constant Catch (2) projections
1
# Fishing mortality based on SPR (1) or actual rate (2)
1
# Pre-specify the year of recovery (or -1) to ignore
-1
# Fecundity-at-age
# 0 1 2 3 4 5 6 7 8 9 10 11 12 13 14 15 16 17 18 19 20 21 22 23 24 25 26 27 28 29 30 31 32 33 34 35 36 37 38 39 40 41 42 43 44 45 46 47 48 49 50 51 52 53 54 55 56 57 58 59 60 61 62 63 64 65 66 67 68 69 70 71 72 73 74 75 76 77 78 79 80 81 82 83 84 85 86 87 88 89 90 91 92 93 94 95 96 97 98 99 100 #runnumber: 271 yelloweye_data.ss yelloweye_control.ss 5689.4 2596.28 1202.74
 0 0 2.90176e-008 3.68343e-007 3.32364e-006 2.30753e-005 0.000127876 0.00056991 0.00203699 0.00588364 0.0140399 0.0284967 0.0506501 0.0808861 0.118565 0.162309 0.210402 0.261136 0.313038 0.364969 0.416129 0.466009 0.514319 0.560921 0.605776 0.648896 0.690321 0.730103 0.768292 0.804935 0.840077 0.873756 0.906009 0.93687 0.966373 0.994552 1.02144 1.04708 1.07149 1.09472 1.11681 1.1378 1.15772 1.17661 1.19452 1.21148 1.22754 1.24273 1.25709 1.27066 1.28348 1.29558 1.307 1.31777 1.32792 1.33749 1.34651 1.35501 1.363 1.37053 1.37762 1.38429 1.39056 1.39645 1.402 1.40721 1.41211 1.41672 1.42104 1.42511 1.42893 1.4326 1.43606 1.4393 1.44235 1.44521 1.44789 1.45041 1.45278 1.455 1.45708 1.45904 1.46087 1.46259 1.46421 1.46572 1.46714 1.46848 1.46973 1.4709 1.472 1.47303 1.474 1.47491 1.47576 1.47656 1.4773 1.47801 1.47866 1.47928 1.48025 #female fecundity; weighted by N in year Y_init across morphs and areas
# Age specific selectivity and weight adjusted for discard and discard mortality
 #wt and selex for gender,fleet: 1 1
 0.011052 0.0229216 0.0632321 0.122508 0.200202 0.293069 0.397466 0.510149 0.628503 0.750557 0.874949 1.00089 1.12811 1.25669 1.38691 1.51904 1.65321 1.78928 1.92688 2.0654 2.20409 2.3421 2.47863 2.61291 2.74431 2.8723 2.99648 3.11655 3.23232 3.34364 3.45048 3.5528 3.65065 3.74407 3.83315 3.91798 3.99869 4.07538 4.14819 4.21727 4.28274 4.34475 4.40344 4.45896 4.51144 4.56102 4.60785 4.65204 4.69374 4.73306 4.77013 4.80506 4.83796 4.86895 4.89813 4.92558 4.95142 4.97572 4.99858 5.02008 5.04028 5.05928 5.07713 5.0939 5.10966 5.12446 5.13836 5.15142 5.16368 5.17519 5.1861 5.19644 5.20615 5.21526 5.22381 5.23184 5.23937 5.24643 5.25306 5.25928 5.26511 5.27059 5.27572 5.28054 5.28505 5.28929 5.29327 5.29699 5.30049 5.30377 5.30684 5.30972 5.31243 5.31496 5.31734 5.31957 5.32166 5.32362 5.32546 5.32718 5.32989
 0 0 0 0 0 0 0 0 0 0 0 0 0 0 0 0 0 0 0 0 0 0 0 0 0 0 0 0 0 0 0 0 0 0 0 0 0 0 0 0 0 0 0 0 0 0 0 0 0 0 0 0 0 0 0 0 0 0 0 0 0 0 0 0 0 0 0 0 0 0 0 0 0 0 0 0 0 0 0 0 0 0 0 0 0 0 0 0 0 0 0 0 0 0 0 0 0 0 0 1 0
 #wt and selex for gender,fleet: 1 3
 0.0109361 0.0210465 0.0561822 0.10903 0.179079 0.263967 0.360805 0.466864 0.579823 0.697875 0.819785 0.944901 1.07304 1.20429 1.33873 1.47627 1.61658 1.75901 1.90272 2.04675 2.19012 2.33195 2.47144 2.60794 2.74095 2.87007 2.99502 3.11561 3.23171 3.34326 3.45023 3.55265 3.65055 3.74401 3.83311 3.91796 3.99867 4.07537 4.14819 4.21726 4.28273 4.34475 4.40344 4.45896 4.51144 4.56102 4.60785 4.65204 4.69374 4.73306 4.77013 4.80506 4.83797 4.86895 4.89813 4.92558 4.95142 4.97573 4.99858 5.02008 5.04029 5.05928 5.07713 5.0939 5.10966 5.12446 5.13836 5.15142 5.16368 5.17519 5.1861 5.19644 5.20615 5.21526 5.22381 5.23184 5.23937 5.24643 5.25306 5.25928 5.26511 5.27059 5.27572 5.28054 5.28506 5.28929 5.29327 5.29699 5.30049 5.30377 5.30684 5.30972 5.31243 5.31496 5.31734 5.31957 5.32166 5.32362 5.32546 5.32718 5.32989
 0 0 0 0 0 0 0 0 0 0 0 0 0 0 0 0 0 0 0 0 0 0 0 0 0 0 0 0 0 0 0 0 0 0 0 0 0 0 0 0 0 0 0 0 0 0 0 0 0 0 0 0 0 0 0 0 0 0 0 0 0 0 0 0 0 0 0 0 0 0 0 0 0 0 0 0 0 0 0 0 0 0 0 0 0 0 0 0 0 0 0 0 0 0 0 0 0 0 0 1 0
 #wt and selex for gender,fleet: 1 4
 0.010872 0.019989 0.0520342 0.101768 0.169106 0.252457 0.349503 0.457793 0.575024 0.699168 0.828503 0.961609 1.09737 1.23493 1.37371 1.5133 1.65337 1.79367 1.93387 2.07362 2.21248 2.34996 2.48554 2.61871 2.74899 2.87597 2.99928 3.11865 3.23386 3.34476 3.45128 3.55338 3.65105 3.74436 3.83335 3.91813 3.99879 4.07545 4.14824 4.2173 4.28276 4.34476 4.40345 4.45896 4.51144 4.56103 4.60785 4.65204 4.69374 4.73306 4.77013 4.80506 4.83796 4.86895 4.89812 4.92558 4.95142 4.97572 4.99858 5.02008 5.04028 5.05928 5.07713 5.0939 5.10966 5.12446 5.13836 5.15142 5.16368 5.17519 5.1861 5.19644 5.20615 5.21526 5.22381 5.23183 5.23936 5.24643 5.25306 5.25928 5.26511 5.27058 5.27572 5.28053 5.28505 5.28929 5.29326 5.29699 5.30049 5.30376 5.30684 5.30972 5.31242 5.31496 5.31734 5.31957 5.32166 5.32362 5.32545 5.32718 5.32988
 0 0 0 0 0 0 0 0 0 0 0 0 0 0 0 0 0 0 0 0 0 0 0 0 0 0 0 0 0 0 0 0 0 0 0 0 0 0 0 0 0 0 0 0 0 0 0 0 0 0 0 0 0 0 0 0 0 0 0 0 0 0 0 0 0 0 0 0 0 0 0 0 0 0 0 0 0 0 0 0 0 0 0 0 0 0 0 0 0 0 0 0 0 0 0 0 0 0 0 1 0
 #wt and selex for gender,fleet: 1 5
 0.0109418 0.0211649 0.0571237 0.112101 0.186141 0.277144 0.382204 0.498371 0.622979 0.753758 0.888845 1.02674 1.16624 1.30643 1.44659 1.58622 1.72494 1.86252 1.99876 2.13353 2.26667 2.39801 2.52735 2.65446 2.77906 2.90088 3.01964 3.1351 3.24701 3.35519 3.4595 3.55981 3.65608 3.74827 3.83639 3.92049 4.00063 4.07689 4.14937 4.21819 4.28346 4.34532 4.40389 4.45932 4.51173 4.56126 4.60804 4.6522 4.69387 4.73317 4.77022 4.80514 4.83803 4.86901 4.89818 4.92563 4.95146 4.97576 4.99861 5.0201 5.04031 5.0593 5.07715 5.09392 5.10968 5.12448 5.13838 5.15143 5.16369 5.1752 5.18611 5.19645 5.20616 5.21527 5.22382 5.23185 5.23938 5.24644 5.25307 5.25929 5.26512 5.2706 5.27573 5.28055 5.28506 5.2893 5.29327 5.297 5.3005 5.30377 5.30685 5.30973 5.31244 5.31497 5.31735 5.31958 5.32167 5.32363 5.32546 5.32719 5.3299
 0 0 0 0 0 0 0 0 0 0 0 0 0 0 0 0 0 0 0 0 0 0 0 0 0 0 0 0 0 0 0 0 0 0 0 0 0 0 0 0 0 0 0 0 0 0 0 0 0 0 0 0 0 0 0 0 0 0 0 0 0 0 0 0 0 0 0 0 0 0 0 0 0 0 0 0 0 0 0 0 0 0 0 0 0 0 0 0 0 0 0 0 0 0 0 0 0 0 0 1 0
 #wt and selex for gender,fleet: 1 6
 0.0114843 0.0288855 0.0787678 0.146312 0.228754 0.320565 0.417363 0.516391 0.616677 0.718901 0.824767 0.936165 1.05451 1.18039 1.31344 1.45258 1.59625 1.74273 1.89039 2.03783 2.18389 2.32769 2.46854 2.60595 2.73953 2.869 2.99415 3.11485 3.231 3.34257 3.44955 3.55196 3.64985 3.74329 3.83238 3.91721 3.99791 4.0746 4.1474 4.21647 4.28193 4.34393 4.40262 4.45813 4.5106 4.56018 4.607 4.65119 4.69288 4.7322 4.76926 4.80419 4.83709 4.86808 4.89725 4.92471 4.95054 4.97484 4.9977 5.01919 5.0394 5.05839 5.07624 5.09301 5.10877 5.12357 5.13747 5.15053 5.16278 5.1743 5.1852 5.19554 5.20524 5.21435 5.2229 5.23092 5.23845 5.24551 5.25214 5.25835 5.26418 5.26966 5.27479 5.2796 5.28412 5.28835 5.29233 5.29605 5.29955 5.30282 5.3059 5.30878 5.31148 5.31401 5.31639 5.31862 5.32071 5.32267 5.3245 5.32623 5.32893
 0 0 0 0 0 0 0 0 0 0 0 0 0 0 0 0 0 0 0 0 0 0 0 0 0 0 0 0 0 0 0 0 0 0 0 0 0 0 0 0 0 0 0 0 0 0 0 0 0 0 0 0 0 0 0 0 0 0 0 0 0 0 0 0 0 0 0 0 0 0 0 0 0 0 0 0 0 0 0 0 0 0 0 0 0 0 0 0 0 0 0 0 0 0 0 0 0 0 0 1 0
 #wt and selex for gender,fleet: 1 7
 0.0114868 0.0290984 0.0810914 0.154103 0.246064 0.351253 0.464562 0.582145 0.701391 0.820735 0.939518 1.05785 1.17638 1.29604 1.41779 1.54235 1.6701 1.80103 1.93469 2.07035 2.20705 2.34377 2.47949 2.6133 2.74444 2.87231 2.99644 3.11649 3.23226 3.3436 3.45044 3.55278 3.65063 3.74406 3.83314 3.91798 3.99868 4.07538 4.14819 4.21726 4.28274 4.34475 4.40344 4.45896 4.51144 4.56102 4.60785 4.65204 4.69374 4.73306 4.77013 4.80506 4.83797 4.86895 4.89813 4.92558 4.95142 4.97573 4.99858 5.02008 5.04029 5.05928 5.07713 5.0939 5.10966 5.12446 5.13836 5.15142 5.16368 5.17519 5.1861 5.19644 5.20615 5.21526 5.22381 5.23184 5.23937 5.24643 5.25306 5.25928 5.26511 5.27059 5.27572 5.28054 5.28506 5.28929 5.29327 5.29699 5.30049 5.30377 5.30684 5.30972 5.31243 5.31496 5.31734 5.31957 5.32166 5.32362 5.32546 5.32718 5.32989
 0 0 0 0 0 0 0 0 0 0 0 0 0 0 0 0 0 0 0 0 0 0 0 0 0 0 0 0 0 0 0 0 0 0 0 0 0 0 0 0 0 0 0 0 0 0 0 0 0 0 0 0 0 0 0 0 0 0 0 0 0 0 0 0 0 0 0 0 0 0 0 0 0 0 0 0 0 0 0 0 0 0 0 0 0 0 0 0 0 0 0 0 0 0 0 0 0 0 0 1 0
# M and current age-structure in year Yinit: 2011
 # gender = 1
 0.0584206 0.0584206 0.0584206 0.0584206 0.0584206 0.0584206 0.0584206 0.0584206 0.0584206 0.0584206 0.0584206 0.0584206 0.0584206 0.0584206 0.0584206 0.0584206 0.0584206 0.0584206 0.0584206 0.0584206 0.0584206 0.0584206 0.0584206 0.0584206 0.0584206 0.0584206 0.0584206 0.0584206 0.0584206 0.0584206 0.0584206 0.0584206 0.0584206 0.0584206 0.0584206 0.0584206 0.0584206 0.0584206 0.0584206 0.0584206 0.0584206 0.0584206 0.0584206 0.0584206 0.0584206 0.0584206 0.0584206 0.0584206 0.0584206 0.0584206 0.0584206 0.0584206 0.0584206 0.0584206 0.0584206 0.0584206 0.0584206 0.0584206 0.0584206 0.0584206 0.0584206 0.0584206 0.0584206 0.0584206 0.0584206 0.0584206 0.0584206 0.0584206 0.0584206 0.0584206 0.0584206 0.0584206 0.0584206 0.0584206 0.0584206 0.0584206 0.0584206 0.0584206 0.0584206 0.0584206 0.0584206 0.0584206 0.0584206 0.0584206 0.0584206 0.0584206 0.0584206 0.0584206 0.0584206 0.0584206 0.0584206 0.0584206 0.0584206 0.0584206 0.0584206 0.0584206 0.0584206 0.0584206 0.0584206 0.0584206 0.0584206
 585.411 584.144 510.592 638.847 398.469 294.616 216.878 160.725 329.037 599.196 230.154 163.681 290.059 155.857 87.8773 70.5022 69.481 141.044 187.792 68.8631 51.891 54.9056 60.0193 61.2025 61.5672 59.5227 68.2666 81.9679 67.1411 72.083 50.0548 33.7474 24.0117 18.8018 19.5198 18.2085 16.7214 11.3687 10.6648 12.8241 17.3072 13.0655 9.50764 7.0199 5.35922 4.35083 3.39403 2.78731 2.61849 2.75189 3.01326 3.14599 2.97082 2.61731 2.27176 2.01592 1.86813 1.82027 1.86129 1.98349 2.16754 2.35433 2.43379 2.32475 2.08148 1.81902 1.59766 1.4279 1.30137 1.20549 1.13083 1.07089 1.02144 0.979051 0.939981 0.900802 0.859216 0.814964 0.769455 0.724941 0.6834 0.645999 0.612999 0.584145 0.558702 0.535777 0.514525 0.494205 0.474205 0.454118 0.433712 0.412906 0.391788 0.370605 0.349515 0.328557 0.308341 0.289018 0.270681 0.253399 3.88302
# Age-structure at Ydeclare= 2013
 306.487 282.915 520.854 519.723 454.274 568.357 354.469 262.04 192.848 142.87 292.371 532.209 204.344 145.273 257.359 138.252 77.9349 62.5158 61.6029 125.04 166.473 61.0427 45.9965 48.6674 53.1991 54.2471 54.5696 52.7569 60.5062 72.6493 59.5073 63.8866 44.3627 29.9094 21.2806 16.6631 17.2993 16.137 14.8189 10.0751 9.45119 11.3647 15.3375 11.5784 8.4254 6.22078 4.74912 3.85549 3.0076 2.46995 2.32034 2.43854 2.67014 2.78775 2.63252 2.31926 2.01305 1.78635 1.65539 1.61298 1.64933 1.75761 1.9207 2.08622 2.15663 2.06 1.84444 1.61187 1.41571 1.26529 1.15316 1.0682 1.00204 0.948928 0.905116 0.86755 0.832929 0.798213 0.761362 0.72215 0.681824 0.642379 0.60557 0.572428 0.543186 0.517618 0.495073 0.474759 0.455927 0.437921 0.420199 0.4024 0.384318 0.365881 0.347169 0.328398 0.309709 0.291139 0.273225 0.256103 3.90519
# Year for Tmin Age-structure (set to Ydecl by SS)
2013
#  recruitment and biomass
# Number of historical assessment years
129
# Historical data
# year recruitment spawner in B0 in R project in R/S project
1888  1889 1890 1891 1892 1893 1894 1895 1896 1897 1898 1899 1900 1901 1902 1903 1904 1905 1906 1907 1908 1909 1910 1911 1912 1913 1914 1915 1916 1917 1918 1919 1920 1921 1922 1923 1924 1925 1926 1927 1928 1929 1930 1931 1932 1933 1934 1935 1936 1937 1938 1939 1940 1941 1942 1943 1944 1945 1946 1947 1948 1949 1950 1951 1952 1953 1954 1955 1956 1957 1958 1959 1960 1961 1962 1963 1964 1965 1966 1967 1968 1969 1970 1971 1972 1973 1974 1975 1976 1977 1978 1979 1980 1981 1982 1983 1984 1985 1986 1987 1988 1989 1990 1991 1992 1993 1994 1995 1996 1997 1998 1999 2000 2001 2002 2003 2004 2005 2006 2007 2008 2009 2010 2011 2012 2013 2014 2015 2016 #years (with first value representing R0)
464.772 486.11 487.125 488.198 489.333 490.519 491.777 493.112 494.543 496.067 497.69 499.421 501.257 503.222 505.328 507.548 509.92 512.45 515.141 518.012 521.039 524.19 527.45 530.769 534.091 537.293 540.231 542.689 544.449 545.262 544.271 541.618 537.289 531.189 523.455 514.399 504.446 494.106 483.972 474.614 466.543 460.171 455.672 452.82 451.085 449.501 446.874 442.163 435.022 425.998 416.431 407.823 401.432 398.081 398.596 404.234 416.712 438.063 468.6 503.755 528.52 519.702 472.133 408.155 350.652 308.862 283.456 272.912 276.17 291.69 314.754 334.317 330.911 295.827 251.707 222.644 219.715 247.213 291.723 329.341 393.476 483.528 599.6 712.723 471.295 347.954 327.717 424.048 404.73 379.115 318.275 353.586 431.753 556.174 696.145 564.795 602.865 441.187 340.18 313.386 279.567 247.92 206.651 179.215 219.664 556.429 390.012 179.92 171.385 200.847 335.241 587.484 312.287 413.749 1015.21 525.527 242.039 307.992 394.597 503.379 761.231 573.876 619.286 585.411 299.935 306.487 314.784 361.948 414.332  #recruits; first value is R0 (virgin)
2596.28  2596.28 2596.27 2596.24 2596.19 2595.3 2594.43 2593.56 2593.29 2593.18 2593.12 2593.16 2593.32 2593.69 2594.33 2595.29 2596.61 2598.27 2600.33 2602.74 2605.49 2608.35 2611.73 2615.4 2619.34 2623.55 2628.01 2632.72 2637.55 2642.77 2647.95 2649.51 2654.36 2659.74 2665.54 2672.2 2679.03 2685.14 2690.9 2695.43 2698.85 2702.68 2707.53 2711.79 2717.96 2724.26 2730.26 2734.81 2738.74 2740.11 2741.15 2740.72 2740.51 2737.13 2729.89 2721.03 2702.69 2682.3 2651.21 2621.89 2606.74 2589.1 2574.23 2557.44 2537.04 2518.23 2502.47 2484.17 2466.43 2448.52 2428.48 2409.78 2393.15 2378.6 2367.31 2354.16 2343.32 2334.09 2305.12 2289.01 2268.59 2246.8 2206.64 2175.08 2136.83 2091.97 2044.05 1992.42 1941.43 1885.14 1829.92 1750.82 1674.34 1614.09 1540.55 1427.62 1325.54 1267.92 1187.99 1141.85 1088.48 1041.32 982.34 942.594 879.985 825.482 776.346 756.142 737.932 717.242 693.396 697.099 691.666 710.866 728.033 754.988 781.977 809.143 835.955 863.143 889.161 916.018 943.293 973.129 1005.11 1039.5 1076.97 1117.32 1159.03 #spbio; first value is SSB_virgin (virgin)
1 0 0 0 0 0 0 0 0 0 0 0 0 0 0 0 0 0 0 0 0 0 0 0 0 0 0 0 0 0 0 0 0 0 0 0 0 0 0 0 0 0 0 0 0 0 0 0 0 0 0 0 0 0 0 0 0 0 0 0 0 0 0 0 0 0 0 0 0 0 0 0 0 0 0 0 0 0 0 0 0 0 0 0 0 0 0 0 0 0 0 0 0 0 0 0 0 0 0 0 0 0 0 0 0 0 0 0 0 0 0 0 0 0 0 0 0 0 0 0 0 0 0 0 0 0 0 0 0  # in Bzero
0 1 1 1 1 1 1 1 1 1 1 1 1 1 1 1 1 1 1 1 1 1 1 1 1 1 1 1 1 1 1 1 1 1 1 1 1 1 1 1 1 1 1 1 1 1 1 1 1 1 1 1 1 1 1 1 1 1 1 1 1 1 1 1 1 1 1 1 1 1 1 1 1 1 1 1 1 1 1 1 1 1 1 1 1 1 1 1 1 1 1 1 1 1 1 1 1 1 1 1 1 1 1 1 1 1 1 1 1 1 1 1 1 1 1 1 1 1 1 1 1 1 1 1 1 1  0 0 0 # in R project
0 1 1 1 1 1 1 1 1 1 1 1 1 1 1 1 1 1 1 1 1 1 1 1 1 1 1 1 1 1 1 1 1 1 1 1 1 1 1 1 1 1 1 1 1 1 1 1 1 1 1 1 1 1 1 1 1 1 1 1 1 1 1 1 1 1 1 1 1 1 1 1 1 1 1 1 1 1 1 1 1 1 1 1 1 1 1 1 1 1 1 1 1 1 1 1 1 1 1 1 1 1 1 1 1 1 1 1 1 1 1 1 1 1 1 1 1 1 1 1 1 1 1 1 1 1  0 0 0 # in R/S project
# Number of years with pre-specified catches
0
# catches for years with pre-specified catches go next
# Number of future recruitments to override
-2
# Process for overiding (-1 for average otherwise index in data list)
# Which probability to product detailed results for (1=0.5; 2=0.6; etc.)
3
# Steepness sigma-R Auto-correlation
0.718 0.5 0
# Target SPR rate (FMSY Proxy); manually change to SPR_MSY if not using SPR_target
0.5
# Discount rate (for cumulative catch)
0.1
# Truncate the series when 0.4B0 is reached (1=Yes)
0
# Set F to FMSY once 0.4B0 is reached (1=Yes)
0
# Maximum possible F for projection (-1 to set to FMSY)
-1
# Defintion of recovery (1=now only;2=now or before)
2
# Projection type
4
# Definition of the 40-10 rule
10 40
# Calculate coefficients of variation (1=Yes)
0
# Number of replicates to use
10
# Random number seed
-99004
# File with multiple parameter vectors 
rebuild.SSO
# User-specific projection (1=Yes); Output replaced (1->9)
0  5
# Catches and Fs (Year; 1/2/3 (F or C or SPR); value); Final row is -1
2016 1 1
-1 -1 -1
# Fixed catch project (1=Yes); Output replaced (1->9); Approach (-1=Read in else 1-9)
0 2 -1
# Split of Fs
2011  0.000591448
 0
 0.186934
 0.00654367
 0.265735
 0.23719
 0.303005
-1  1 1 1 1 1 1 1 1 1 1 1 1
# Yrs to define T_target for projection type 4 (a.k.a. 5 pre-specified inputs)
2022 2023 2024 2025 2026 
# Year for probability of recovery
2026 2027 2028 2029 2030 2031 2032 2033
# Time varying weight-at-age (1=Yes;0=No)
0
# File with time series of weight-at-age data
none
# Use bisection (0) or linear interpolation (1)
1
# Target Depletion
0.4
# CV of implementation error
0
