#Title, #runnumber: 255 yelloweye_data.ss yelloweye_control.ss 5097.93 2281.05 658.518 StartTime: Thu Jun 15 15:41:53 2017
SSv3_default_rebuild.dat
# Number of sexes
1
# Age range to consider (minimum age; maximum age)
0 100
# Number of fleets
12
# First year of projection (Yinit)
2011
# First Year of rebuilding period (Ydecl)
2013
# Number of simulations
1000
# Maximum number of years
500
# Conduct projections with multiple starting values (0=No;else yes)
0
# Number of parameter vectors
1000
# Is the maximum age a plus-group (1=Yes;2=No)
1
# Generate future recruitments using historical recruitments (1)  historical recruits/spawner (2)  or a stock-recruitment (3)
3
# Constant fishing mortality (1) or constant Catch (2) projections
1
# Fishing mortality based on SPR (1) or actual rate (2)
1
# Pre-specify the year of recovery (or -1) to ignore
-1
# Fecundity-at-age
# 0 1 2 3 4 5 6 7 8 9 10 11 12 13 14 15 16 17 18 19 20 21 22 23 24 25 26 27 28 29 30 31 32 33 34 35 36 37 38 39 40 41 42 43 44 45 46 47 48 49 50 51 52 53 54 55 56 57 58 59 60 61 62 63 64 65 66 67 68 69 70 71 72 73 74 75 76 77 78 79 80 81 82 83 84 85 86 87 88 89 90 91 92 93 94 95 96 97 98 99 100 #runnumber: 255 yelloweye_data.ss yelloweye_control.ss 5097.93 2281.05 658.518
 0 0 5.88852e-008 7.20506e-007 6.13826e-006 3.98624e-005 0.000205812 0.000854794 0.0028603 0.00779232 0.0176838 0.0344046 0.0590294 0.0915567 0.131037 0.175937 0.224542 0.27525 0.326741 0.378026 0.428422 0.477498 0.525004 0.570815 0.614883 0.657208 0.697812 0.73673 0.774 0.809663 0.843758 0.876324 0.907401 0.937028 0.965244 0.992091 1.01761 1.04184 1.06484 1.08663 1.10728 1.12681 1.14529 1.16275 1.17924 1.1948 1.20947 1.2233 1.23634 1.24861 1.26016 1.27102 1.28124 1.29085 1.29987 1.30835 1.31631 1.32379 1.33081 1.33739 1.34356 1.34936 1.35479 1.35988 1.36465 1.36912 1.37331 1.37724 1.38091 1.38436 1.38758 1.39068 1.39358 1.3963 1.39885 1.40123 1.40345 1.40554 1.40749 1.40932 1.41103 1.41263 1.41412 1.41552 1.41683 1.41806 1.4192 1.42027 1.42127 1.42221 1.42309 1.42391 1.42468 1.42539 1.42606 1.42669 1.42728 1.42783 1.42834 1.42882 1.42956 #female fecundity; weighted by N in year Y_init across morphs and areas
# Age specific selectivity and weight adjusted for discard and discard mortality
 #wt and selex for gender,fleet: 1 1
 0.0103755 0.0189752 0.0572113 0.1154 0.193171 0.287282 0.393885 0.509487 0.631232 0.756938 0.885085 1.01478 1.14567 1.27782 1.41143 1.54673 1.68372 1.82218 1.96163 2.10139 2.24066 2.37862 2.51446 2.64748 2.77709 2.90282 3.02433 3.14137 3.2538 3.36152 3.46452 3.56281 3.65647 3.74558 3.83024 3.91058 3.98674 4.05887 4.12711 4.19161 4.25255 4.31006 4.36432 4.41546 4.46365 4.50902 4.55173 4.5919 4.62968 4.66519 4.69856 4.72991 4.75934 4.78697 4.81289 4.83722 4.86004 4.88144 4.9015 4.92031 4.93794 4.95446 4.96994 4.98443 4.99801 5.01073 5.02264 5.03379 5.04423 5.05401 5.06325 5.07198 5.08015 5.0878 5.09496 5.10166 5.10792 5.11379 5.11927 5.1244 5.1292 5.13369 5.1379 5.14182 5.1455 5.14893 5.15215 5.15515 5.15797 5.16059 5.16305 5.16535 5.1675 5.16951 5.17139 5.17315 5.17479 5.17633 5.17777 5.17911 5.18118
 0 0 0 0 0 0 0 0 0 0 0 0 0 0 0 0 0 0 0 0 0 0 0 0 0 0 0 0 0 0 0 0 0 0 0 0 0 0 0 0 0 0 0 0 0 0 0 0 0 0 0 0 0 0 0 0 0 0 0 0 0 0 0 0 0 0 0 0 0 0 0 0 0 0 0 0 0 0 0 0 0 0 0 0 0 0 0 0 0 0 0 0 0 0 0 0 0 0 0 1 0
 #wt and selex for gender,fleet: 1 3
 0.010322 0.0177935 0.0510815 0.103031 0.173159 0.259087 0.357764 0.466254 0.58204 0.703162 0.828305 0.956803 1.08848 1.22337 1.36147 1.50254 1.64603 1.79116 1.93693 2.08233 2.22636 2.36816 2.50697 2.64223 2.77346 2.90035 3.02266 3.14026 3.25305 3.36102 3.46419 3.5626 3.65633 3.74548 3.83017 3.91054 3.98671 4.05885 4.12709 4.1916 4.25254 4.31006 4.36431 4.41546 4.46364 4.50902 4.55172 4.5919 4.62968 4.66519 4.69856 4.7299 4.75934 4.78697 4.81289 4.83722 4.86004 4.88144 4.9015 4.92031 4.93794 4.95446 4.96993 4.98443 4.99801 5.01073 5.02264 5.03379 5.04423 5.05401 5.06325 5.07198 5.08015 5.0878 5.09496 5.10166 5.10792 5.11379 5.11927 5.1244 5.1292 5.13369 5.13789 5.14182 5.1455 5.14893 5.15215 5.15515 5.15797 5.16059 5.16305 5.16535 5.1675 5.16951 5.17139 5.17315 5.17479 5.17633 5.17777 5.17911 5.18118
 0 0 0 0 0 0 0 0 0 0 0 0 0 0 0 0 0 0 0 0 0 0 0 0 0 0 0 0 0 0 0 0 0 0 0 0 0 0 0 0 0 0 0 0 0 0 0 0 0 0 0 0 0 0 0 0 0 0 0 0 0 0 0 0 0 0 0 0 0 0 0 0 0 0 0 0 0 0 0 0 0 0 0 0 0 0 0 0 0 0 0 0 0 0 0 0 0 0 0 1 0
 #wt and selex for gender,fleet: 1 4
 0.0102908 0.0171025 0.0473224 0.0961365 0.163554 0.248045 0.347211 0.458438 0.579235 0.707376 0.840953 0.978376 1.11837 1.25995 1.40242 1.54524 1.68803 1.83045 1.97215 2.11274 2.25179 2.38883 2.52339 2.65499 2.78322 2.90771 3.02815 3.14431 3.25603 3.3632 3.46578 3.56375 3.65717 3.7461 3.83063 3.91087 3.98696 4.05903 4.12723 4.19171 4.25262 4.31012 4.36436 4.41549 4.46367 4.50904 4.55174 4.59192 4.62969 4.6652 4.69857 4.72991 4.75934 4.78697 4.8129 4.83723 4.86004 4.88144 4.90151 4.92031 4.93794 4.95446 4.96994 4.98444 4.99802 5.01073 5.02264 5.0338 5.04424 5.05401 5.06325 5.07198 5.08015 5.0878 5.09496 5.10166 5.10793 5.11379 5.11927 5.12441 5.12921 5.1337 5.1379 5.14182 5.1455 5.14894 5.15215 5.15516 5.15797 5.1606 5.16305 5.16535 5.1675 5.16951 5.17139 5.17315 5.17479 5.17633 5.17777 5.17911 5.18118
 0 0 0 0 0 0 0 0 0 0 0 0 0 0 0 0 0 0 0 0 0 0 0 0 0 0 0 0 0 0 0 0 0 0 0 0 0 0 0 0 0 0 0 0 0 0 0 0 0 0 0 0 0 0 0 0 0 0 0 0 0 0 0 0 0 0 0 0 0 0 0 0 0 0 0 0 0 0 0 0 0 0 0 0 0 0 0 0 0 0 0 0 0 0 0 0 0 0 0 1 0
 #wt and selex for gender,fleet: 1 5
 0.0103305 0.0179914 0.0525167 0.10699 0.181476 0.273763 0.380704 0.499096 0.626055 0.759145 0.896377 1.03617 1.17729 1.31882 1.46012 1.60074 1.74041 1.87896 2.01622 2.15203 2.28619 2.41842 2.54843 2.67586 2.80038 2.92165 3.03936 3.15324 3.2631 3.36876 3.47014 3.56716 3.65983 3.74818 3.83225 3.91215 3.98796 4.05982 4.12786 4.19221 4.25302 4.31044 4.36462 4.41571 4.46385 4.50919 4.55187 4.59202 4.62978 4.66528 4.69864 4.72997 4.75939 4.78701 4.81294 4.83726 4.86007 4.88147 4.90153 4.92034 4.93796 4.95448 4.96995 4.98445 4.99803 5.01075 5.02266 5.03381 5.04425 5.05402 5.06326 5.07199 5.08016 5.08781 5.09497 5.10167 5.10793 5.1138 5.11928 5.12441 5.12921 5.1337 5.1379 5.14183 5.14551 5.14894 5.15216 5.15516 5.15797 5.1606 5.16306 5.16536 5.16751 5.16952 5.1714 5.17316 5.1748 5.17634 5.17777 5.17912 5.18119
 0 0 0 0 0 0 0 0 0 0 0 0 0 0 0 0 0 0 0 0 0 0 0 0 0 0 0 0 0 0 0 0 0 0 0 0 0 0 0 0 0 0 0 0 0 0 0 0 0 0 0 0 0 0 0 0 0 0 0 0 0 0 0 0 0 0 0 0 0 0 0 0 0 0 0 0 0 0 0 0 0 0 0 0 0 0 0 0 0 0 0 0 0 0 0 0 0 0 0 1 0
 #wt and selex for gender,fleet: 1 6
 0.0106104 0.0236729 0.0729757 0.140317 0.22329 0.315845 0.413233 0.512671 0.613565 0.717174 0.825649 0.940985 1.06434 1.19578 1.33436 1.47848 1.62626 1.77586 1.92565 2.0743 2.2208 2.36434 2.50435 2.64037 2.77209 2.89927 3.02175 3.13944 3.25228 3.36026 3.46343 3.56183 3.65554 3.74468 3.82936 3.9097 3.98586 4.05798 4.12621 4.19071 4.25164 4.30915 4.36339 4.41453 4.46271 4.50807 4.55077 4.59094 4.62872 4.66422 4.69759 4.72893 4.75835 4.78598 4.8119 4.83623 4.85904 4.88044 4.9005 4.91931 4.93693 4.95345 4.96893 4.98342 4.997 5.00972 5.02163 5.03278 5.04322 5.05299 5.06222 5.07095 5.07912 5.08677 5.09393 5.10062 5.10688 5.11274 5.11823 5.12336 5.12815 5.13264 5.13684 5.14077 5.14444 5.14788 5.15109 5.15409 5.1569 5.15953 5.16199 5.16429 5.16644 5.16844 5.17032 5.17208 5.17372 5.17526 5.1767 5.17804 5.18011
 0 0 0 0 0 0 0 0 0 0 0 0 0 0 0 0 0 0 0 0 0 0 0 0 0 0 0 0 0 0 0 0 0 0 0 0 0 0 0 0 0 0 0 0 0 0 0 0 0 0 0 0 0 0 0 0 0 0 0 0 0 0 0 0 0 0 0 0 0 0 0 0 0 0 0 0 0 0 0 0 0 0 0 0 0 0 0 0 0 0 0 0 0 0 0 0 0 0 0 1 0
 #wt and selex for gender,fleet: 1 7
 0.0102334 0.0158191 0.0394625 0.496686 0.524738 0.553933 0.590743 0.635517 0.690605 0.758821 0.842416 0.942346 1.0579 1.18684 1.32598 1.47195 1.62178 1.77308 1.92411 2.07358 2.22059 2.36444 2.50464 2.64078 2.77258 2.89981 3.02234 3.14006 3.25294 3.36096 3.46415 3.56257 3.65631 3.74547 3.83017 3.91053 3.98671 4.05884 4.12709 4.1916 4.25254 4.31006 4.36431 4.41546 4.46364 4.50902 4.55172 4.5919 4.62968 4.66519 4.69856 4.7299 4.75934 4.78697 4.81289 4.83722 4.86004 4.88144 4.9015 4.92031 4.93794 4.95446 4.96993 4.98443 4.99801 5.01073 5.02264 5.03379 5.04423 5.05401 5.06325 5.07198 5.08015 5.0878 5.09496 5.10166 5.10792 5.11379 5.11927 5.1244 5.1292 5.13369 5.13789 5.14182 5.1455 5.14893 5.15215 5.15515 5.15797 5.16059 5.16305 5.16535 5.1675 5.16951 5.17139 5.17315 5.17479 5.17633 5.17777 5.17911 5.18118
 0 0 0 0 0 0 0 0 0 0 0 0 0 0 0 0 0 0 0 0 0 0 0 0 0 0 0 0 0 0 0 0 0 0 0 0 0 0 0 0 0 0 0 0 0 0 0 0 0 0 0 0 0 0 0 0 0 0 0 0 0 0 0 0 0 0 0 0 0 0 0 0 0 0 0 0 0 0 0 0 0 0 0 0 0 0 0 0 0 0 0 0 0 0 0 0 0 0 0 1 0
# M and current age-structure in year Yinit: 2011
 # gender = 1
 0.0439034 0.0439034 0.0439034 0.0439034 0.0439034 0.0439034 0.0439034 0.0439034 0.0439034 0.0439034 0.0439034 0.0439034 0.0439034 0.0439034 0.0439034 0.0439034 0.0439034 0.0439034 0.0439034 0.0439034 0.0439034 0.0439034 0.0439034 0.0439034 0.0439034 0.0439034 0.0439034 0.0439034 0.0439034 0.0439034 0.0439034 0.0439034 0.0439034 0.0439034 0.0439034 0.0439034 0.0439034 0.0439034 0.0439034 0.0439034 0.0439034 0.0439034 0.0439034 0.0439034 0.0439034 0.0439034 0.0439034 0.0439034 0.0439034 0.0439034 0.0439034 0.0439034 0.0439034 0.0439034 0.0439034 0.0439034 0.0439034 0.0439034 0.0439034 0.0439034 0.0439034 0.0439034 0.0439034 0.0439034 0.0439034 0.0439034 0.0439034 0.0439034 0.0439034 0.0439034 0.0439034 0.0439034 0.0439034 0.0439034 0.0439034 0.0439034 0.0439034 0.0439034 0.0439034 0.0439034 0.0439034 0.0439034 0.0439034 0.0439034 0.0439034 0.0439034 0.0439034 0.0439034 0.0439034 0.0439034 0.0439034 0.0439034 0.0439034 0.0439034 0.0439034 0.0439034 0.0439034 0.0439034 0.0439034 0.0439034 0.0439034
 235.51 245.954 210.59 269.756 173.465 128.013 95.5231 71.25 149.513 283.787 98.1919 72.4558 140.032 71.0189 41.8024 34.6061 34.9431 72.4701 91.8856 35.1578 27.0183 29.0046 30.3875 29.9974 31.8078 31.5604 36.2138 43.7137 31.3591 35.2346 22.4631 15.9969 12.3099 9.60901 10.4652 10.0421 9.42001 5.73069 5.33927 6.38666 8.87438 6.1177 4.65993 3.52602 2.73615 2.23899 1.72093 1.40796 1.33874 1.44006 1.62529 1.73305 1.62862 1.41226 1.21113 1.06808 0.988143 0.964423 0.990524 1.06328 1.17355 1.28772 1.33642 1.26836 1.12456 0.976872 0.856118 0.765127 0.698211 0.648028 0.609378 0.578599 0.553356 0.531875 0.512363 0.49327 0.473507 0.452842 0.431695 0.4109 0.391258 0.373308 0.357197 0.342871 0.330044 0.318345 0.307429 0.297005 0.286833 0.276767 0.266722 0.256661 0.246603 0.23663 0.226742 0.216891 0.207334 0.198122 0.189278 0.180823 4.00646
# Age-structure at Ydeclare= 2013
 123.562 114.351 215.712 225.273 192.875 247.04 158.825 117.164 87.3723 65.1149 136.511 258.878 89.5071 66.0093 127.518 64.6524 38.0465 31.4917 31.7946 65.9348 83.5943 31.9839 24.5784 26.3847 27.6419 27.2864 28.9325 28.7068 32.9384 39.7588 28.521 32.0446 20.4287 14.5476 11.1943 8.73793 9.51626 9.13133 8.56547 5.21072 4.85471 5.80693 8.06868 5.56216 4.2367 3.20572 2.48756 2.03554 1.56453 1.28 1.21706 1.30915 1.47754 1.57549 1.48055 1.28386 1.10101 0.97096 0.898293 0.876728 0.900454 0.966596 1.06683 1.17062 1.21489 1.15302 1.02229 0.888037 0.778264 0.695546 0.634715 0.589096 0.55396 0.52598 0.503033 0.483505 0.465767 0.448411 0.430445 0.411659 0.392435 0.373531 0.355676 0.339359 0.324713 0.31169 0.300029 0.289394 0.279471 0.269995 0.260748 0.251597 0.242466 0.23332 0.224177 0.215111 0.206122 0.197167 0.188479 0.180105 3.97857
# Year for Tmin Age-structure (set to Ydecl by SS)
2013
#  recruitment and biomass
# Number of historical assessment years
129
# Historical data
# year recruitment spawner in B0 in R project in R/S project
1888  1889 1890 1891 1892 1893 1894 1895 1896 1897 1898 1899 1900 1901 1902 1903 1904 1905 1906 1907 1908 1909 1910 1911 1912 1913 1914 1915 1916 1917 1918 1919 1920 1921 1922 1923 1924 1925 1926 1927 1928 1929 1930 1931 1932 1933 1934 1935 1936 1937 1938 1939 1940 1941 1942 1943 1944 1945 1946 1947 1948 1949 1950 1951 1952 1953 1954 1955 1956 1957 1958 1959 1960 1961 1962 1963 1964 1965 1966 1967 1968 1969 1970 1971 1972 1973 1974 1975 1976 1977 1978 1979 1980 1981 1982 1983 1984 1985 1986 1987 1988 1989 1990 1991 1992 1993 1994 1995 1996 1997 1998 1999 2000 2001 2002 2003 2004 2005 2006 2007 2008 2009 2010 2011 2012 2013 2014 2015 2016 #years (with first value representing R0)
221.403 219.488 219.425 219.36 219.293 219.216 219.137 219.056 218.978 218.899 218.818 218.736 218.649 218.562 218.479 218.386 218.294 218.206 218.123 218.054 217.995 217.942 217.9 217.862 217.828 217.776 217.688 217.522 217.244 216.799 215.957 214.798 213.349 211.571 209.48 207.128 204.59 201.968 199.403 197.039 195.025 193.49 192.494 191.961 191.732 191.503 190.916 189.679 187.725 185.254 182.73 180.684 179.616 179.91 182.015 186.617 194.64 207.3 225.158 246.714 264.835 265.547 243.457 211.076 181.907 161.158 149.19 145.295 149.219 160.685 177.814 194.423 195.933 173.759 145.304 127.18 125.545 143.474 173.737 196.543 233.039 281.473 335.36 438.281 282.077 209.341 198.046 285.034 264.43 238.506 188.596 207.087 229.587 273.803 363.347 272.984 321.434 225.738 167.952 145.843 119.773 106.867 90.9334 76.4316 90.8369 219.35 161.502 73.2952 68.7273 78.878 127.591 239.821 118.39 153.16 422.786 212.861 96.9863 124.372 159.47 206.781 307.739 229.918 256.992 235.51 119.483 123.562 127.199 145.755 176.056  #recruits; first value is R0 (virgin)
2281.05  2281.05 2281.04 2281.03 2281.01 2280.15 2279.31 2278.48 2278.28 2278.25 2278.22 2278.21 2278.15 2278.06 2277.91 2277.71 2277.45 2277.1 2276.71 2276.26 2275.76 2274.97 2274.36 2273.69 2272.98 2272.23 2271.43 2270.59 2269.57 2268.14 2266.35 2260.4 2257.59 2254.98 2252.47 2250.51 2248.36 2245.09 2241.09 2235.45 2228.35 2221.41 2215.36 2208.58 2203.82 2199.32 2194.77 2189.09 2183.31 2175.51 2168.19 2160.21 2153.43 2144.32 2132.18 2119.32 2097.45 2074.23 2040.59 2009.61 1994.28 1977.52 1964.23 1949.45 1931.6 1916.26 1904.56 1890.89 1878.08 1865.34 1850.48 1837.12 1825.9 1816.94 1811.59 1804.84 1801.44 1800.66 1780.64 1775.08 1766.35 1757.39 1730.56 1713.34 1689.95 1660.32 1627.94 1592.02 1556.87 1516.21 1476.35 1411.16 1348.3 1299.36 1235.13 1128.19 1030.55 977.246 899.969 856.581 807.982 764.235 709.02 669.879 605.14 546.207 490.227 461.404 432.503 399.766 362.734 353.304 334.561 341.285 346.688 362.205 378.379 395.306 412.38 430.282 447.469 465.73 484.345 505.053 527.002 550.166 575.146 601.985 629.466 #spbio; first value is SSB_virgin (virgin)
1 0 0 0 0 0 0 0 0 0 0 0 0 0 0 0 0 0 0 0 0 0 0 0 0 0 0 0 0 0 0 0 0 0 0 0 0 0 0 0 0 0 0 0 0 0 0 0 0 0 0 0 0 0 0 0 0 0 0 0 0 0 0 0 0 0 0 0 0 0 0 0 0 0 0 0 0 0 0 0 0 0 0 0 0 0 0 0 0 0 0 0 0 0 0 0 0 0 0 0 0 0 0 0 0 0 0 0 0 0 0 0 0 0 0 0 0 0 0 0 0 0 0 0 0 0 0 0 0  # in Bzero
0 1 1 1 1 1 1 1 1 1 1 1 1 1 1 1 1 1 1 1 1 1 1 1 1 1 1 1 1 1 1 1 1 1 1 1 1 1 1 1 1 1 1 1 1 1 1 1 1 1 1 1 1 1 1 1 1 1 1 1 1 1 1 1 1 1 1 1 1 1 1 1 1 1 1 1 1 1 1 1 1 1 1 1 1 1 1 1 1 1 1 1 1 1 1 1 1 1 1 1 1 1 1 1 1 1 1 1 1 1 1 1 1 1 1 1 1 1 1 1 1 1 1 1 1 1  0 0 0 # in R project
0 1 1 1 1 1 1 1 1 1 1 1 1 1 1 1 1 1 1 1 1 1 1 1 1 1 1 1 1 1 1 1 1 1 1 1 1 1 1 1 1 1 1 1 1 1 1 1 1 1 1 1 1 1 1 1 1 1 1 1 1 1 1 1 1 1 1 1 1 1 1 1 1 1 1 1 1 1 1 1 1 1 1 1 1 1 1 1 1 1 1 1 1 1 1 1 1 1 1 1 1 1 1 1 1 1 1 1 1 1 1 1 1 1 1 1 1 1 1 1 1 1 1 1 1 1  0 0 0 # in R/S project
# Number of years with pre-specified catches
0
# catches for years with pre-specified catches go next
# Number of future recruitments to override
-2
# Process for overiding (-1 for average otherwise index in data list)
# Which probability to product detailed results for (1=0.5; 2=0.6; etc.)
3
# Steepness sigma-R Auto-correlation
0.718 0.5 0
# Target SPR rate (FMSY Proxy); manually change to SPR_MSY if not using SPR_target
0.5
# Discount rate (for cumulative catch)
0.1
# Truncate the series when 0.4B0 is reached (1=Yes)
0
# Set F to FMSY once 0.4B0 is reached (1=Yes)
0
# Maximum possible F for projection (-1 to set to FMSY)
-1
# Defintion of recovery (1=now only;2=now or before)
2
# Projection type
4
# Definition of the 40-10 rule
10 40
# Calculate coefficients of variation (1=Yes)
0
# Number of replicates to use
10
# Random number seed
-99004
# File with multiple parameter vectors 
rebuild.SSO
# User-specific projection (1=Yes); Output replaced (1->9)
0  5
# Catches and Fs (Year; 1/2/3 (F or C or SPR); value); Final row is -1
2016 1 1
-1 -1 -1
# Fixed catch project (1=Yes); Output replaced (1->9); Approach (-1=Read in else 1-9)
0 2 -1
# Split of Fs
2011  0.000561429
 0
 0.177698
 0.00712633
 0.279492
 0.257984
 0.277138
-1  1 1 1 1 1 1 1 1 1 1 1 1
# Yrs to define T_target for projection type 4 (a.k.a. 5 pre-specified inputs)
2022 2023 2024 2025 2026 
# Year for probability of recovery
2026 2027 2028 2029 2030 2031 2032 2033
# Time varying weight-at-age (1=Yes;0=No)
0
# File with time series of weight-at-age data
none
# Use bisection (0) or linear interpolation (1)
1
# Target Depletion
0.4
# CV of implementation error
0
