#Title, #runnumber: 255 yelloweye_data.ss yelloweye_control.ss 4912.56 2188.47 603.743 StartTime: Thu Jun 15 15:47:00 2017
SSv3_default_rebuild.dat
# Number of sexes
1
# Age range to consider (minimum age; maximum age)
0 100
# Number of fleets
12
# First year of projection (Yinit)
2011
# First Year of rebuilding period (Ydecl)
2013
# Number of simulations
1000
# Maximum number of years
500
# Conduct projections with multiple starting values (0=No;else yes)
0
# Number of parameter vectors
1000
# Is the maximum age a plus-group (1=Yes;2=No)
1
# Generate future recruitments using historical recruitments (1)  historical recruits/spawner (2)  or a stock-recruitment (3)
3
# Constant fishing mortality (1) or constant Catch (2) projections
1
# Fishing mortality based on SPR (1) or actual rate (2)
1
# Pre-specify the year of recovery (or -1) to ignore
-1
# Fecundity-at-age
# 0 1 2 3 4 5 6 7 8 9 10 11 12 13 14 15 16 17 18 19 20 21 22 23 24 25 26 27 28 29 30 31 32 33 34 35 36 37 38 39 40 41 42 43 44 45 46 47 48 49 50 51 52 53 54 55 56 57 58 59 60 61 62 63 64 65 66 67 68 69 70 71 72 73 74 75 76 77 78 79 80 81 82 83 84 85 86 87 88 89 90 91 92 93 94 95 96 97 98 99 100 #runnumber: 255 yelloweye_data.ss yelloweye_control.ss 4912.56 2188.47 603.743
 0 0 5.39929e-008 6.37082e-007 5.28961e-006 3.37206e-005 0.000172074 0.000711823 0.00239117 0.00658084 0.015146 0.0299386 0.0522056 0.0822446 0.11942 0.162437 0.209703 0.259635 0.310859 0.362295 0.413168 0.462965 0.511376 0.558231 0.603457 0.647036 0.688982 0.729323 0.768092 0.805325 0.841054 0.875312 0.908131 0.939543 0.969578 0.99827 1.02565 1.05176 1.07662 1.10029 1.12279 1.14417 1.16446 1.18371 1.20195 1.21923 1.23559 1.25107 1.2657 1.27953 1.29259 1.30493 1.31656 1.32754 1.33789 1.34764 1.35683 1.36549 1.37364 1.38132 1.38854 1.39533 1.40173 1.40774 1.41339 1.4187 1.4237 1.42839 1.4328 1.43695 1.44084 1.44459 1.44811 1.45142 1.45453 1.45744 1.46018 1.46275 1.46516 1.46742 1.46955 1.47154 1.47341 1.47516 1.47681 1.47836 1.4798 1.48116 1.48244 1.48363 1.48476 1.48581 1.48679 1.48772 1.48859 1.4894 1.49016 1.49088 1.49155 1.49218 1.49317 #female fecundity; weighted by N in year Y_init across morphs and areas
# Age specific selectivity and weight adjusted for discard and discard mortality
 #wt and selex for gender,fleet: 1 1
 0.0104067 0.0185797 0.055957 0.112451 0.187732 0.27874 0.381797 0.49357 0.611352 0.733095 0.857386 0.983415 1.1109 1.23994 1.37083 1.50384 1.6391 1.77645 1.91549 2.05558 2.19592 2.33564 2.47391 2.60993 2.74306 2.87276 2.99861 3.12032 3.23768 3.35056 3.4589 3.5627 3.66196 3.75675 3.84715 3.93325 4.01518 4.09304 4.16698 4.23713 4.30362 4.36661 4.42624 4.48264 4.53596 4.58635 4.63393 4.67885 4.72123 4.76119 4.79887 4.83438 4.86783 4.89933 4.92899 4.95691 4.98318 5.00789 5.03113 5.05299 5.07354 5.09285 5.111 5.12806 5.14409 5.15914 5.17328 5.18656 5.19903 5.21073 5.22183 5.23235 5.24222 5.25149 5.26019 5.26835 5.27601 5.2832 5.28994 5.29627 5.3022 5.30777 5.31299 5.31789 5.32249 5.3268 5.33084 5.33463 5.33819 5.34152 5.34465 5.34758 5.35033 5.35291 5.35533 5.3576 5.35973 5.36172 5.36359 5.36534 5.3681
 0 0 0 0 0 0 0 0 0 0 0 0 0 0 0 0 0 0 0 0 0 0 0 0 0 0 0 0 0 0 0 0 0 0 0 0 0 0 0 0 0 0 0 0 0 0 0 0 0 0 0 0 0 0 0 0 0 0 0 0 0 0 0 0 0 0 0 0 0 0 0 0 0 0 0 0 0 0 0 0 0 0 0 0 0 0 0 0 0 0 0 0 0 0 0 0 0 0 0 1 0
 #wt and selex for gender,fleet: 1 3
 0.0103436 0.0173561 0.0494658 0.0994726 0.166907 0.249612 0.344739 0.44953 0.561614 0.679134 0.800822 0.926012 1.05452 1.18643 1.3218 1.46053 1.60222 1.74618 1.89152 2.03723 2.18232 2.32587 2.46707 2.60527 2.73995 2.87072 2.9973 3.11948 3.23715 3.35023 3.4587 3.56257 3.66188 3.7567 3.84712 3.93324 4.01517 4.09304 4.16698 4.23712 4.30362 4.36661 4.42623 4.48264 4.53596 4.58635 4.63393 4.67885 4.72123 4.76119 4.79887 4.83438 4.86783 4.89933 4.92899 4.95691 4.98318 5.00789 5.03113 5.05299 5.07354 5.09285 5.111 5.12806 5.14409 5.15914 5.17328 5.18656 5.19903 5.21073 5.22183 5.23235 5.24222 5.25149 5.26019 5.26835 5.27601 5.2832 5.28994 5.29627 5.3022 5.30777 5.31299 5.31789 5.32249 5.3268 5.33084 5.33463 5.33819 5.34152 5.34465 5.34758 5.35033 5.35291 5.35533 5.3576 5.35973 5.36172 5.36359 5.36534 5.3681
 0 0 0 0 0 0 0 0 0 0 0 0 0 0 0 0 0 0 0 0 0 0 0 0 0 0 0 0 0 0 0 0 0 0 0 0 0 0 0 0 0 0 0 0 0 0 0 0 0 0 0 0 0 0 0 0 0 0 0 0 0 0 0 0 0 0 0 0 0 0 0 0 0 0 0 0 0 0 0 0 0 0 0 0 0 0 0 0 0 0 0 0 0 0 0 0 0 0 0 1 0
 #wt and selex for gender,fleet: 1 4
 0.010291 0.0163347 0.0434852 0.0881317 0.150575 0.229905 0.324342 0.431738 0.549892 0.676723 0.810345 0.949094 1.09152 1.23638 1.38261 1.5293 1.6757 1.82116 1.96518 2.10732 2.24722 2.3846 2.51917 2.65072 2.77903 2.90391 3.02519 3.14272 3.25636 3.36601 3.4716 3.57308 3.67042 3.76363 3.85274 3.93779 4.01886 4.09604 4.16942 4.23912 4.30526 4.36796 4.42735 4.48357 4.53674 4.587 4.63448 4.67932 4.72163 4.76154 4.79917 4.83464 4.86806 4.89953 4.92917 4.95707 4.98332 5.00802 5.03125 5.05309 5.07363 5.09294 5.11108 5.12813 5.14415 5.1592 5.17334 5.18661 5.19908 5.21078 5.22188 5.2324 5.24227 5.25153 5.26023 5.26839 5.27605 5.28324 5.28998 5.29631 5.30224 5.30781 5.31303 5.31793 5.32253 5.32684 5.33088 5.33467 5.33822 5.34156 5.34469 5.34762 5.35037 5.35295 5.35536 5.35763 5.35976 5.36175 5.36362 5.36537 5.36813
 0 0 0 0 0 0 0 0 0 0 0 0 0 0 0 0 0 0 0 0 0 0 0 0 0 0 0 0 0 0 0 0 0 0 0 0 0 0 0 0 0 0 0 0 0 0 0 0 0 0 0 0 0 0 0 0 0 0 0 0 0 0 0 0 0 0 0 0 0 0 0 0 0 0 0 0 0 0 0 0 0 0 0 0 0 0 0 0 0 0 0 0 0 0 0 0 0 0 0 1 0
 #wt and selex for gender,fleet: 1 5
 0.0103503 0.0174984 0.050624 0.102886 0.174376 0.263163 0.366351 0.480948 0.604235 0.733902 0.868051 1.00517 1.14405 1.2838 1.42372 1.56336 1.7024 1.84062 1.97787 2.114 2.24884 2.38218 2.51375 2.64324 2.77033 2.89468 3.01595 3.13385 3.24812 3.35854 3.46496 3.56726 3.66539 3.75932 3.84908 3.9347 4.01626 4.09386 4.1676 4.23759 4.30398 4.36688 4.42645 4.4828 4.53609 4.58645 4.63401 4.67891 4.72128 4.76124 4.79891 4.83441 4.86785 4.89935 4.92901 4.95692 4.98319 5.0079 5.03114 5.053 5.07355 5.09286 5.11101 5.12807 5.14409 5.15914 5.17328 5.18656 5.19903 5.21074 5.22183 5.23235 5.24223 5.25149 5.26019 5.26835 5.27601 5.2832 5.28994 5.29627 5.30221 5.30777 5.313 5.3179 5.32249 5.3268 5.33084 5.33464 5.33819 5.34153 5.34465 5.34759 5.35034 5.35292 5.35533 5.3576 5.35973 5.36172 5.36359 5.36534 5.3681
 0 0 0 0 0 0 0 0 0 0 0 0 0 0 0 0 0 0 0 0 0 0 0 0 0 0 0 0 0 0 0 0 0 0 0 0 0 0 0 0 0 0 0 0 0 0 0 0 0 0 0 0 0 0 0 0 0 0 0 0 0 0 0 0 0 0 0 0 0 0 0 0 0 0 0 0 0 0 0 0 0 0 0 0 0 0 0 0 0 0 0 0 0 0 0 0 0 0 0 1 0
 #wt and selex for gender,fleet: 1 6
 0.010669 0.0232254 0.0718032 0.137433 0.21811 0.308035 0.402636 0.499201 0.597053 0.697286 0.801943 0.913077 1.03208 1.15934 1.29426 1.4355 1.58129 1.72981 1.8794 2.02864 2.17642 2.32189 2.4644 2.60343 2.73863 2.86971 2.99645 3.11873 3.23643 3.34952 3.45799 3.56185 3.66114 3.75595 3.84635 3.93245 4.01437 4.09222 4.16615 4.23629 4.30278 4.36576 4.42537 4.48177 4.53509 4.58547 4.63305 4.67796 4.72033 4.7603 4.79797 4.83348 4.86692 4.89842 4.92808 4.956 4.98226 5.00697 5.03021 5.05207 5.07262 5.09193 5.11008 5.12713 5.14316 5.15821 5.17235 5.18563 5.1981 5.2098 5.2209 5.23141 5.24128 5.25055 5.25924 5.2674 5.27506 5.28224 5.28898 5.29531 5.30124 5.30681 5.31203 5.31692 5.32152 5.32583 5.32987 5.33366 5.33721 5.34055 5.34367 5.3466 5.34935 5.35193 5.35435 5.35661 5.35874 5.36073 5.3626 5.36435 5.36711
 0 0 0 0 0 0 0 0 0 0 0 0 0 0 0 0 0 0 0 0 0 0 0 0 0 0 0 0 0 0 0 0 0 0 0 0 0 0 0 0 0 0 0 0 0 0 0 0 0 0 0 0 0 0 0 0 0 0 0 0 0 0 0 0 0 0 0 0 0 0 0 0 0 0 0 0 0 0 0 0 0 0 0 0 0 0 0 0 0 0 0 0 0 0 0 0 0 0 0 1 0
 #wt and selex for gender,fleet: 1 7
 0.0102633 0.0158418 0.24902 0.256403 0.27198 0.299902 0.343572 0.40611 0.488849 0.590558 0.708067 0.837606 0.975826 1.12013 1.26856 1.41959 1.57198 1.72467 1.87675 2.02742 2.17599 2.32189 2.46463 2.60381 2.73909 2.87022 2.99701 3.11932 3.23706 3.35018 3.45867 3.56255 3.66187 3.7567 3.84712 3.93323 4.01517 4.09303 4.16697 4.23712 4.30362 4.36661 4.42623 4.48264 4.53596 4.58635 4.63393 4.67885 4.72123 4.76119 4.79887 4.83438 4.86783 4.89933 4.92899 4.95691 4.98318 5.00789 5.03113 5.05299 5.07354 5.09285 5.111 5.12806 5.14409 5.15914 5.17328 5.18656 5.19903 5.21073 5.22183 5.23235 5.24222 5.25149 5.26019 5.26835 5.27601 5.2832 5.28994 5.29627 5.3022 5.30777 5.31299 5.31789 5.32249 5.3268 5.33084 5.33463 5.33819 5.34152 5.34465 5.34758 5.35033 5.35291 5.35533 5.3576 5.35972 5.36172 5.36359 5.36534 5.3681
 0 0 0 0 0 0 0 0 0 0 0 0 0 0 0 0 0 0 0 0 0 0 0 0 0 0 0 0 0 0 0 0 0 0 0 0 0 0 0 0 0 0 0 0 0 0 0 0 0 0 0 0 0 0 0 0 0 0 0 0 0 0 0 0 0 0 0 0 0 0 0 0 0 0 0 0 0 0 0 0 0 0 0 0 0 0 0 0 0 0 0 0 0 0 0 0 0 0 0 1 0
# M and current age-structure in year Yinit: 2011
 # gender = 1
 0.0439034 0.0439034 0.0439034 0.0439034 0.0439034 0.0439034 0.0439034 0.0439034 0.0439034 0.0439034 0.0439034 0.0439034 0.0439034 0.0439034 0.0439034 0.0439034 0.0439034 0.0439034 0.0439034 0.0439034 0.0439034 0.0439034 0.0439034 0.0439034 0.0439034 0.0439034 0.0439034 0.0439034 0.0439034 0.0439034 0.0439034 0.0439034 0.0439034 0.0439034 0.0439034 0.0439034 0.0439034 0.0439034 0.0439034 0.0439034 0.0439034 0.0439034 0.0439034 0.0439034 0.0439034 0.0439034 0.0439034 0.0439034 0.0439034 0.0439034 0.0439034 0.0439034 0.0439034 0.0439034 0.0439034 0.0439034 0.0439034 0.0439034 0.0439034 0.0439034 0.0439034 0.0439034 0.0439034 0.0439034 0.0439034 0.0439034 0.0439034 0.0439034 0.0439034 0.0439034 0.0439034 0.0439034 0.0439034 0.0439034 0.0439034 0.0439034 0.0439034 0.0439034 0.0439034 0.0439034 0.0439034 0.0439034 0.0439034 0.0439034 0.0439034 0.0439034 0.0439034 0.0439034 0.0439034 0.0439034 0.0439034 0.0439034 0.0439034 0.0439034 0.0439034 0.0439034 0.0439034 0.0439034 0.0439034 0.0439034 0.0439034
 230.463 240.197 203.176 252.317 157.143 118.038 89.603 66.8547 132.566 262.07 95.5385 68.2666 128.005 69.5556 40.4751 31.9802 31.6911 65.4435 88.5377 34.0262 25.3423 25.739 28.6069 28.8932 27.0435 26.8722 31.8442 41.3315 38.2266 28.6942 22.5709 14.5643 14.6541 12.7221 8.98959 6.19637 5.53861 5.34242 5.97099 5.69391 6.39494 8.44183 5.55175 3.60141 2.5572 2.05954 1.65335 1.36206 1.24277 1.24607 1.31969 1.42516 1.50627 1.48222 1.33663 1.16006 1.02373 0.938207 0.892024 0.870669 0.857876 0.840262 0.81503 0.787485 0.761013 0.734976 0.705906 0.672953 0.638869 0.606056 0.5762 0.549308 0.52472 0.50146 0.47827 0.454224 0.428974 0.403035 0.377334 0.352873 0.330351 0.310103 0.292113 0.276259 0.262273 0.249854 0.238728 0.228641 0.219349 0.210652 0.202385 0.194413 0.18666 0.17911 0.171704 0.164375 0.157286 0.150459 0.143905 0.137635 3.12254
# Age-structure at Ydeclare= 2013
 121.112 112.122 211.089 220 186.084 231.057 143.842 107.973 81.8953 61.0537 120.97 238.981 87.0687 62.1835 116.552 63.3123 36.8332 29.0974 28.8305 59.5305 80.5322 30.9479 23.0486 23.4086 26.0161 26.2757 24.5929 24.4364 28.9568 37.5826 34.758 26.0896 20.5214 13.2414 13.3226 11.5659 8.17238 5.63297 5.03491 4.85648 5.42777 5.17581 5.81295 7.67342 5.04633 3.2735 2.32434 1.87197 1.50276 1.23799 1.12955 1.13254 1.19945 1.2953 1.36902 1.34716 1.21483 1.05435 0.930437 0.852706 0.810731 0.791321 0.779694 0.763684 0.74075 0.715715 0.691656 0.667991 0.64157 0.611619 0.580642 0.550819 0.523684 0.499243 0.476895 0.455755 0.434678 0.412824 0.389876 0.366301 0.342942 0.320711 0.300242 0.281839 0.265489 0.25108 0.238369 0.227082 0.21697 0.207802 0.199357 0.191453 0.183939 0.176695 0.169647 0.162786 0.156055 0.149394 0.142951 0.136746 3.09385
# Year for Tmin Age-structure (set to Ydecl by SS)
2013
#  recruitment and biomass
# Number of historical assessment years
129
# Historical data
# year recruitment spawner in B0 in R project in R/S project
1888  1889 1890 1891 1892 1893 1894 1895 1896 1897 1898 1899 1900 1901 1902 1903 1904 1905 1906 1907 1908 1909 1910 1911 1912 1913 1914 1915 1916 1917 1918 1919 1920 1921 1922 1923 1924 1925 1926 1927 1928 1929 1930 1931 1932 1933 1934 1935 1936 1937 1938 1939 1940 1941 1942 1943 1944 1945 1946 1947 1948 1949 1950 1951 1952 1953 1954 1955 1956 1957 1958 1959 1960 1961 1962 1963 1964 1965 1966 1967 1968 1969 1970 1971 1972 1973 1974 1975 1976 1977 1978 1979 1980 1981 1982 1983 1984 1985 1986 1987 1988 1989 1990 1991 1992 1993 1994 1995 1996 1997 1998 1999 2000 2001 2002 2003 2004 2005 2006 2007 2008 2009 2010 2011 2012 2013 2014 2015 2016 #years (with first value representing R0)
210.841 204.503 204.29 204.07 203.843 203.601 203.351 203.093 202.833 202.564 202.289 202.005 201.709 201.406 201.099 200.775 200.444 200.11 199.774 199.445 199.118 198.788 198.472 198.167 197.86 197.535 197.175 196.753 196.243 195.612 194.683 193.55 192.283 190.899 189.466 188.083 186.858 185.897 185.316 185.212 185.668 186.763 188.531 190.907 193.767 196.825 199.664 201.807 202.915 202.904 202.066 200.873 199.83 199.243 199.249 199.732 200.094 199.636 197.711 194.716 191.63 188.6 184.864 179.406 173.032 168.409 168.195 174.175 187.177 204.335 214.437 205.92 183.77 160.152 141.931 132.438 135.282 152.354 175.204 199.679 256.516 358.254 490.102 331.648 261.967 242.118 189.742 171.255 165.828 207.089 250.995 246.477 208.067 273.185 293.846 331.236 303.636 198.997 143.711 124.83 116.373 101.757 81.8715 72.9121 89.4951 214.938 147.89 67.1323 63.8892 76.6351 125.277 219.674 111.725 149.213 390.843 188.88 91.0468 116.687 147.05 187.325 287.845 221.824 250.977 230.463 117.155 121.112 123.344 139.628 165.482  #recruits; first value is R0 (virgin)
2188.47  2188.47 2188.46 2188.45 2188.43 2187.56 2186.71 2185.88 2185.68 2185.64 2185.6 2185.54 2185.4 2185.18 2184.82 2184.33 2183.68 2182.85 2181.87 2180.74 2179.45 2177.78 2176.21 2174.5 2172.68 2170.74 2168.69 2166.54 2164.14 2161.28 2158 2150.49 2146.08 2141.85 2137.66 2133.97 2130.06 2124.99 2119.13 2111.59 2102.55 2093.64 2085.62 2076.87 2070.16 2063.75 2057.35 2049.89 2042.45 2033.13 2024.49 2015.44 2007.9 1998.35 1986.14 1973.64 1952.57 1930.68 1898.93 1870.5 1858.33 1845.37 1836.46 1826.61 1814.17 1804.59 1798.83 1791.07 1783.88 1776.13 1765.29 1754.75 1745.04 1736.34 1730.23 1722.02 1716.93 1714.6 1693.35 1687.51 1679.36 1671.88 1647.26 1632.91 1612.82 1586.76 1558.08 1525.9 1494.67 1457.97 1422.35 1361.45 1302.76 1258 1198.18 1095.64 1001.22 950.845 875.13 832.653 783.73 738.967 682.259 642.258 577.384 518.105 461.75 432.327 402.639 369.304 331.762 322.148 303.248 309.856 315.144 329.698 344.815 360.705 376.73 393.484 409.546 426.613 443.912 463.126 483.344 504.567 527.383 551.959 577.094 #spbio; first value is SSB_virgin (virgin)
1 0 0 0 0 0 0 0 0 0 0 0 0 0 0 0 0 0 0 0 0 0 0 0 0 0 0 0 0 0 0 0 0 0 0 0 0 0 0 0 0 0 0 0 0 0 0 0 0 0 0 0 0 0 0 0 0 0 0 0 0 0 0 0 0 0 0 0 0 0 0 0 0 0 0 0 0 0 0 0 0 0 0 0 0 0 0 0 0 0 0 0 0 0 0 0 0 0 0 0 0 0 0 0 0 0 0 0 0 0 0 0 0 0 0 0 0 0 0 0 0 0 0 0 0 0 0 0 0  # in Bzero
0 1 1 1 1 1 1 1 1 1 1 1 1 1 1 1 1 1 1 1 1 1 1 1 1 1 1 1 1 1 1 1 1 1 1 1 1 1 1 1 1 1 1 1 1 1 1 1 1 1 1 1 1 1 1 1 1 1 1 1 1 1 1 1 1 1 1 1 1 1 1 1 1 1 1 1 1 1 1 1 1 1 1 1 1 1 1 1 1 1 1 1 1 1 1 1 1 1 1 1 1 1 1 1 1 1 1 1 1 1 1 1 1 1 1 1 1 1 1 1 1 1 1 1 1 1  0 0 0 # in R project
0 1 1 1 1 1 1 1 1 1 1 1 1 1 1 1 1 1 1 1 1 1 1 1 1 1 1 1 1 1 1 1 1 1 1 1 1 1 1 1 1 1 1 1 1 1 1 1 1 1 1 1 1 1 1 1 1 1 1 1 1 1 1 1 1 1 1 1 1 1 1 1 1 1 1 1 1 1 1 1 1 1 1 1 1 1 1 1 1 1 1 1 1 1 1 1 1 1 1 1 1 1 1 1 1 1 1 1 1 1 1 1 1 1 1 1 1 1 1 1 1 1 1 1 1 1  0 0 0 # in R/S project
# Number of years with pre-specified catches
0
# catches for years with pre-specified catches go next
# Number of future recruitments to override
-2
# Process for overiding (-1 for average otherwise index in data list)
# Which probability to product detailed results for (1=0.5; 2=0.6; etc.)
3
# Steepness sigma-R Auto-correlation
0.718 0.5 0
# Target SPR rate (FMSY Proxy); manually change to SPR_MSY if not using SPR_target
0.5
# Discount rate (for cumulative catch)
0.1
# Truncate the series when 0.4B0 is reached (1=Yes)
0
# Set F to FMSY once 0.4B0 is reached (1=Yes)
0
# Maximum possible F for projection (-1 to set to FMSY)
-1
# Defintion of recovery (1=now only;2=now or before)
2
# Projection type
4
# Definition of the 40-10 rule
10 40
# Calculate coefficients of variation (1=Yes)
0
# Number of replicates to use
10
# Random number seed
-99004
# File with multiple parameter vectors 
rebuild.SSO
# User-specific projection (1=Yes); Output replaced (1->9)
0  5
# Catches and Fs (Year; 1/2/3 (F or C or SPR); value); Final row is -1
2016 1 1
-1 -1 -1
# Fixed catch project (1=Yes); Output replaced (1->9); Approach (-1=Read in else 1-9)
0 2 -1
# Split of Fs
2011  0.000577322
 0
 0.183138
 0.00806367
 0.302024
 0.277066
 0.229131
-1  1 1 1 1 1 1 1 1 1 1 1 1
# Yrs to define T_target for projection type 4 (a.k.a. 5 pre-specified inputs)
2022 2023 2024 2025 2026 
# Year for probability of recovery
2026 2027 2028 2029 2030 2031 2032 2033
# Time varying weight-at-age (1=Yes;0=No)
0
# File with time series of weight-at-age data
none
# Use bisection (0) or linear interpolation (1)
1
# Target Depletion
0.4
# CV of implementation error
0
