#Title, #runnumber: 272 yelloweye_data.ss yelloweye_control.ss 5694.99 1949.48 571.682 StartTime: Fri Jul 21 13:32:46 2017
SSv3_default_rebuild.dat
# Number of sexes
1
# Age range to consider (minimum age; maximum age)
0 100
# Number of fleets
12
# First year of projection (Yinit)
2011
# First Year of rebuilding period (Ydecl)
2013
# Number of simulations
1000
# Maximum number of years
500
# Conduct projections with multiple starting values (0=No;else yes)
0
# Number of parameter vectors
1000
# Is the maximum age a plus-group (1=Yes;2=No)
1
# Generate future recruitments using historical recruitments (1)  historical recruits/spawner (2)  or a stock-recruitment (3)
3
# Constant fishing mortality (1) or constant Catch (2) projections
1
# Fishing mortality based on SPR (1) or actual rate (2)
1
# Pre-specify the year of recovery (or -1) to ignore
-1
# Fecundity-at-age
# 0 1 2 3 4 5 6 7 8 9 10 11 12 13 14 15 16 17 18 19 20 21 22 23 24 25 26 27 28 29 30 31 32 33 34 35 36 37 38 39 40 41 42 43 44 45 46 47 48 49 50 51 52 53 54 55 56 57 58 59 60 61 62 63 64 65 66 67 68 69 70 71 72 73 74 75 76 77 78 79 80 81 82 83 84 85 86 87 88 89 90 91 92 93 94 95 96 97 98 99 100 #runnumber: 272 yelloweye_data.ss yelloweye_control.ss 5694.99 1949.48 571.682
 0 0 3.14734e-008 3.97181e-007 3.56811e-006 2.46829e-005 0.000136328 0.000605476 0.00215584 0.00620075 0.0147304 0.0297608 0.0526558 0.0837199 0.122213 0.166671 0.215324 0.266445 0.318572 0.370593 0.421739 0.471531 0.519703 0.566135 0.610796 0.653707 0.69491 0.734457 0.772399 0.808785 0.843658 0.877057 0.90902 0.939582 0.968779 0.996644 1.02321 1.04852 1.07261 1.09552 1.11728 1.13794 1.15753 1.17611 1.1937 1.21035 1.2261 1.24099 1.25505 1.26834 1.28088 1.29271 1.30386 1.31437 1.32428 1.33361 1.3424 1.35067 1.35845 1.36578 1.37266 1.37914 1.38523 1.39095 1.39632 1.40137 1.40612 1.41058 1.41476 1.41869 1.42238 1.42593 1.42926 1.43239 1.43533 1.43808 1.44067 1.44309 1.44536 1.4475 1.4495 1.45137 1.45313 1.45478 1.45633 1.45778 1.45914 1.46042 1.46161 1.46274 1.46379 1.46477 1.46569 1.46656 1.46737 1.46813 1.46884 1.46951 1.47014 1.47072 1.47164 #female fecundity; weighted by N in year Y_init across morphs and areas
# Age specific selectivity and weight adjusted for discard and discard mortality
 #wt and selex for gender,fleet: 1 1
 0.0111063 0.0231307 0.0625296 0.12089 0.197739 0.290119 0.394594 0.508016 0.62777 0.75181 0.87864 1.00728 1.13725 1.26842 1.40091 1.53488 1.6704 1.80736 1.94541 2.08402 2.2225 2.3601 2.49606 2.62968 2.76034 2.88754 3.01089 3.1301 3.24497 3.35538 3.46126 3.56262 3.65947 3.75189 3.83995 3.92375 4.00342 4.07907 4.15085 4.2189 4.28335 4.34435 4.40205 4.45659 4.50812 4.55676 4.60267 4.64598 4.68681 4.72529 4.76154 4.79568 4.82782 4.85806 4.88652 4.91329 4.93847 4.96213 4.98438 5.00528 5.02492 5.04337 5.0607 5.07698 5.09226 5.1066 5.12007 5.13271 5.14457 5.1557 5.16625 5.17623 5.1856 5.19439 5.20264 5.21037 5.21762 5.22442 5.2308 5.23678 5.24238 5.24764 5.25257 5.25719 5.26152 5.26558 5.26939 5.27296 5.2763 5.27944 5.28238 5.28513 5.28771 5.29013 5.2924 5.29452 5.29651 5.29838 5.30013 5.30177 5.30434
 0 0 0 0 0 0 0 0 0 0 0 0 0 0 0 0 0 0 0 0 0 0 0 0 0 0 0 0 0 0 0 0 0 0 0 0 0 0 0 0 0 0 0 0 0 0 0 0 0 0 0 0 0 0 0 0 0 0 0 0 0 0 0 0 0 0 0 0 0 0 0 0 0 0 0 0 0 0 0 0 0 0 0 0 0 0 0 0 0 0 0 0 0 0 0 0 0 0 0 1 0
 #wt and selex for gender,fleet: 1 3
 0.011008 0.0215063 0.0564674 0.109157 0.179099 0.264042 0.361201 0.467899 0.581825 0.701137 0.824535 0.951282 1.08111 1.214 1.34997 1.48889 1.63035 1.7737 1.91807 2.06252 2.2061 2.34793 2.48726 2.62344 2.75601 2.88458 3.0089 3.12877 3.24409 3.3548 3.46089 3.56237 3.65931 3.75178 3.83988 3.9237 4.00339 4.07905 4.15084 4.21889 4.28334 4.34435 4.40205 4.45659 4.50811 4.55676 4.60267 4.64598 4.68681 4.72529 4.76154 4.79568 4.82782 4.85806 4.88652 4.91329 4.93847 4.96213 4.98438 5.00528 5.02492 5.04337 5.0607 5.07698 5.09226 5.10661 5.12007 5.13271 5.14457 5.1557 5.16625 5.17623 5.1856 5.19439 5.20264 5.21037 5.21762 5.22442 5.2308 5.23678 5.24239 5.24764 5.25257 5.25719 5.26152 5.26558 5.26939 5.27296 5.2763 5.27944 5.28238 5.28513 5.28771 5.29013 5.2924 5.29452 5.29652 5.29838 5.30013 5.30177 5.30434
 0 0 0 0 0 0 0 0 0 0 0 0 0 0 0 0 0 0 0 0 0 0 0 0 0 0 0 0 0 0 0 0 0 0 0 0 0 0 0 0 0 0 0 0 0 0 0 0 0 0 0 0 0 0 0 0 0 0 0 0 0 0 0 0 0 0 0 0 0 0 0 0 0 0 0 0 0 0 0 0 0 0 0 0 0 0 0 0 0 0 0 0 0 0 0 0 0 0 0 1 0
 #wt and selex for gender,fleet: 1 4
 0.0109408 0.0203809 0.0521792 0.10166 0.168812 0.252185 0.349596 0.458677 0.577155 0.702982 0.834379 0.969841 1.10813 1.24824 1.38944 1.53114 1.67293 1.81445 1.95537 2.09536 2.23403 2.37099 2.50579 2.63801 2.76723 2.89309 3.01526 3.13347 3.24753 3.3573 3.4627 3.56368 3.66026 3.75246 3.84037 3.92406 4.00364 4.07924 4.15098 4.21899 4.28342 4.3444 4.40209 4.45662 4.50814 4.55678 4.60269 4.64599 4.68682 4.72529 4.76154 4.79568 4.82782 4.85807 4.88653 4.91329 4.93847 4.96213 4.98438 5.00528 5.02492 5.04337 5.0607 5.07698 5.09226 5.10661 5.12007 5.13271 5.14457 5.1557 5.16625 5.17623 5.1856 5.19439 5.20264 5.21037 5.21762 5.22442 5.2308 5.23678 5.24238 5.24764 5.25257 5.25719 5.26152 5.26558 5.26939 5.27296 5.2763 5.27944 5.28238 5.28513 5.28771 5.29013 5.2924 5.29452 5.29651 5.29838 5.30013 5.30177 5.30434
 0 0 0 0 0 0 0 0 0 0 0 0 0 0 0 0 0 0 0 0 0 0 0 0 0 0 0 0 0 0 0 0 0 0 0 0 0 0 0 0 0 0 0 0 0 0 0 0 0 0 0 0 0 0 0 0 0 0 0 0 0 0 0 0 0 0 0 0 0 0 0 0 0 0 0 0 0 0 0 0 0 0 0 0 0 0 0 0 0 0 0 0 0 0 0 0 0 0 0 1 0
 #wt and selex for gender,fleet: 1 5
 0.011025 0.0218137 0.0580491 0.113238 0.187353 0.278262 0.38308 0.498892 0.623068 0.753366 0.887944 1.02532 1.16431 1.30403 1.44382 1.58322 1.72192 1.85973 1.99647 2.132 2.26612 2.3986 2.52916 2.65747 2.7832 2.90602 3.02559 3.14165 3.25394 3.36229 3.46656 3.56665 3.66254 3.75421 3.84171 3.92508 4.00443 4.07985 4.15144 4.21935 4.2837 4.34462 4.40226 4.45676 4.50825 4.55687 4.60276 4.64605 4.68687 4.72534 4.76158 4.79571 4.82784 4.85809 4.88654 4.91331 4.93848 4.96215 4.98439 5.00529 5.02493 5.04338 5.06071 5.07699 5.09227 5.10661 5.12008 5.13272 5.14458 5.15571 5.16625 5.17624 5.18561 5.1944 5.20264 5.21037 5.21762 5.22443 5.2308 5.23678 5.24239 5.24765 5.25257 5.2572 5.26153 5.26559 5.26939 5.27296 5.27631 5.27944 5.28238 5.28513 5.28772 5.29013 5.2924 5.29453 5.29652 5.29838 5.30013 5.30177 5.30434
 0 0 0 0 0 0 0 0 0 0 0 0 0 0 0 0 0 0 0 0 0 0 0 0 0 0 0 0 0 0 0 0 0 0 0 0 0 0 0 0 0 0 0 0 0 0 0 0 0 0 0 0 0 0 0 0 0 0 0 0 0 0 0 0 0 0 0 0 0 0 0 0 0 0 0 0 0 0 0 0 0 0 0 0 0 0 0 0 0 0 0 0 0 0 0 0 0 0 0 1 0
 #wt and selex for gender,fleet: 1 6
 0.0116301 0.0302865 0.0806154 0.148381 0.23041 0.321146 0.416333 0.513513 0.612214 0.713657 0.819901 0.932898 1.05385 1.18291 1.31927 1.46144 1.60761 1.75598 1.90493 2.05316 2.19962 2.34353 2.48427 2.62138 2.75453 2.88346 3.00798 3.12796 3.24334 3.35407 3.46016 3.56164 3.65857 3.75102 3.8391 3.92291 4.00258 4.07823 4.15001 4.21804 4.28249 4.34348 4.40118 4.45571 4.50723 4.55587 4.60177 4.64507 4.6859 4.72437 4.76062 4.79475 4.82689 4.85714 4.88559 4.91236 4.93753 4.96119 4.98344 5.00434 5.02398 5.04243 5.05976 5.07603 5.09131 5.10565 5.11912 5.13176 5.14362 5.15475 5.16529 5.17527 5.18464 5.19342 5.20167 5.20939 5.21664 5.22344 5.22982 5.23579 5.2414 5.24665 5.25158 5.2562 5.26053 5.26459 5.26839 5.27196 5.2753 5.27844 5.28137 5.28413 5.28671 5.28913 5.29139 5.29352 5.29551 5.29737 5.29912 5.30076 5.30332
 0 0 0 0 0 0 0 0 0 0 0 0 0 0 0 0 0 0 0 0 0 0 0 0 0 0 0 0 0 0 0 0 0 0 0 0 0 0 0 0 0 0 0 0 0 0 0 0 0 0 0 0 0 0 0 0 0 0 0 0 0 0 0 0 0 0 0 0 0 0 0 0 0 0 0 0 0 0 0 0 0 0 0 0 0 0 0 0 0 0 0 0 0 0 0 0 0 0 0 1 0
 #wt and selex for gender,fleet: 1 7
 0.0116322 0.0305339 0.0832001 0.156919 0.249195 0.354211 0.466886 0.583452 0.7014 0.819314 0.936747 1.05405 1.17212 1.29203 1.41477 1.54101 1.67096 1.80434 1.9405 2.07846 2.21711 2.35535 2.49214 2.6266 2.75801 2.88583 3.00967 3.12924 3.24438 3.35497 3.46099 3.56244 3.65935 3.75181 3.83989 3.92371 4.00339 4.07906 4.15084 4.21889 4.28334 4.34435 4.40205 4.45659 4.50811 4.55676 4.60267 4.64598 4.68681 4.72529 4.76154 4.79568 4.82782 4.85806 4.88652 4.91329 4.93847 4.96213 4.98438 5.00528 5.02492 5.04337 5.0607 5.07698 5.09226 5.10661 5.12007 5.13271 5.14457 5.1557 5.16625 5.17623 5.1856 5.19439 5.20264 5.21037 5.21762 5.22442 5.2308 5.23678 5.24239 5.24764 5.25257 5.25719 5.26152 5.26558 5.26939 5.27296 5.2763 5.27944 5.28238 5.28513 5.28771 5.29013 5.2924 5.29452 5.29652 5.29838 5.30013 5.30177 5.30434
 0 0 0 0 0 0 0 0 0 0 0 0 0 0 0 0 0 0 0 0 0 0 0 0 0 0 0 0 0 0 0 0 0 0 0 0 0 0 0 0 0 0 0 0 0 0 0 0 0 0 0 0 0 0 0 0 0 0 0 0 0 0 0 0 0 0 0 0 0 0 0 0 0 0 0 0 0 0 0 0 0 0 0 0 0 0 0 0 0 0 0 0 0 0 0 0 0 0 0 1 0
# M and current age-structure in year Yinit: 2011
 # gender = 1
 0.0439034 0.0439034 0.0439034 0.0439034 0.0439034 0.0439034 0.0439034 0.0439034 0.0439034 0.0439034 0.0439034 0.0439034 0.0439034 0.0439034 0.0439034 0.0439034 0.0439034 0.0439034 0.0439034 0.0439034 0.0439034 0.0439034 0.0439034 0.0439034 0.0439034 0.0439034 0.0439034 0.0439034 0.0439034 0.0439034 0.0439034 0.0439034 0.0439034 0.0439034 0.0439034 0.0439034 0.0439034 0.0439034 0.0439034 0.0439034 0.0439034 0.0439034 0.0439034 0.0439034 0.0439034 0.0439034 0.0439034 0.0439034 0.0439034 0.0439034 0.0439034 0.0439034 0.0439034 0.0439034 0.0439034 0.0439034 0.0439034 0.0439034 0.0439034 0.0439034 0.0439034 0.0439034 0.0439034 0.0439034 0.0439034 0.0439034 0.0439034 0.0439034 0.0439034 0.0439034 0.0439034 0.0439034 0.0439034 0.0439034 0.0439034 0.0439034 0.0439034 0.0439034 0.0439034 0.0439034 0.0439034 0.0439034 0.0439034 0.0439034 0.0439034 0.0439034 0.0439034 0.0439034 0.0439034 0.0439034 0.0439034 0.0439034 0.0439034 0.0439034 0.0439034 0.0439034 0.0439034 0.0439034 0.0439034 0.0439034 0.0439034
 195.29 198.465 177.591 230.291 144.11 108.945 81.4027 60.0598 124.93 247.376 87.166 62.6499 123.189 61.9502 36.1298 29.4872 29.4253 60.231 80.8366 30.3023 22.959 24.2973 26.6481 27.3293 27.5485 26.2829 30.1023 37.7252 28.0376 34.6729 22.3251 14.7245 10.9913 8.31314 8.83655 8.20968 7.74255 4.9291 4.60371 5.54533 8.47504 5.79282 4.30451 3.16397 2.40373 1.94705 1.49071 1.2121 1.14308 1.21789 1.36015 1.44012 1.35462 1.17991 1.01605 0.898803 0.833452 0.814797 0.837657 0.89958 0.993184 1.09086 1.13489 1.08085 0.960998 0.836329 0.733568 0.655499 0.597564 0.553547 0.519156 0.491392 0.468381 0.448658 0.430666 0.413062 0.394923 0.376132 0.357141 0.33872 0.321553 0.306059 0.292299 0.280182 0.269426 0.259689 0.250666 0.242102 0.233788 0.225595 0.217443 0.209291 0.201148 0.193078 0.185068 0.177086 0.169344 0.161875 0.154699 0.147834 3.2952
# Age-structure at Ydeclare= 2013
 101.146 94.554 178.873 181.778 162.654 210.905 131.959 99.7334 74.4925 54.9355 114.21 226.025 79.601 57.1857 112.4 56.5056 32.9457 26.883 26.8224 54.8967 73.671 27.6144 20.9215 22.1401 24.2815 24.9016 25.1009 23.9472 27.4267 34.3715 25.5447 31.5896 20.3395 13.4148 10.0136 7.57356 8.05035 7.47921 7.0536 4.49047 4.19402 5.05181 7.72072 5.2772 3.92134 2.88231 2.18974 1.7737 1.35799 1.10418 1.0413 1.10944 1.23904 1.31189 1.234 1.07484 0.92557 0.818766 0.759234 0.74224 0.763064 0.819472 0.904741 0.993715 1.03382 0.984598 0.87542 0.761853 0.668243 0.597126 0.54435 0.504252 0.472924 0.447633 0.426671 0.408704 0.392314 0.376278 0.359754 0.342637 0.325336 0.308556 0.292918 0.278804 0.266269 0.255231 0.245433 0.236563 0.228343 0.220542 0.212969 0.205505 0.198079 0.190653 0.183235 0.175884 0.168587 0.161316 0.154264 0.147459 3.27735
# Year for Tmin Age-structure (set to Ydecl by SS)
2013
#  recruitment and biomass
# Number of historical assessment years
129
# Historical data
# year recruitment spawner in B0 in R project in R/S project
1888  1889 1890 1891 1892 1893 1894 1895 1896 1897 1898 1899 1900 1901 1902 1903 1904 1905 1906 1907 1908 1909 1910 1911 1912 1913 1914 1915 1916 1917 1918 1919 1920 1921 1922 1923 1924 1925 1926 1927 1928 1929 1930 1931 1932 1933 1934 1935 1936 1937 1938 1939 1940 1941 1942 1943 1944 1945 1946 1947 1948 1949 1950 1951 1952 1953 1954 1955 1956 1957 1958 1959 1960 1961 1962 1963 1964 1965 1966 1967 1968 1969 1970 1971 1972 1973 1974 1975 1976 1977 1978 1979 1980 1981 1982 1983 1984 1985 1986 1987 1988 1989 1990 1991 1992 1993 1994 1995 1996 1997 1998 1999 2000 2001 2002 2003 2004 2005 2006 2007 2008 2009 2010 2011 2012 2013 2014 2015 2016 #years (with first value representing R0)
188.14 185.156 185.06 184.961 184.859 184.746 184.631 184.512 184.395 184.276 184.154 184.029 183.898 183.765 183.633 183.488 183.342 183.196 183.051 182.916 182.784 182.653 182.526 182.4 182.272 182.124 181.939 181.684 181.33 180.84 180.02 178.93 177.605 176.014 174.173 172.132 169.957 167.736 165.591 163.646 162.03 160.866 160.216 160.03 160.189 160.431 160.434 159.908 158.754 157.112 155.385 154.041 153.517 154.129 156.228 160.374 167.328 178.131 193.203 211.199 225.962 225.67 206.292 178.596 153.793 136.123 125.828 122.275 125.219 134.349 147.971 160.97 161.954 144.533 122.04 107.746 107.136 123.078 149.493 170.722 206.636 256.799 313.496 413.033 241.602 178.039 168.057 231.245 213.497 198.95 161.149 182.479 208.321 267.997 351.998 240.317 273.245 184.807 137.612 124.066 107.002 91.8271 74.6891 63.8064 77.1329 190.687 132.974 61.2499 58.1801 67.7965 110.795 210.227 102.097 135.713 368.122 177.752 81.7303 105.974 135.709 171.786 262.716 193.89 207.372 195.29 98.7977 101.146 104.339 121.129 150.267  #recruits; first value is R0 (virgin)
1949.48  1949.48 1949.47 1949.44 1949.39 1948.46 1947.54 1946.61 1946.3 1946.14 1945.96 1945.77 1945.52 1945.19 1944.78 1944.28 1943.67 1942.95 1942.14 1941.23 1940.22 1938.89 1937.71 1936.44 1935.1 1933.69 1932.2 1930.65 1928.89 1927.22 1925.17 1918.96 1915.88 1913 1910.21 1907.96 1905.51 1901.93 1897.61 1891.64 1884.19 1876.97 1870.71 1863.75 1858.88 1854.34 1849.84 1844.28 1838.72 1831.23 1824.37 1816.89 1810.6 1802.27 1790.89 1778.54 1757.2 1734.53 1701.59 1671.72 1657.49 1642.04 1630.67 1618.43 1603.55 1590.83 1581.69 1570.83 1561.29 1551.98 1540.4 1531.44 1523.94 1517.58 1514.29 1510.09 1509.22 1510.8 1494.45 1492.92 1488.3 1484.08 1462.31 1450.68 1432.26 1408.91 1385.34 1359.28 1333.71 1305.14 1276.74 1222.21 1170.45 1132.24 1075.68 983.979 897.885 856.696 795.028 760.87 719.839 679.84 628.129 593.178 534.201 480.037 427.743 401.14 374.544 343.506 308.645 301.186 285.046 292.877 299.012 312.949 327.57 342.533 357.623 373.177 388.331 404.158 420.546 438.462 457.467 477.568 499.184 522.473 546.453 #spbio; first value is SSB_virgin (virgin)
1 0 0 0 0 0 0 0 0 0 0 0 0 0 0 0 0 0 0 0 0 0 0 0 0 0 0 0 0 0 0 0 0 0 0 0 0 0 0 0 0 0 0 0 0 0 0 0 0 0 0 0 0 0 0 0 0 0 0 0 0 0 0 0 0 0 0 0 0 0 0 0 0 0 0 0 0 0 0 0 0 0 0 0 0 0 0 0 0 0 0 0 0 0 0 0 0 0 0 0 0 0 0 0 0 0 0 0 0 0 0 0 0 0 0 0 0 0 0 0 0 0 0 0 0 0 0 0 0  # in Bzero
0 1 1 1 1 1 1 1 1 1 1 1 1 1 1 1 1 1 1 1 1 1 1 1 1 1 1 1 1 1 1 1 1 1 1 1 1 1 1 1 1 1 1 1 1 1 1 1 1 1 1 1 1 1 1 1 1 1 1 1 1 1 1 1 1 1 1 1 1 1 1 1 1 1 1 1 1 1 1 1 1 1 1 1 1 1 1 1 1 1 1 1 1 1 1 1 1 1 1 1 1 1 1 1 1 1 1 1 1 1 1 1 1 1 1 1 1 1 1 1 1 1 1 1 1 1  0 0 0 # in R project
0 1 1 1 1 1 1 1 1 1 1 1 1 1 1 1 1 1 1 1 1 1 1 1 1 1 1 1 1 1 1 1 1 1 1 1 1 1 1 1 1 1 1 1 1 1 1 1 1 1 1 1 1 1 1 1 1 1 1 1 1 1 1 1 1 1 1 1 1 1 1 1 1 1 1 1 1 1 1 1 1 1 1 1 1 1 1 1 1 1 1 1 1 1 1 1 1 1 1 1 1 1 1 1 1 1 1 1 1 1 1 1 1 1 1 1 1 1 1 1 1 1 1 1 1 1  0 0 0 # in R/S project
# Number of years with pre-specified catches
0
# catches for years with pre-specified catches go next
# Number of future recruitments to override
-2
# Process for overiding (-1 for average otherwise index in data list)
# Which probability to product detailed results for (1=0.5; 2=0.6; etc.)
3
# Steepness sigma-R Auto-correlation
0.718 0.5 0
# Target SPR rate (FMSY Proxy); manually change to SPR_MSY if not using SPR_target
0.5
# Discount rate (for cumulative catch)
0.1
# Truncate the series when 0.4B0 is reached (1=Yes)
0
# Set F to FMSY once 0.4B0 is reached (1=Yes)
0
# Maximum possible F for projection (-1 to set to FMSY)
-1
# Defintion of recovery (1=now only;2=now or before)
2
# Projection type
4
# Definition of the 40-10 rule
10 40
# Calculate coefficients of variation (1=Yes)
0
# Number of replicates to use
10
# Random number seed
-99004
# File with multiple parameter vectors 
rebuild.SSO
# User-specific projection (1=Yes); Output replaced (1->9)
0  5
# Catches and Fs (Year; 1/2/3 (F or C or SPR); value); Final row is -1
2016 1 1
-1 -1 -1
# Fixed catch project (1=Yes); Output replaced (1->9); Approach (-1=Read in else 1-9)
0 2 -1
# Split of Fs
2011  0.00102399
 0
 0.161411
 0.0102745
 0.401467
 0.185175
 0.240647
-1  1 1 1 1 1 1 1 1 1 1 1 1
# Yrs to define T_target for projection type 4 (a.k.a. 5 pre-specified inputs)
2022 2023 2024 2025 2026 
# Year for probability of recovery
2026 2027 2028 2029 2030 2031 2032 2033
# Time varying weight-at-age (1=Yes;0=No)
0
# File with time series of weight-at-age data
none
# Use bisection (0) or linear interpolation (1)
1
# Target Depletion
0.4
# CV of implementation error
0
