#Title, #runnumber: 272 yelloweye_data.ss yelloweye_control.ss 5703.74 2618.16 731.583 StartTime: Fri Jul 21 13:38:00 2017
SSv3_default_rebuild.dat
# Number of sexes
1
# Age range to consider (minimum age; maximum age)
0 100
# Number of fleets
12
# First year of projection (Yinit)
2011
# First Year of rebuilding period (Ydecl)
2013
# Number of simulations
1000
# Maximum number of years
500
# Conduct projections with multiple starting values (0=No;else yes)
0
# Number of parameter vectors
1000
# Is the maximum age a plus-group (1=Yes;2=No)
1
# Generate future recruitments using historical recruitments (1)  historical recruits/spawner (2)  or a stock-recruitment (3)
3
# Constant fishing mortality (1) or constant Catch (2) projections
1
# Fishing mortality based on SPR (1) or actual rate (2)
1
# Pre-specify the year of recovery (or -1) to ignore
-1
# Fecundity-at-age
# 0 1 2 3 4 5 6 7 8 9 10 11 12 13 14 15 16 17 18 19 20 21 22 23 24 25 26 27 28 29 30 31 32 33 34 35 36 37 38 39 40 41 42 43 44 45 46 47 48 49 50 51 52 53 54 55 56 57 58 59 60 61 62 63 64 65 66 67 68 69 70 71 72 73 74 75 76 77 78 79 80 81 82 83 84 85 86 87 88 89 90 91 92 93 94 95 96 97 98 99 100 #runnumber: 272 yelloweye_data.ss yelloweye_control.ss 5703.74 2618.16 731.583
 0 0 3.42474e-008 4.2234e-007 3.73082e-006 2.54735e-005 0.000139207 0.000612851 0.00216691 0.00620054 0.0146784 0.0295909 0.0522911 0.0830943 0.121288 0.165441 0.213812 0.264693 0.316631 0.368513 0.419568 0.469308 0.51746 0.563898 0.608587 0.651544 0.69281 0.732434 0.770468 0.806957 0.841945 0.875471 0.907571 0.938279 0.96763 0.995657 1.02239 1.04788 1.07215 1.09523 1.11718 1.13803 1.15781 1.17657 1.19434 1.21118 1.22711 1.24218 1.25643 1.26989 1.2826 1.2946 1.30592 1.31659 1.32666 1.33614 1.34508 1.35349 1.36141 1.36887 1.37588 1.38249 1.38869 1.39453 1.40002 1.40518 1.41002 1.41458 1.41886 1.42288 1.42665 1.43029 1.43371 1.43691 1.43992 1.44275 1.4454 1.44789 1.45023 1.45242 1.45448 1.45641 1.45822 1.45992 1.46151 1.46301 1.46441 1.46573 1.46696 1.46812 1.4692 1.47022 1.47118 1.47207 1.47291 1.4737 1.47444 1.47513 1.47578 1.47638 1.47734 #female fecundity; weighted by N in year Y_init across morphs and areas
# Age specific selectivity and weight adjusted for discard and discard mortality
 #wt and selex for gender,fleet: 1 1
 0.0112958 0.0241162 0.0638738 0.122438 0.199279 0.291462 0.395606 0.508612 0.627905 0.751467 0.877819 1.00599 1.13548 1.26618 1.39818 1.53164 1.66664 1.80307 1.94063 2.07878 2.21687 2.35415 2.48988 2.62336 2.75397 2.88121 3.00467 3.12407 3.23919 3.3499 3.45614 3.55789 3.65518 3.74806 3.83661 3.92092 4.00112 4.07731 4.14964 4.21825 4.28326 4.34483 4.40309 4.45819 4.51027 4.55947 4.60592 4.64975 4.69111 4.7301 4.76685 4.80147 4.83409 4.8648 4.8937 4.92091 4.9465 4.97057 4.99321 5.0145 5.0345 5.05331 5.07098 5.08758 5.10317 5.11782 5.13157 5.14449 5.15661 5.168 5.17879 5.18901 5.19861 5.20762 5.21607 5.224 5.23144 5.23842 5.24497 5.25111 5.25688 5.26228 5.26735 5.27211 5.27657 5.28075 5.28467 5.28835 5.2918 5.29504 5.29807 5.30092 5.30358 5.30608 5.30843 5.31063 5.31269 5.31462 5.31643 5.31813 5.3208
 0 0 0 0 0 0 0 0 0 0 0 0 0 0 0 0 0 0 0 0 0 0 0 0 0 0 0 0 0 0 0 0 0 0 0 0 0 0 0 0 0 0 0 0 0 0 0 0 0 0 0 0 0 0 0 0 0 0 0 0 0 0 0 0 0 0 0 0 0 0 0 0 0 0 0 0 0 0 0 0 0 0 0 0 0 0 0 0 0 0 0 0 0 0 0 0 0 0 0 1 0
 #wt and selex for gender,fleet: 1 3
 0.0111853 0.0224082 0.0578248 0.11077 0.18071 0.265374 0.361998 0.467945 0.580952 0.699236 0.821572 0.947308 1.07624 1.20842 1.34386 1.48241 1.62363 1.76683 1.91112 2.05553 2.1991 2.34094 2.48031 2.61657 2.74925 2.87798 3.00249 3.12261 3.23822 3.34927 3.45573 3.55762 3.65501 3.74794 3.83653 3.92087 4.00108 4.07729 4.14963 4.21824 4.28325 4.34482 4.40309 4.45819 4.51027 4.55947 4.60592 4.64975 4.69111 4.7301 4.76685 4.80147 4.83409 4.8648 4.8937 4.92091 4.9465 4.97057 4.99321 5.0145 5.0345 5.05331 5.07098 5.08758 5.10317 5.11782 5.13157 5.14449 5.15662 5.168 5.17879 5.18901 5.19861 5.20762 5.21607 5.224 5.23144 5.23842 5.24497 5.25111 5.25688 5.26228 5.26735 5.27211 5.27657 5.28075 5.28467 5.28835 5.2918 5.29504 5.29807 5.30092 5.30358 5.30608 5.30843 5.31063 5.31269 5.31462 5.31643 5.31813 5.3208
 0 0 0 0 0 0 0 0 0 0 0 0 0 0 0 0 0 0 0 0 0 0 0 0 0 0 0 0 0 0 0 0 0 0 0 0 0 0 0 0 0 0 0 0 0 0 0 0 0 0 0 0 0 0 0 0 0 0 0 0 0 0 0 0 0 0 0 0 0 0 0 0 0 0 0 0 0 0 0 0 0 0 0 0 0 0 0 0 0 0 0 0 0 0 0 0 0 0 0 1 0
 #wt and selex for gender,fleet: 1 4
 0.0110835 0.0208022 0.0520002 0.100675 0.166951 0.249625 0.346751 0.456117 0.575525 0.702931 0.836509 0.974663 1.11602 1.2594 1.40382 1.54846 1.69265 1.83584 1.97758 2.11753 2.25536 2.39081 2.5236 2.65351 2.78029 2.90374 3.02363 3.13981 3.2521 3.3604 3.46462 3.56471 3.66063 3.75241 3.84007 3.92369 4.00332 4.07908 4.15106 4.21938 4.28418 4.34557 4.4037 4.45869 4.51068 4.55981 4.6062 4.64999 4.69131 4.73027 4.76699 4.8016 4.8342 4.86489 4.89379 4.92098 4.94657 4.97063 4.99327 5.01454 5.03455 5.05335 5.07101 5.08761 5.1032 5.11785 5.1316 5.14451 5.15664 5.16802 5.17881 5.18903 5.19863 5.20764 5.21609 5.22402 5.23146 5.23844 5.24499 5.25113 5.25689 5.2623 5.26737 5.27212 5.27658 5.28077 5.28469 5.28837 5.29182 5.29505 5.29809 5.30093 5.3036 5.3061 5.30844 5.31064 5.3127 5.31463 5.31645 5.31814 5.32081
 0 0 0 0 0 0 0 0 0 0 0 0 0 0 0 0 0 0 0 0 0 0 0 0 0 0 0 0 0 0 0 0 0 0 0 0 0 0 0 0 0 0 0 0 0 0 0 0 0 0 0 0 0 0 0 0 0 0 0 0 0 0 0 0 0 0 0 0 0 0 0 0 0 0 0 0 0 0 0 0 0 0 0 0 0 0 0 0 0 0 0 0 0 0 0 0 0 0 0 1 0
 #wt and selex for gender,fleet: 1 5
 0.0111974 0.0226288 0.0590986 0.114408 0.188534 0.27941 0.384227 0.500124 0.624499 0.755122 0.890145 1.02807 1.16768 1.30805 1.44846 1.58837 1.72743 1.86537 2.002 2.13716 2.27069 2.4024 2.53206 2.65943 2.78422 2.90615 3.02494 3.14033 3.25211 3.36008 3.46411 3.5641 3.66001 3.7518 3.83951 3.92317 4.00286 4.07868 4.15071 4.21908 4.28392 4.34535 4.40351 4.45853 4.51054 4.55969 4.6061 4.64991 4.69123 4.7302 4.76694 4.80155 4.83415 4.86485 4.89375 4.92095 4.94654 4.97061 4.99324 5.01452 5.03453 5.05333 5.071 5.08759 5.10319 5.11783 5.13159 5.1445 5.15663 5.16801 5.1788 5.18903 5.19862 5.20763 5.21608 5.22401 5.23145 5.23843 5.24498 5.25112 5.25689 5.26229 5.26736 5.27212 5.27658 5.28076 5.28468 5.28836 5.29181 5.29505 5.29808 5.30092 5.30359 5.30609 5.30844 5.31063 5.3127 5.31463 5.31644 5.31814 5.32081
 0 0 0 0 0 0 0 0 0 0 0 0 0 0 0 0 0 0 0 0 0 0 0 0 0 0 0 0 0 0 0 0 0 0 0 0 0 0 0 0 0 0 0 0 0 0 0 0 0 0 0 0 0 0 0 0 0 0 0 0 0 0 0 0 0 0 0 0 0 0 0 0 0 0 0 0 0 0 0 0 0 0 0 0 0 0 0 0 0 0 0 0 0 0 0 0 0 0 0 1 0
 #wt and selex for gender,fleet: 1 6
 0.0118878 0.0315798 0.0820353 0.149931 0.232006 0.322814 0.418157 0.515553 0.614421 0.715842 0.821769 0.934125 1.05415 1.18211 1.31732 1.4584 1.6036 1.75117 1.8995 2.04725 2.19337 2.33705 2.47766 2.61473 2.74792 2.87695 3.00163 3.12184 3.2375 3.34855 3.45501 3.5569 3.65427 3.74719 3.83576 3.92009 4.00028 4.07648 4.1488 4.2174 4.28241 4.34396 4.40222 4.45731 4.50939 4.55858 4.60502 4.64885 4.6902 4.72919 4.76593 4.80056 4.83317 4.86387 4.89278 4.91998 4.94557 4.96964 4.99228 5.01356 5.03356 5.05236 5.07003 5.08663 5.10222 5.11687 5.13062 5.14354 5.15567 5.16705 5.17784 5.18806 5.19765 5.20665 5.2151 5.22303 5.23046 5.23744 5.24399 5.25013 5.25589 5.2613 5.26636 5.27112 5.27558 5.27976 5.28368 5.28736 5.2908 5.29404 5.29707 5.29991 5.30258 5.30508 5.30742 5.30962 5.31168 5.31361 5.31542 5.31712 5.31979
 0 0 0 0 0 0 0 0 0 0 0 0 0 0 0 0 0 0 0 0 0 0 0 0 0 0 0 0 0 0 0 0 0 0 0 0 0 0 0 0 0 0 0 0 0 0 0 0 0 0 0 0 0 0 0 0 0 0 0 0 0 0 0 0 0 0 0 0 0 0 0 0 0 0 0 0 0 0 0 0 0 0 0 0 0 0 0 0 0 0 0 0 0 0 0 0 0 0 0 1 0
 #wt and selex for gender,fleet: 1 7
 0.0118284 0.0311589 0.0831326 0.156104 0.24775 0.352573 0.46564 0.5832 0.702664 0.82245 0.94186 1.06095 1.18033 1.3009 1.42355 1.54897 1.67751 1.80909 1.94326 2.07925 2.21612 2.35284 2.48842 2.62199 2.7528 2.88027 3.00395 3.12353 3.2388 3.34962 3.45595 3.55776 3.65509 3.748 3.83656 3.92089 4.0011 4.0773 4.14963 4.21824 4.28326 4.34482 4.40309 4.45819 4.51027 4.55947 4.60592 4.64975 4.69111 4.7301 4.76685 4.80147 4.83409 4.8648 4.8937 4.92091 4.9465 4.97057 4.99321 5.0145 5.0345 5.05331 5.07098 5.08758 5.10317 5.11782 5.13157 5.14449 5.15662 5.168 5.17879 5.18901 5.19861 5.20762 5.21607 5.224 5.23144 5.23842 5.24497 5.25111 5.25688 5.26228 5.26735 5.27211 5.27657 5.28075 5.28467 5.28835 5.2918 5.29504 5.29807 5.30092 5.30358 5.30608 5.30843 5.31063 5.31269 5.31462 5.31643 5.31813 5.3208
 0 0 0 0 0 0 0 0 0 0 0 0 0 0 0 0 0 0 0 0 0 0 0 0 0 0 0 0 0 0 0 0 0 0 0 0 0 0 0 0 0 0 0 0 0 0 0 0 0 0 0 0 0 0 0 0 0 0 0 0 0 0 0 0 0 0 0 0 0 0 0 0 0 0 0 0 0 0 0 0 0 0 0 0 0 0 0 0 0 0 0 0 0 0 0 0 0 0 0 1 0
# M and current age-structure in year Yinit: 2011
 # gender = 1
 0.0439034 0.0439034 0.0439034 0.0439034 0.0439034 0.0439034 0.0439034 0.0439034 0.0439034 0.0439034 0.0439034 0.0439034 0.0439034 0.0439034 0.0439034 0.0439034 0.0439034 0.0439034 0.0439034 0.0439034 0.0439034 0.0439034 0.0439034 0.0439034 0.0439034 0.0439034 0.0439034 0.0439034 0.0439034 0.0439034 0.0439034 0.0439034 0.0439034 0.0439034 0.0439034 0.0439034 0.0439034 0.0439034 0.0439034 0.0439034 0.0439034 0.0439034 0.0439034 0.0439034 0.0439034 0.0439034 0.0439034 0.0439034 0.0439034 0.0439034 0.0439034 0.0439034 0.0439034 0.0439034 0.0439034 0.0439034 0.0439034 0.0439034 0.0439034 0.0439034 0.0439034 0.0439034 0.0439034 0.0439034 0.0439034 0.0439034 0.0439034 0.0439034 0.0439034 0.0439034 0.0439034 0.0439034 0.0439034 0.0439034 0.0439034 0.0439034 0.0439034 0.0439034 0.0439034 0.0439034 0.0439034 0.0439034 0.0439034 0.0439034 0.0439034 0.0439034 0.0439034 0.0439034 0.0439034 0.0439034 0.0439034 0.0439034 0.0439034 0.0439034 0.0439034 0.0439034 0.0439034 0.0439034 0.0439034 0.0439034 0.0439034
 259.474 261.89 236.715 308.434 191.563 145.168 108.464 79.8605 166.005 331.421 115.914 83.1637 164.892 82.4309 47.7508 38.8528 38.64 79.226 106.82 39.5856 30.0962 32.0345 35.2305 36.0946 36.34 34.7008 39.7907 48.6588 37.0412 43.5545 28.7731 18.8111 13.988 10.5524 11.0625 10.2667 9.64847 6.1588 5.70552 6.82646 10.3276 7.04083 5.19061 3.79519 2.86943 2.31468 1.76578 1.43028 1.3438 1.42757 1.59228 1.68635 1.58574 1.3787 1.18441 1.04574 0.968458 0.946079 0.972412 1.04461 1.15449 1.27055 1.32485 1.26257 1.1213 0.974057 0.853051 0.761554 0.693865 0.642666 0.602817 0.570803 0.544411 0.521918 0.501502 0.481546 0.46094 0.439495 0.417723 0.396522 0.376708 0.358779 0.342835 0.328773 0.316274 0.304952 0.294456 0.28449 0.274814 0.265278 0.255788 0.246298 0.236816 0.227407 0.218072 0.208762 0.199721 0.190991 0.182595 0.174554 3.89431
# Age-structure at Ydeclare= 2013
 133.535 125.337 237.66 239.868 216.797 282.445 175.376 132.841 99.1885 72.9692 151.535 302.235 105.608 75.7073 150.003 74.9457 43.3956 35.2973 35.0953 71.9452 96.9914 35.9399 27.3228 29.0812 31.9814 32.7647 32.9864 31.4972 36.1154 44.1618 33.6157 39.5239 26.1083 17.0676 12.6906 9.57302 10.035 9.31262 8.75132 5.58582 5.17443 6.1907 9.36527 6.38446 4.70651 3.44108 2.60159 2.09855 1.60085 1.29665 1.21822 1.29413 1.44341 1.52866 1.43744 1.24975 1.07362 0.947917 0.877856 0.857566 0.88143 0.946869 1.04646 1.15166 1.20087 1.14442 1.01637 0.882896 0.773213 0.690277 0.628922 0.582514 0.546394 0.517375 0.493453 0.473064 0.454559 0.43647 0.417794 0.398356 0.378622 0.359406 0.341446 0.325195 0.310745 0.297999 0.28667 0.276409 0.266895 0.257861 0.249092 0.240448 0.231847 0.223246 0.214651 0.206122 0.197662 0.189223 0.181029 0.173116 3.85358
# Year for Tmin Age-structure (set to Ydecl by SS)
2013
#  recruitment and biomass
# Number of historical assessment years
129
# Historical data
# year recruitment spawner in B0 in R project in R/S project
1888  1889 1890 1891 1892 1893 1894 1895 1896 1897 1898 1899 1900 1901 1902 1903 1904 1905 1906 1907 1908 1909 1910 1911 1912 1913 1914 1915 1916 1917 1918 1919 1920 1921 1922 1923 1924 1925 1926 1927 1928 1929 1930 1931 1932 1933 1934 1935 1936 1937 1938 1939 1940 1941 1942 1943 1944 1945 1946 1947 1948 1949 1950 1951 1952 1953 1954 1955 1956 1957 1958 1959 1960 1961 1962 1963 1964 1965 1966 1967 1968 1969 1970 1971 1972 1973 1974 1975 1976 1977 1978 1979 1980 1981 1982 1983 1984 1985 1986 1987 1988 1989 1990 1991 1992 1993 1994 1995 1996 1997 1998 1999 2000 2001 2002 2003 2004 2005 2006 2007 2008 2009 2010 2011 2012 2013 2014 2015 2016 #years (with first value representing R0)
252.772 249.203 249.086 248.967 248.844 248.71 248.571 248.429 248.287 248.143 247.994 247.842 247.68 247.517 247.353 247.174 246.992 246.81 246.629 246.461 246.298 246.133 245.974 245.816 245.653 245.462 245.22 244.883 244.411 243.754 242.652 241.196 239.415 237.273 234.794 232.045 229.117 226.133 223.255 220.657 218.516 216.993 216.173 215.994 216.288 216.701 216.791 216.167 214.689 212.561 210.326 208.625 208.043 209.011 212.014 217.825 227.524 242.552 263.587 288.765 309.393 308.88 281.777 243.505 209.494 185.371 171.367 166.598 170.733 183.366 202.176 219.947 220.841 196.445 165.473 145.865 144.817 165.992 200.979 228.769 276.049 342.072 417.411 546.705 320.269 235.478 221.991 301.612 276.506 255.131 207.25 232.821 264.297 340.363 433.362 310.393 344.73 239.74 179.298 162.608 141.398 122.221 99.5966 84.8292 102.29 255.68 177.231 81.3515 77.3914 90.2992 148.334 282.737 136.01 180.931 494.029 236.441 108.739 141.245 180.854 228.363 351.867 258.441 273.644 259.474 130.962 133.535 137.875 160.487 199.082  #recruits; first value is R0 (virgin)
2618.16  2618.16 2618.15 2618.12 2618.07 2617.14 2616.22 2615.29 2614.98 2614.82 2614.64 2614.45 2614.18 2613.84 2613.4 2612.86 2612.2 2611.41 2610.53 2609.53 2608.42 2606.97 2605.67 2604.26 2602.77 2601.2 2599.55 2597.83 2595.89 2594.03 2591.79 2585.36 2582.07 2578.98 2575.97 2573.5 2570.82 2567.01 2562.44 2556.22 2548.5 2540.84 2533.99 2526.37 2520.68 2515.18 2509.54 2502.67 2495.59 2486.4 2477.54 2467.99 2459.69 2448.78 2434.84 2420.52 2397.14 2372.51 2337.35 2304.69 2287.97 2268.94 2253.36 2236.3 2215.97 2198.36 2184.94 2169.14 2154.1 2139.04 2122.12 2105.49 2091.87 2081.78 2076.16 2068.83 2064.74 2063.71 2042.14 2034.7 2023.86 2011.87 1981.4 1959.81 1932.49 1897.44 1857.04 1811.97 1767.68 1715.28 1663.98 1588.41 1513.08 1454.39 1384.06 1264.21 1157.05 1093.64 1002.72 951.683 891.145 840.018 773.838 728.146 655.951 591.18 530.826 500.253 469.866 436.632 398.863 388.303 368.161 374.246 379.049 396.925 415.286 434.582 453.954 474.547 493.97 514.752 535.522 558.766 583.312 609.159 637.325 667.662 698.705 #spbio; first value is SSB_virgin (virgin)
1 0 0 0 0 0 0 0 0 0 0 0 0 0 0 0 0 0 0 0 0 0 0 0 0 0 0 0 0 0 0 0 0 0 0 0 0 0 0 0 0 0 0 0 0 0 0 0 0 0 0 0 0 0 0 0 0 0 0 0 0 0 0 0 0 0 0 0 0 0 0 0 0 0 0 0 0 0 0 0 0 0 0 0 0 0 0 0 0 0 0 0 0 0 0 0 0 0 0 0 0 0 0 0 0 0 0 0 0 0 0 0 0 0 0 0 0 0 0 0 0 0 0 0 0 0 0 0 0  # in Bzero
0 1 1 1 1 1 1 1 1 1 1 1 1 1 1 1 1 1 1 1 1 1 1 1 1 1 1 1 1 1 1 1 1 1 1 1 1 1 1 1 1 1 1 1 1 1 1 1 1 1 1 1 1 1 1 1 1 1 1 1 1 1 1 1 1 1 1 1 1 1 1 1 1 1 1 1 1 1 1 1 1 1 1 1 1 1 1 1 1 1 1 1 1 1 1 1 1 1 1 1 1 1 1 1 1 1 1 1 1 1 1 1 1 1 1 1 1 1 1 1 1 1 1 1 1 1  0 0 0 # in R project
0 1 1 1 1 1 1 1 1 1 1 1 1 1 1 1 1 1 1 1 1 1 1 1 1 1 1 1 1 1 1 1 1 1 1 1 1 1 1 1 1 1 1 1 1 1 1 1 1 1 1 1 1 1 1 1 1 1 1 1 1 1 1 1 1 1 1 1 1 1 1 1 1 1 1 1 1 1 1 1 1 1 1 1 1 1 1 1 1 1 1 1 1 1 1 1 1 1 1 1 1 1 1 1 1 1 1 1 1 1 1 1 1 1 1 1 1 1 1 1 1 1 1 1 1 1  0 0 0 # in R/S project
# Number of years with pre-specified catches
0
# catches for years with pre-specified catches go next
# Number of future recruitments to override
-2
# Process for overiding (-1 for average otherwise index in data list)
# Which probability to product detailed results for (1=0.5; 2=0.6; etc.)
3
# Steepness sigma-R Auto-correlation
0.718 0.5 0
# Target SPR rate (FMSY Proxy); manually change to SPR_MSY if not using SPR_target
0.5
# Discount rate (for cumulative catch)
0.1
# Truncate the series when 0.4B0 is reached (1=Yes)
0
# Set F to FMSY once 0.4B0 is reached (1=Yes)
0
# Maximum possible F for projection (-1 to set to FMSY)
-1
# Defintion of recovery (1=now only;2=now or before)
2
# Projection type
4
# Definition of the 40-10 rule
10 40
# Calculate coefficients of variation (1=Yes)
0
# Number of replicates to use
10
# Random number seed
-99004
# File with multiple parameter vectors 
rebuild.SSO
# User-specific projection (1=Yes); Output replaced (1->9)
0  5
# Catches and Fs (Year; 1/2/3 (F or C or SPR); value); Final row is -1
2016 1 1
-1 -1 -1
# Fixed catch project (1=Yes); Output replaced (1->9); Approach (-1=Read in else 1-9)
0 2 -1
# Split of Fs
2011  0.000335947
 0
 0.158754
 0.00529262
 0.202225
 0.274823
 0.358569
-1  1 1 1 1 1 1 1 1 1 1 1 1
# Yrs to define T_target for projection type 4 (a.k.a. 5 pre-specified inputs)
2022 2023 2024 2025 2026 
# Year for probability of recovery
2026 2027 2028 2029 2030 2031 2032 2033
# Time varying weight-at-age (1=Yes;0=No)
0
# File with time series of weight-at-age data
none
# Use bisection (0) or linear interpolation (1)
1
# Target Depletion
0.4
# CV of implementation error
0
