#Title, #runnumber: 256 yelloweye_data.ss yelloweye_control.ss 5652.09 2259.18 640.145 StartTime: Thu Jun 15 13:58:14 2017
SSv3_default_rebuild.dat
# Number of sexes
1
# Age range to consider (minimum age; maximum age)
0 100
# Number of fleets
12
# First year of projection (Yinit)
2011
# First Year of rebuilding period (Ydecl)
2013
# Number of simulations
1000
# Maximum number of years
500
# Conduct projections with multiple starting values (0=No;else yes)
0
# Number of parameter vectors
1000
# Is the maximum age a plus-group (1=Yes;2=No)
1
# Generate future recruitments using historical recruitments (1)  historical recruits/spawner (2)  or a stock-recruitment (3)
3
# Constant fishing mortality (1) or constant Catch (2) projections
1
# Fishing mortality based on SPR (1) or actual rate (2)
1
# Pre-specify the year of recovery (or -1) to ignore
-1
# Fecundity-at-age
# 0 1 2 3 4 5 6 7 8 9 10 11 12 13 14 15 16 17 18 19 20 21 22 23 24 25 26 27 28 29 30 31 32 33 34 35 36 37 38 39 40 41 42 43 44 45 46 47 48 49 50 51 52 53 54 55 56 57 58 59 60 61 62 63 64 65 66 67 68 69 70 71 72 73 74 75 76 77 78 79 80 81 82 83 84 85 86 87 88 89 90 91 92 93 94 95 96 97 98 99 100 #runnumber: 256 yelloweye_data.ss yelloweye_control.ss 5652.09 2259.18 640.145
 0 0 7.32625e-008 8.36962e-007 6.78267e-006 4.23678e-005 0.000212028 0.00085939 0.00282619 0.00761749 0.0171954 0.0334033 0.0573614 0.0891681 0.127985 0.172364 0.220631 0.27119 0.322698 0.374137 0.424793 0.474212 0.522127 0.568405 0.612994 0.655891 0.697118 0.73671 0.774702 0.811132 0.846038 0.879453 0.911412 0.941951 0.971102 0.998903 1.02539 1.0506 1.07458 1.09735 1.11898 1.13948 1.15892 1.17733 1.19475 1.21123 1.2268 1.24151 1.2554 1.2685 1.28086 1.29251 1.30349 1.31383 1.32357 1.33273 1.34135 1.34946 1.35709 1.36426 1.371 1.37733 1.38328 1.38887 1.39411 1.39904 1.40366 1.408 1.41208 1.4159 1.41948 1.42293 1.42617 1.4292 1.43205 1.43472 1.43722 1.43957 1.44176 1.44383 1.44576 1.44757 1.44927 1.45086 1.45235 1.45374 1.45505 1.45628 1.45743 1.4585 1.45951 1.46046 1.46134 1.46217 1.46295 1.46368 1.46436 1.46499 1.46559 1.46615 1.46703 #female fecundity; weighted by N in year Y_init across morphs and areas
# Age specific selectivity and weight adjusted for discard and discard mortality
 #wt and selex for gender,fleet: 1 1
 0.0107874 0.021259 0.0599851 0.118001 0.194906 0.287679 0.392767 0.506916 0.627436 0.752237 0.879804 1.00917 1.13985 1.27177 1.40505 1.53986 1.67628 1.81416 1.95314 2.09264 2.23196 2.37031 2.50691 2.64105 2.77211 2.8996 3.02312 3.14239 3.25723 3.36752 3.47321 3.5743 3.67083 3.76286 3.85049 3.93383 4.01299 4.08812 4.15934 4.22681 4.29067 4.35108 4.40817 4.4621 4.51301 4.56104 4.60634 4.64904 4.68927 4.72716 4.76283 4.7964 4.82799 4.85769 4.88562 4.91187 4.93654 4.95972 4.98149 5.00194 5.02114 5.03916 5.05608 5.07195 5.08685 5.10083 5.11394 5.12624 5.13777 5.14859 5.15883 5.16852 5.17761 5.18613 5.19412 5.2016 5.20862 5.2152 5.22136 5.22713 5.23255 5.23762 5.24237 5.24682 5.25099 5.2549 5.25856 5.26199 5.2652 5.26821 5.27103 5.27367 5.27614 5.27845 5.28062 5.28266 5.28456 5.28634 5.28801 5.28958 5.29201
 0 0 0 0 0 0 0 0 0 0 0 0 0 0 0 0 0 0 0 0 0 0 0 0 0 0 0 0 0 0 0 0 0 0 0 0 0 0 0 0 0 0 0 0 0 0 0 0 0 0 0 0 0 0 0 0 0 0 0 0 0 0 0 0 0 0 0 0 0 0 0 0 0 0 0 0 0 0 0 0 0 0 0 0 0 0 0 0 0 0 0 0 0 0 0 0 0 0 0 1 0
 #wt and selex for gender,fleet: 1 3
 0.0107119 0.0198785 0.0541247 0.106409 0.176253 0.26136 0.358852 0.46597 0.580346 0.700118 0.824004 0.951315 1.08184 1.21559 1.3526 1.4927 1.63541 1.78001 1.92559 2.07115 2.2157 2.35835 2.49833 2.63503 2.76798 2.8968 3.02125 3.14116 3.25642 3.36699 3.47287 3.57408 3.67068 3.76277 3.85043 3.93379 4.01296 4.0881 4.15933 4.2268 4.29067 4.35107 4.40817 4.4621 4.51301 4.56104 4.60634 4.64904 4.68927 4.72716 4.76283 4.7964 4.82799 4.85769 4.88562 4.91187 4.93654 4.95972 4.98149 5.00194 5.02114 5.03916 5.05608 5.07195 5.08685 5.10083 5.11394 5.12624 5.13777 5.14859 5.15883 5.16852 5.17761 5.18613 5.19412 5.2016 5.20862 5.2152 5.22136 5.22713 5.23254 5.23762 5.24237 5.24682 5.25099 5.2549 5.25856 5.26198 5.2652 5.26821 5.27102 5.27367 5.27614 5.27845 5.28062 5.28266 5.28456 5.28634 5.28801 5.28957 5.29201
 0 0 0 0 0 0 0 0 0 0 0 0 0 0 0 0 0 0 0 0 0 0 0 0 0 0 0 0 0 0 0 0 0 0 0 0 0 0 0 0 0 0 0 0 0 0 0 0 0 0 0 0 0 0 0 0 0 0 0 0 0 0 0 0 0 0 0 0 0 0 0 0 0 0 0 0 0 0 0 0 0 0 0 0 0 0 0 0 0 0 0 0 0 0 0 0 0 0 0 1 0
 #wt and selex for gender,fleet: 1 4
 0.0106508 0.018751 0.049148 0.0974716 0.163822 0.246894 0.34458 0.454522 0.574411 0.702138 0.835843 0.973926 1.11504 1.25805 1.40205 1.54631 1.69028 1.83351 1.97561 2.11625 2.25511 2.39186 2.52616 2.65767 2.78607 2.91105 3.03233 3.14969 3.26293 3.37193 3.4766 3.57688 3.67279 3.76435 3.85162 3.93468 4.01364 4.08861 4.15972 4.22711 4.2909 4.35125 4.40831 4.46221 4.5131 4.56111 4.6064 4.64909 4.68931 4.72719 4.76286 4.79643 4.828 4.85771 4.88563 4.91188 4.93655 4.95973 4.9815 5.00194 5.02114 5.03917 5.05608 5.07196 5.08685 5.10083 5.11394 5.12624 5.13778 5.14859 5.15883 5.16853 5.17761 5.18613 5.19412 5.20161 5.20862 5.2152 5.22136 5.22714 5.23255 5.23762 5.24237 5.24682 5.25099 5.2549 5.25856 5.26199 5.2652 5.26821 5.27103 5.27367 5.27614 5.27846 5.28063 5.28266 5.28456 5.28634 5.28801 5.28958 5.29201
 0 0 0 0 0 0 0 0 0 0 0 0 0 0 0 0 0 0 0 0 0 0 0 0 0 0 0 0 0 0 0 0 0 0 0 0 0 0 0 0 0 0 0 0 0 0 0 0 0 0 0 0 0 0 0 0 0 0 0 0 0 0 0 0 0 0 0 0 0 0 0 0 0 0 0 0 0 0 0 0 0 0 0 0 0 0 0 0 0 0 0 0 0 0 0 0 0 0 0 1 0
 #wt and selex for gender,fleet: 1 5
 0.0107247 0.0201326 0.0556313 0.110442 0.184587 0.275914 0.381449 0.498176 0.623381 0.754761 0.890429 1.02887 1.1689 1.30961 1.45032 1.59059 1.73011 1.86866 2.00608 2.14222 2.27688 2.40982 2.54077 2.6694 2.79536 2.91833 3.03798 3.15403 3.26625 3.37445 3.4785 3.57832 3.67387 3.76517 3.85224 3.93515 4.01399 4.08888 4.15993 4.22726 4.29102 4.35135 4.40838 4.46227 4.51314 4.56115 4.60643 4.64911 4.68933 4.72721 4.76287 4.79644 4.82801 4.85771 4.88564 4.91189 4.93656 4.95973 4.9815 5.00195 5.02115 5.03917 5.05608 5.07196 5.08686 5.10083 5.11394 5.12624 5.13778 5.14859 5.15883 5.16853 5.17761 5.18613 5.19412 5.20161 5.20862 5.2152 5.22136 5.22714 5.23255 5.23762 5.24237 5.24682 5.25099 5.2549 5.25856 5.26199 5.2652 5.26821 5.27103 5.27367 5.27614 5.27846 5.28063 5.28266 5.28456 5.28634 5.28801 5.28958 5.29202
 0 0 0 0 0 0 0 0 0 0 0 0 0 0 0 0 0 0 0 0 0 0 0 0 0 0 0 0 0 0 0 0 0 0 0 0 0 0 0 0 0 0 0 0 0 0 0 0 0 0 0 0 0 0 0 0 0 0 0 0 0 0 0 0 0 0 0 0 0 0 0 0 0 0 0 0 0 0 0 0 0 0 0 0 0 0 0 0 0 0 0 0 0 0 0 0 0 0 0 1 0
 #wt and selex for gender,fleet: 1 6
 0.0111871 0.02754 0.0775831 0.145225 0.227604 0.318965 0.414878 0.512784 0.612176 0.714296 0.821243 0.935015 1.05683 1.18684 1.32422 1.46743 1.61463 1.76396 1.91382 2.06285 2.21001 2.35451 2.49574 2.63324 2.76668 2.89579 3.0204 3.14039 3.25569 3.36628 3.47215 3.57335 3.66994 3.76201 3.84966 3.933 4.01217 4.08729 4.15851 4.22597 4.28982 4.35022 4.40731 4.46123 4.51213 4.56016 4.60545 4.64815 4.68838 4.72626 4.76193 4.79549 4.82707 4.85677 4.8847 4.91095 4.93562 4.95879 4.98056 5.00101 5.02021 5.03823 5.05514 5.07102 5.08591 5.09989 5.113 5.1253 5.13683 5.14765 5.15789 5.16758 5.17666 5.18518 5.19316 5.20064 5.20766 5.21423 5.22039 5.22616 5.23157 5.23664 5.24139 5.24584 5.25001 5.25392 5.25758 5.261 5.26421 5.26722 5.27004 5.27268 5.27515 5.27747 5.27963 5.28167 5.28357 5.28535 5.28702 5.28858 5.29102
 0 0 0 0 0 0 0 0 0 0 0 0 0 0 0 0 0 0 0 0 0 0 0 0 0 0 0 0 0 0 0 0 0 0 0 0 0 0 0 0 0 0 0 0 0 0 0 0 0 0 0 0 0 0 0 0 0 0 0 0 0 0 0 0 0 0 0 0 0 0 0 0 0 0 0 0 0 0 0 0 0 0 0 0 0 0 0 0 0 0 0 0 0 0 0 0 0 0 0 1 0
 #wt and selex for gender,fleet: 1 7
 0.010568 0.0171896 0.0412602 0.382305 0.648176 0.683396 0.720894 0.761214 0.807353 0.862527 0.929572 1.01064 1.10684 1.21793 1.34227 1.4772 1.61956 1.76632 1.91494 2.06345 2.21043 2.3549 2.49615 2.63369 2.76717 2.89632 3.02097 3.14099 3.25633 3.36694 3.47283 3.57406 3.67067 3.76276 3.85043 3.93378 4.01296 4.0881 4.15933 4.2268 4.29067 4.35107 4.40817 4.4621 4.51301 4.56104 4.60634 4.64904 4.68927 4.72716 4.76283 4.7964 4.82799 4.85769 4.88562 4.91187 4.93654 4.95972 4.98149 5.00194 5.02114 5.03916 5.05608 5.07195 5.08685 5.10083 5.11394 5.12624 5.13777 5.14859 5.15883 5.16852 5.17761 5.18613 5.19412 5.2016 5.20862 5.2152 5.22136 5.22713 5.23254 5.23762 5.24237 5.24682 5.25099 5.2549 5.25856 5.26198 5.2652 5.26821 5.27102 5.27366 5.27614 5.27845 5.28062 5.28266 5.28456 5.28634 5.28801 5.28957 5.29201
 0 0 0 0 0 0 0 0 0 0 0 0 0 0 0 0 0 0 0 0 0 0 0 0 0 0 0 0 0 0 0 0 0 0 0 0 0 0 0 0 0 0 0 0 0 0 0 0 0 0 0 0 0 0 0 0 0 0 0 0 0 0 0 0 0 0 0 0 0 0 0 0 0 0 0 0 0 0 0 0 0 0 0 0 0 0 0 0 0 0 0 0 0 0 0 0 0 0 0 1 0
# M and current age-structure in year Yinit: 2011
 # gender = 1
 0.0439034 0.0439034 0.0439034 0.0439034 0.0439034 0.0439034 0.0439034 0.0439034 0.0439034 0.0439034 0.0439034 0.0439034 0.0439034 0.0439034 0.0439034 0.0439034 0.0439034 0.0439034 0.0439034 0.0439034 0.0439034 0.0439034 0.0439034 0.0439034 0.0439034 0.0439034 0.0439034 0.0439034 0.0439034 0.0439034 0.0439034 0.0439034 0.0439034 0.0439034 0.0439034 0.0439034 0.0439034 0.0439034 0.0439034 0.0439034 0.0439034 0.0439034 0.0439034 0.0439034 0.0439034 0.0439034 0.0439034 0.0439034 0.0439034 0.0439034 0.0439034 0.0439034 0.0439034 0.0439034 0.0439034 0.0439034 0.0439034 0.0439034 0.0439034 0.0439034 0.0439034 0.0439034 0.0439034 0.0439034 0.0439034 0.0439034 0.0439034 0.0439034 0.0439034 0.0439034 0.0439034 0.0439034 0.0439034 0.0439034 0.0439034 0.0439034 0.0439034 0.0439034 0.0439034 0.0439034 0.0439034 0.0439034 0.0439034 0.0439034 0.0439034 0.0439034 0.0439034 0.0439034 0.0439034 0.0439034 0.0439034 0.0439034 0.0439034 0.0439034 0.0439034 0.0439034 0.0439034 0.0439034 0.0439034 0.0439034 0.0439034
 229.235 235.081 206.139 267.093 168.347 125.38 93.452 69.3985 142.895 279.311 99.0899 71.7851 138.565 70.1185 40.8552 33.382 33.4717 69.6251 91.7333 33.9269 25.7232 27.0531 29.1576 29.76 30.3983 29.2951 33.4474 41.0247 31.0736 37.1917 24.8157 16.6215 12.0685 9.14081 9.72723 9.1402 8.64663 5.45255 5.0642 6.12789 9.29686 6.26461 4.67301 3.44205 2.62419 2.12655 1.62179 1.31646 1.24233 1.32648 1.485 1.57126 1.47137 1.27693 1.09859 0.972922 0.904058 0.885913 0.913156 0.983754 1.09074 1.20438 1.25766 1.19557 1.05724 0.915498 0.800471 0.714196 0.650734 0.602852 0.565613 0.535656 0.510898 0.489731 0.470468 0.451628 0.432198 0.412036 0.391608 0.371753 0.353221 0.336464 0.321567 0.30843 0.29675 0.286157 0.276316 0.266953 0.257839 0.248837 0.239866 0.230884 0.221908 0.213009 0.204179 0.195381 0.186842 0.178601 0.170688 0.16311 3.62858
# Age-structure at Ydeclare= 2013
 118.757 110.807 209.964 215.314 188.798 244.599 154.137 114.757 85.4866 63.4351 130.498 254.84 90.3315 65.3944 126.162 63.8171 37.1733 30.3677 30.4451 63.3234 83.4248 30.8525 23.3913 24.5999 26.5128 27.0599 27.6395 26.6355 30.4097 37.2976 28.2494 33.8101 22.5584 15.109 10.9699 8.30848 8.84126 8.30748 7.85869 4.95556 4.6025 5.56909 8.44889 5.69309 4.24659 3.1279 2.38464 1.9324 1.47371 1.19624 1.12886 1.20532 1.34935 1.42772 1.33694 1.16027 0.998213 0.884028 0.821454 0.804966 0.829717 0.893863 0.991068 1.09432 1.14274 1.08632 0.960629 0.831837 0.727322 0.64893 0.591267 0.54776 0.513924 0.486704 0.464208 0.444976 0.427473 0.410354 0.3927 0.37438 0.35582 0.337779 0.32094 0.305715 0.29218 0.280244 0.269631 0.260006 0.251065 0.242558 0.234277 0.226097 0.217946 0.209785 0.201629 0.193544 0.185521 0.177526 0.169767 0.16228 3.60029
# Year for Tmin Age-structure (set to Ydecl by SS)
2013
#  recruitment and biomass
# Number of historical assessment years
129
# Historical data
# year recruitment spawner in B0 in R project in R/S project
1888  1889 1890 1891 1892 1893 1894 1895 1896 1897 1898 1899 1900 1901 1902 1903 1904 1905 1906 1907 1908 1909 1910 1911 1912 1913 1914 1915 1916 1917 1918 1919 1920 1921 1922 1923 1924 1925 1926 1927 1928 1929 1930 1931 1932 1933 1934 1935 1936 1937 1938 1939 1940 1941 1942 1943 1944 1945 1946 1947 1948 1949 1950 1951 1952 1953 1954 1955 1956 1957 1958 1959 1960 1961 1962 1963 1964 1965 1966 1967 1968 1969 1970 1971 1972 1973 1974 1975 1976 1977 1978 1979 1980 1981 1982 1983 1984 1985 1986 1987 1988 1989 1990 1991 1992 1993 1994 1995 1996 1997 1998 1999 2000 2001 2002 2003 2004 2005 2006 2007 2008 2009 2010 2011 2012 2013 2014 2015 2016 #years (with first value representing R0)
217.311 214.592 214.505 214.415 214.323 214.22 214.114 214.007 213.902 213.795 213.686 213.575 213.457 213.338 213.221 213.089 212.959 212.83 212.704 212.587 212.478 212.367 212.263 212.161 212.053 211.93 211.756 211.508 211.143 210.615 209.705 208.482 206.982 205.167 203.05 200.688 198.155 195.553 193.027 190.722 188.794 187.387 186.575 186.304 186.433 186.664 186.624 185.978 184.616 182.703 180.7 179.149 178.553 179.28 181.752 186.648 194.922 207.897 226.278 248.674 267.588 267.819 243.986 210.173 180.269 159.097 146.713 142.258 145.395 155.816 171.747 187.46 189.359 168.981 142.202 125.116 124.122 142.545 173.401 197.404 237.404 293.551 355.959 474.372 278.738 203.876 192.952 267.256 245.33 225.529 182.151 205.659 240.992 304.683 385.269 271.167 302.073 208.674 155.977 139.366 118.71 102.353 84.6161 72.5953 87.4911 218.749 155.12 70.2169 66.3012 77.081 125.945 237.248 117.265 154.53 416.069 203.432 94.4678 121.679 156.192 200.681 304.702 225.059 245.632 229.235 115.78 118.757 122.321 141.272 171.865  #recruits; first value is R0 (virgin)
2259.18  2259.18 2259.17 2259.16 2259.15 2258.27 2257.43 2256.6 2256.4 2256.37 2256.34 2256.31 2256.24 2256.12 2255.94 2255.68 2255.34 2254.9 2254.4 2253.83 2253.18 2252.23 2251.44 2250.59 2249.67 2248.71 2247.68 2246.61 2245.34 2243.66 2241.6 2235.37 2232.27 2229.37 2226.56 2224.29 2221.82 2218.22 2213.88 2207.88 2200.4 2193.07 2186.63 2179.45 2174.28 2169.38 2164.41 2158.32 2152.11 2143.89 2136.15 2127.75 2120.58 2111.08 2098.55 2085.33 2063.09 2039.55 2005.59 1974.4 1958.99 1942.25 1929.07 1914.5 1896.94 1882 1870.81 1857.72 1845.59 1833.61 1819.55 1807.07 1796.8 1788.84 1784.54 1778.88 1776.62 1776.97 1758 1753.49 1745.7 1737.56 1711.36 1694.66 1671.66 1642.32 1610.17 1574.45 1539.46 1498.99 1459.32 1394.48 1332.23 1284.03 1220.79 1114.89 1018.09 965.679 889.071 846.217 798.08 754.569 699.505 660.552 595.676 536.748 480.767 452.13 423.285 390.533 353.353 343.609 324.5 330.703 335.456 350.564 366.306 382.754 399.339 416.789 433.525 451.351 469.533 489.789 511.264 533.914 558.377 584.683 611.634 #spbio; first value is SSB_virgin (virgin)
1 0 0 0 0 0 0 0 0 0 0 0 0 0 0 0 0 0 0 0 0 0 0 0 0 0 0 0 0 0 0 0 0 0 0 0 0 0 0 0 0 0 0 0 0 0 0 0 0 0 0 0 0 0 0 0 0 0 0 0 0 0 0 0 0 0 0 0 0 0 0 0 0 0 0 0 0 0 0 0 0 0 0 0 0 0 0 0 0 0 0 0 0 0 0 0 0 0 0 0 0 0 0 0 0 0 0 0 0 0 0 0 0 0 0 0 0 0 0 0 0 0 0 0 0 0 0 0 0  # in Bzero
0 1 1 1 1 1 1 1 1 1 1 1 1 1 1 1 1 1 1 1 1 1 1 1 1 1 1 1 1 1 1 1 1 1 1 1 1 1 1 1 1 1 1 1 1 1 1 1 1 1 1 1 1 1 1 1 1 1 1 1 1 1 1 1 1 1 1 1 1 1 1 1 1 1 1 1 1 1 1 1 1 1 1 1 1 1 1 1 1 1 1 1 1 1 1 1 1 1 1 1 1 1 1 1 1 1 1 1 1 1 1 1 1 1 1 1 1 1 1 1 1 1 1 1 1 1  0 0 0 # in R project
0 1 1 1 1 1 1 1 1 1 1 1 1 1 1 1 1 1 1 1 1 1 1 1 1 1 1 1 1 1 1 1 1 1 1 1 1 1 1 1 1 1 1 1 1 1 1 1 1 1 1 1 1 1 1 1 1 1 1 1 1 1 1 1 1 1 1 1 1 1 1 1 1 1 1 1 1 1 1 1 1 1 1 1 1 1 1 1 1 1 1 1 1 1 1 1 1 1 1 1 1 1 1 1 1 1 1 1 1 1 1 1 1 1 1 1 1 1 1 1 1 1 1 1 1 1  0 0 0 # in R/S project
# Number of years with pre-specified catches
0
# catches for years with pre-specified catches go next
# Number of future recruitments to override
-2
# Process for overiding (-1 for average otherwise index in data list)
# Which probability to product detailed results for (1=0.5; 2=0.6; etc.)
3
# Steepness sigma-R Auto-correlation
0.718 0.5 0
# Target SPR rate (FMSY Proxy); manually change to SPR_MSY if not using SPR_target
0.5
# Discount rate (for cumulative catch)
0.1
# Truncate the series when 0.4B0 is reached (1=Yes)
0
# Set F to FMSY once 0.4B0 is reached (1=Yes)
0
# Maximum possible F for projection (-1 to set to FMSY)
-1
# Defintion of recovery (1=now only;2=now or before)
2
# Projection type
4
# Definition of the 40-10 rule
10 40
# Calculate coefficients of variation (1=Yes)
0
# Number of replicates to use
10
# Random number seed
-99004
# File with multiple parameter vectors 
rebuild.SSO
# User-specific projection (1=Yes); Output replaced (1->9)
0  5
# Catches and Fs (Year; 1/2/3 (F or C or SPR); value); Final row is -1
2016 1 1
-1 -1 -1
# Fixed catch project (1=Yes); Output replaced (1->9); Approach (-1=Read in else 1-9)
0 2 -1
# Split of Fs
2011  0.000548643
 0
 0.172897
 0.00706793
 0.272921
 0.250783
 0.295782
-1  1 1 1 1 1 1 1 1 1 1 1 1
# Yrs to define T_target for projection type 4 (a.k.a. 5 pre-specified inputs)
2022 2023 2024 2025 2026 
# Year for probability of recovery
2026 2027 2028 2029 2030 2031 2032 2033
# Time varying weight-at-age (1=Yes;0=No)
0
# File with time series of weight-at-age data
none
# Use bisection (0) or linear interpolation (1)
1
# Target Depletion
0.4
# CV of implementation error
0
