#Title, #runnumber: 257 yelloweye_data.ss yelloweye_control.ss 5665.27 2231.74 606.041 StartTime: Thu Jun 15 13:44:25 2017
SSv3_default_rebuild.dat
# Number of sexes
1
# Age range to consider (minimum age; maximum age)
0 100
# Number of fleets
12
# First year of projection (Yinit)
2011
# First Year of rebuilding period (Ydecl)
2013
# Number of simulations
1000
# Maximum number of years
500
# Conduct projections with multiple starting values (0=No;else yes)
0
# Number of parameter vectors
1000
# Is the maximum age a plus-group (1=Yes;2=No)
1
# Generate future recruitments using historical recruitments (1)  historical recruits/spawner (2)  or a stock-recruitment (3)
3
# Constant fishing mortality (1) or constant Catch (2) projections
1
# Fishing mortality based on SPR (1) or actual rate (2)
1
# Pre-specify the year of recovery (or -1) to ignore
-1
# Fecundity-at-age
# 0 1 2 3 4 5 6 7 8 9 10 11 12 13 14 15 16 17 18 19 20 21 22 23 24 25 26 27 28 29 30 31 32 33 34 35 36 37 38 39 40 41 42 43 44 45 46 47 48 49 50 51 52 53 54 55 56 57 58 59 60 61 62 63 64 65 66 67 68 69 70 71 72 73 74 75 76 77 78 79 80 81 82 83 84 85 86 87 88 89 90 91 92 93 94 95 96 97 98 99 100 #runnumber: 257 yelloweye_data.ss yelloweye_control.ss 5665.27 2231.74 606.041
 0 0 6.8728e-008 7.97033e-007 6.52954e-006 4.11305e-005 0.000207252 0.000844857 0.00279141 0.00755118 0.017092 0.0332683 0.0572108 0.089024 0.127869 0.172295 0.220621 0.271242 0.322812 0.374307 0.425013 0.474472 0.522419 0.568721 0.613325 0.656231 0.697459 0.737044 0.775024 0.811437 0.84632 0.879707 0.911634 0.942136 0.971247 0.999005 1.02545 1.05061 1.07453 1.09726 1.11882 1.13928 1.15866 1.17701 1.19437 1.21079 1.22631 1.24096 1.25479 1.26784 1.28015 1.29174 1.30267 1.31296 1.32265 1.33176 1.34034 1.3484 1.35598 1.36311 1.36981 1.3761 1.38201 1.38756 1.39277 1.39766 1.40225 1.40656 1.4106 1.41439 1.41795 1.42137 1.42458 1.42759 1.43041 1.43305 1.43553 1.43786 1.44004 1.44208 1.44399 1.44579 1.44747 1.44904 1.45051 1.4519 1.45319 1.4544 1.45554 1.45661 1.4576 1.45854 1.45941 1.46023 1.461 1.46172 1.46239 1.46302 1.46361 1.46416 1.46502 #female fecundity; weighted by N in year Y_init across morphs and areas
# Age specific selectivity and weight adjusted for discard and discard mortality
 #wt and selex for gender,fleet: 1 1
 0.0106746 0.0205637 0.0589577 0.116722 0.19348 0.286203 0.391301 0.505491 0.626059 0.750904 0.878508 1.00791 1.13864 1.27063 1.40401 1.53897 1.67557 1.81367 1.95288 2.09263 2.23217 2.37073 2.5075 2.64178 2.77295 2.90051 3.02406 3.14334 3.25816 3.3684 3.47403 3.57503 3.67146 3.76339 3.85089 3.9341 4.01312 4.0881 4.15917 4.22648 4.29018 4.35042 4.40734 4.4611 4.51185 4.55972 4.60485 4.64739 4.68746 4.72519 4.7607 4.79412 4.82555 4.85511 4.8829 4.90901 4.93355 4.9566 4.97824 4.99857 5.01765 5.03556 5.05236 5.06814 5.08293 5.09681 5.10983 5.12204 5.13348 5.14422 5.15438 5.16399 5.17301 5.18146 5.18938 5.1968 5.20375 5.21027 5.21637 5.2221 5.22746 5.23248 5.23718 5.24159 5.24572 5.24958 5.25321 5.2566 5.25978 5.26275 5.26554 5.26815 5.27059 5.27288 5.27503 5.27704 5.27892 5.28068 5.28233 5.28387 5.28627
 0 0 0 0 0 0 0 0 0 0 0 0 0 0 0 0 0 0 0 0 0 0 0 0 0 0 0 0 0 0 0 0 0 0 0 0 0 0 0 0 0 0 0 0 0 0 0 0 0 0 0 0 0 0 0 0 0 0 0 0 0 0 0 0 0 0 0 0 0 0 0 0 0 0 0 0 0 0 0 0 0 0 0 0 0 0 0 0 0 0 0 0 0 0 0 0 0 0 0 1 0
 #wt and selex for gender,fleet: 1 3
 0.0106058 0.0192577 0.0531123 0.105098 0.174749 0.25978 0.357297 0.464521 0.579061 0.699036 0.823145 0.950683 1.08142 1.21538 1.35257 1.49283 1.63569 1.78043 1.92614 2.07182 2.21647 2.35921 2.49927 2.63603 2.76901 2.89784 3.02229 3.14218 3.2574 3.36791 3.47371 3.57483 3.67133 3.7633 3.85084 3.93406 4.01309 4.08808 4.15916 4.22647 4.29017 4.35041 4.40734 4.4611 4.51185 4.55972 4.60485 4.64739 4.68746 4.72519 4.7607 4.79412 4.82555 4.85511 4.8829 4.90901 4.93355 4.9566 4.97824 4.99857 5.01765 5.03556 5.05236 5.06814 5.08293 5.09681 5.10983 5.12204 5.13348 5.14422 5.15438 5.16399 5.17301 5.18146 5.18938 5.1968 5.20375 5.21027 5.21637 5.2221 5.22746 5.23248 5.23718 5.24159 5.24572 5.24958 5.25321 5.2566 5.25978 5.26275 5.26554 5.26815 5.27059 5.27288 5.27503 5.27704 5.27892 5.28068 5.28233 5.28387 5.28627
 0 0 0 0 0 0 0 0 0 0 0 0 0 0 0 0 0 0 0 0 0 0 0 0 0 0 0 0 0 0 0 0 0 0 0 0 0 0 0 0 0 0 0 0 0 0 0 0 0 0 0 0 0 0 0 0 0 0 0 0 0 0 0 0 0 0 0 0 0 0 0 0 0 0 0 0 0 0 0 0 0 0 0 0 0 0 0 0 0 0 0 0 0 0 0 0 0 0 0 1 0
 #wt and selex for gender,fleet: 1 4
 0.0105524 0.018237 0.0483413 0.0964559 0.162682 0.245706 0.343397 0.45337 0.573296 0.70105 0.834764 0.972835 1.11391 1.25688 1.40083 1.54506 1.68903 1.83228 1.97446 2.11522 2.25424 2.39118 2.52568 2.65741 2.786 2.91115 3.03258 3.15005 3.26337 3.37241 3.47709 3.57736 3.67322 3.76471 3.85189 3.93485 4.01369 4.08853 4.1595 4.22673 4.29037 4.35057 4.40746 4.4612 4.51192 4.55977 4.6049 4.64743 4.68749 4.72521 4.76072 4.79414 4.82557 4.85512 4.88291 4.90902 4.93356 4.9566 4.97825 4.99857 5.01765 5.03556 5.05237 5.06814 5.08293 5.09681 5.10983 5.12204 5.13349 5.14422 5.15438 5.164 5.17301 5.18146 5.18938 5.1968 5.20375 5.21027 5.21638 5.2221 5.22746 5.23248 5.23718 5.24159 5.24572 5.24959 5.25321 5.2566 5.25978 5.26275 5.26554 5.26815 5.2706 5.27289 5.27503 5.27704 5.27892 5.28068 5.28233 5.28387 5.28628
 0 0 0 0 0 0 0 0 0 0 0 0 0 0 0 0 0 0 0 0 0 0 0 0 0 0 0 0 0 0 0 0 0 0 0 0 0 0 0 0 0 0 0 0 0 0 0 0 0 0 0 0 0 0 0 0 0 0 0 0 0 0 0 0 0 0 0 0 0 0 0 0 0 0 0 0 0 0 0 0 0 0 0 0 0 0 0 0 0 0 0 0 0 0 0 0 0 0 0 1 0
 #wt and selex for gender,fleet: 1 5
 0.0106196 0.0195366 0.0547847 0.109467 0.183626 0.275098 0.380866 0.497876 0.623378 0.755048 0.890984 1.02966 1.16989 1.31077 1.45162 1.59199 1.73158 1.87018 2.00763 2.14378 2.27843 2.41136 2.54227 2.67086 2.79677 2.91968 3.03926 3.15524 3.26738 3.37548 3.47943 3.57914 3.67458 3.76574 3.85267 3.93544 4.01414 4.08887 4.15976 4.22694 4.29053 4.35069 4.40756 4.46127 4.51198 4.55983 4.60494 4.64746 4.68751 4.72524 4.76074 4.79415 4.82558 4.85514 4.88292 4.90903 4.93356 4.95661 4.97825 4.99858 5.01766 5.03557 5.05237 5.06814 5.08294 5.09682 5.10983 5.12204 5.13349 5.14422 5.15438 5.164 5.17301 5.18146 5.18938 5.1968 5.20376 5.21027 5.21638 5.2221 5.22746 5.23248 5.23719 5.24159 5.24572 5.24959 5.25321 5.2566 5.25978 5.26276 5.26554 5.26815 5.2706 5.27289 5.27503 5.27704 5.27892 5.28068 5.28233 5.28387 5.28628
 0 0 0 0 0 0 0 0 0 0 0 0 0 0 0 0 0 0 0 0 0 0 0 0 0 0 0 0 0 0 0 0 0 0 0 0 0 0 0 0 0 0 0 0 0 0 0 0 0 0 0 0 0 0 0 0 0 0 0 0 0 0 0 0 0 0 0 0 0 0 0 0 0 0 0 0 0 0 0 0 0 0 0 0 0 0 0 0 0 0 0 0 0 0 0 0 0 0 0 1 0
 #wt and selex for gender,fleet: 1 6
 0.0110428 0.0266406 0.0766963 0.144352 0.226839 0.318304 0.414256 0.512122 0.611422 0.713443 0.82033 0.934106 1.056 1.18616 1.32373 1.46716 1.61458 1.76414 1.91419 2.06339 2.21071 2.35532 2.49665 2.63422 2.76769 2.89683 3.02144 3.14141 3.25667 3.36719 3.47299 3.5741 3.67059 3.76254 3.85007 3.93327 4.0123 4.08727 4.15833 4.22564 4.28933 4.34956 4.40648 4.46023 4.51097 4.55883 4.60396 4.64649 4.68656 4.72429 4.7598 4.79321 4.82464 4.8542 4.88198 4.90809 4.93263 4.95567 4.97732 4.99764 5.01672 5.03463 5.05143 5.0672 5.082 5.09588 5.10889 5.1211 5.13255 5.14328 5.15344 5.16305 5.17206 5.18051 5.18842 5.19584 5.20279 5.20931 5.21541 5.22113 5.22649 5.23151 5.23621 5.24062 5.24474 5.24861 5.25223 5.25562 5.2588 5.26177 5.26456 5.26717 5.26961 5.2719 5.27404 5.27605 5.27793 5.27969 5.28134 5.28288 5.28528
 0 0 0 0 0 0 0 0 0 0 0 0 0 0 0 0 0 0 0 0 0 0 0 0 0 0 0 0 0 0 0 0 0 0 0 0 0 0 0 0 0 0 0 0 0 0 0 0 0 0 0 0 0 0 0 0 0 0 0 0 0 0 0 0 0 0 0 0 0 0 0 0 0 0 0 0 0 0 0 0 0 0 0 0 0 0 0 0 0 0 0 0 0 0 0 0 0 0 0 1 0
 #wt and selex for gender,fleet: 1 7
 0.0104797 0.0168272 0.0411347 0.499622 0.525333 0.554278 0.590532 0.634523 0.688555 0.755418 0.837423 0.935676 1.04965 1.17725 1.3154 1.46072 1.61022 1.76149 1.91277 2.06276 2.21055 2.35546 2.49695 2.63462 2.76817 2.89735 3.022 3.14201 3.2573 3.36785 3.47368 3.57481 3.67132 3.76329 3.85083 3.93406 4.01309 4.08808 4.15915 4.22647 4.29017 4.35041 4.40734 4.4611 4.51185 4.55972 4.60485 4.64739 4.68746 4.72519 4.7607 4.79412 4.82555 4.85511 4.8829 4.90901 4.93355 4.9566 4.97824 4.99857 5.01765 5.03556 5.05236 5.06813 5.08293 5.09681 5.10983 5.12204 5.13348 5.14422 5.15438 5.16399 5.17301 5.18146 5.18938 5.1968 5.20375 5.21027 5.21637 5.2221 5.22746 5.23248 5.23718 5.24159 5.24572 5.24958 5.25321 5.2566 5.25978 5.26275 5.26554 5.26815 5.27059 5.27288 5.27503 5.27704 5.27892 5.28068 5.28233 5.28387 5.28627
 0 0 0 0 0 0 0 0 0 0 0 0 0 0 0 0 0 0 0 0 0 0 0 0 0 0 0 0 0 0 0 0 0 0 0 0 0 0 0 0 0 0 0 0 0 0 0 0 0 0 0 0 0 0 0 0 0 0 0 0 0 0 0 0 0 0 0 0 0 0 0 0 0 0 0 0 0 0 0 0 0 0 0 0 0 0 0 0 0 0 0 0 0 0 0 0 0 0 0 1 0
# M and current age-structure in year Yinit: 2011
 # gender = 1
 0.0439034 0.0439034 0.0439034 0.0439034 0.0439034 0.0439034 0.0439034 0.0439034 0.0439034 0.0439034 0.0439034 0.0439034 0.0439034 0.0439034 0.0439034 0.0439034 0.0439034 0.0439034 0.0439034 0.0439034 0.0439034 0.0439034 0.0439034 0.0439034 0.0439034 0.0439034 0.0439034 0.0439034 0.0439034 0.0439034 0.0439034 0.0439034 0.0439034 0.0439034 0.0439034 0.0439034 0.0439034 0.0439034 0.0439034 0.0439034 0.0439034 0.0439034 0.0439034 0.0439034 0.0439034 0.0439034 0.0439034 0.0439034 0.0439034 0.0439034 0.0439034 0.0439034 0.0439034 0.0439034 0.0439034 0.0439034 0.0439034 0.0439034 0.0439034 0.0439034 0.0439034 0.0439034 0.0439034 0.0439034 0.0439034 0.0439034 0.0439034 0.0439034 0.0439034 0.0439034 0.0439034 0.0439034 0.0439034 0.0439034 0.0439034 0.0439034 0.0439034 0.0439034 0.0439034 0.0439034 0.0439034 0.0439034 0.0439034 0.0439034 0.0439034 0.0439034 0.0439034 0.0439034 0.0439034 0.0439034 0.0439034 0.0439034 0.0439034 0.0439034 0.0439034 0.0439034 0.0439034 0.0439034 0.0439034 0.0439034 0.0439034
 229.531 239.103 208.134 271.879 170.36 125.993 93.1772 68.7303 141.2 275.143 96.7562 70.0933 133.341 66.3852 38.7864 31.6842 31.8567 66.0016 84.6887 31.9507 24.1547 25.3733 27.467 28.1111 28.6888 27.6956 31.577 38.479 29.3695 34.6284 23.3186 15.6996 11.3199 8.58919 9.14373 8.59933 8.1199 5.09783 4.72113 5.70277 8.66721 5.84627 4.35632 3.20861 2.44528 1.98138 1.51019 1.22524 1.1561 1.23463 1.38273 1.4634 1.36984 1.1881 1.02169 0.904563 0.840407 0.823494 0.848821 0.91455 1.0143 1.12051 1.17054 1.11251 0.98321 0.850978 0.74384 0.663559 0.604538 0.56002 0.525399 0.497548 0.47453 0.454849 0.436933 0.419406 0.401329 0.382561 0.36355 0.345072 0.327823 0.312231 0.298371 0.286153 0.275292 0.265445 0.2563 0.247598 0.239129 0.230764 0.222426 0.214079 0.205736 0.197462 0.189254 0.181074 0.173136 0.165478 0.158121 0.151083 3.35396
# Age-structure at Ydeclare= 2013
 117.726 109.988 210.235 218.998 190.625 248.98 155.977 115.309 85.2182 62.8024 128.892 250.92 88.167 63.8308 121.371 60.4046 35.2834 28.8174 28.9704 60.0161 77.0031 29.0497 21.9607 23.0678 24.9706 25.5554 26.0798 25.1761 28.7034 34.9761 26.6948 31.4735 21.1932 14.2681 10.2874 7.80553 8.30925 7.81434 7.3785 4.63226 4.28986 5.18172 7.87513 5.31187 3.95804 2.9152 2.22164 1.80014 1.37203 1.11314 1.05031 1.12165 1.25618 1.32946 1.24446 1.07935 0.928163 0.821757 0.763473 0.748106 0.771114 0.830824 0.92144 1.01793 1.06337 1.01065 0.893192 0.773066 0.675736 0.602805 0.549187 0.508745 0.477294 0.451993 0.431081 0.413203 0.396926 0.381004 0.364582 0.347533 0.330263 0.313476 0.297807 0.283642 0.271052 0.259953 0.250086 0.241141 0.232833 0.224928 0.217235 0.209635 0.202061 0.194479 0.186899 0.179383 0.171927 0.164496 0.157284 0.150327 3.32778
# Year for Tmin Age-structure (set to Ydecl by SS)
2013
#  recruitment and biomass
# Number of historical assessment years
129
# Historical data
# year recruitment spawner in B0 in R project in R/S project
1888  1889 1890 1891 1892 1893 1894 1895 1896 1897 1898 1899 1900 1901 1902 1903 1904 1905 1906 1907 1908 1909 1910 1911 1912 1913 1914 1915 1916 1917 1918 1919 1920 1921 1922 1923 1924 1925 1926 1927 1928 1929 1930 1931 1932 1933 1934 1935 1936 1937 1938 1939 1940 1941 1942 1943 1944 1945 1946 1947 1948 1949 1950 1951 1952 1953 1954 1955 1956 1957 1958 1959 1960 1961 1962 1963 1964 1965 1966 1967 1968 1969 1970 1971 1972 1973 1974 1975 1976 1977 1978 1979 1980 1981 1982 1983 1984 1985 1986 1987 1988 1989 1990 1991 1992 1993 1994 1995 1996 1997 1998 1999 2000 2001 2002 2003 2004 2005 2006 2007 2008 2009 2010 2011 2012 2013 2014 2015 2016 #years (with first value representing R0)
214.738 212.397 212.322 212.245 212.166 212.078 211.987 211.893 211.803 211.712 211.618 211.523 211.422 211.321 211.222 211.11 210.998 210.888 210.781 210.686 210.597 210.509 210.427 210.347 210.264 210.159 210.012 209.786 209.445 208.942 208.055 206.859 205.384 203.592 201.501 199.164 196.656 194.08 191.576 189.294 187.387 185.997 185.2 184.941 185.08 185.317 185.283 184.644 183.289 181.383 179.386 177.838 177.239 177.954 180.404 185.263 193.482 206.382 224.68 247.021 265.946 266.212 242.409 208.698 178.936 157.89 145.587 141.162 144.285 154.658 170.535 186.233 188.177 167.871 141.2 124.203 123.224 141.573 172.293 196.103 235.814 291.392 353.399 470.017 275.402 201.556 191.041 265.326 243.51 223.145 179.73 202.127 238.084 298.989 373.969 266.573 293.764 203.511 151.767 134.918 114.682 98.3374 80.7128 69.1202 83.2817 203.504 147.797 67.0526 63.081 73.3167 119.418 228.57 114.603 150.986 410.025 201.06 93.5658 121.324 156.957 203.081 310.162 227.237 249.834 229.531 114.925 117.726 120.893 139.248 167.646  #recruits; first value is R0 (virgin)
2231.74  2231.74 2231.73 2231.72 2231.71 2230.84 2229.99 2229.16 2228.96 2228.94 2228.9 2228.88 2228.82 2228.71 2228.55 2228.32 2228.02 2227.63 2227.18 2226.67 2226.09 2225.22 2224.51 2223.75 2222.94 2222.07 2221.16 2220.2 2219.05 2217.49 2215.56 2209.46 2206.49 2203.73 2201.07 2198.94 2196.62 2193.17 2188.98 2183.15 2175.83 2168.66 2162.39 2155.38 2150.38 2145.66 2140.87 2134.96 2128.94 2120.91 2113.35 2105.15 2098.17 2088.87 2076.53 2063.52 2041.48 2018.13 1984.39 1953.4 1938.18 1921.63 1908.64 1894.25 1876.88 1862.12 1851.1 1838.19 1826.21 1814.38 1800.47 1788.13 1777.99 1770.16 1765.98 1760.45 1758.3 1758.77 1739.94 1735.55 1727.87 1719.85 1693.77 1677.2 1654.33 1625.11 1593.1 1557.51 1522.7 1482.41 1442.99 1378.33 1316.15 1268.03 1204.89 1099.09 1002.38 950.072 873.482 830.595 782.241 738.493 683.16 644.043 579.468 520.647 464.634 435.623 406.291 372.951 335.126 324.756 304.951 310.498 314.642 328.804 343.556 359.01 374.582 390.978 406.675 423.47 440.648 459.935 480.486 502.285 525.951 551.566 577.949 #spbio; first value is SSB_virgin (virgin)
1 0 0 0 0 0 0 0 0 0 0 0 0 0 0 0 0 0 0 0 0 0 0 0 0 0 0 0 0 0 0 0 0 0 0 0 0 0 0 0 0 0 0 0 0 0 0 0 0 0 0 0 0 0 0 0 0 0 0 0 0 0 0 0 0 0 0 0 0 0 0 0 0 0 0 0 0 0 0 0 0 0 0 0 0 0 0 0 0 0 0 0 0 0 0 0 0 0 0 0 0 0 0 0 0 0 0 0 0 0 0 0 0 0 0 0 0 0 0 0 0 0 0 0 0 0 0 0 0  # in Bzero
0 1 1 1 1 1 1 1 1 1 1 1 1 1 1 1 1 1 1 1 1 1 1 1 1 1 1 1 1 1 1 1 1 1 1 1 1 1 1 1 1 1 1 1 1 1 1 1 1 1 1 1 1 1 1 1 1 1 1 1 1 1 1 1 1 1 1 1 1 1 1 1 1 1 1 1 1 1 1 1 1 1 1 1 1 1 1 1 1 1 1 1 1 1 1 1 1 1 1 1 1 1 1 1 1 1 1 1 1 1 1 1 1 1 1 1 1 1 1 1 1 1 1 1 1 1  0 0 0 # in R project
0 1 1 1 1 1 1 1 1 1 1 1 1 1 1 1 1 1 1 1 1 1 1 1 1 1 1 1 1 1 1 1 1 1 1 1 1 1 1 1 1 1 1 1 1 1 1 1 1 1 1 1 1 1 1 1 1 1 1 1 1 1 1 1 1 1 1 1 1 1 1 1 1 1 1 1 1 1 1 1 1 1 1 1 1 1 1 1 1 1 1 1 1 1 1 1 1 1 1 1 1 1 1 1 1 1 1 1 1 1 1 1 1 1 1 1 1 1 1 1 1 1 1 1 1 1  0 0 0 # in R/S project
# Number of years with pre-specified catches
0
# catches for years with pre-specified catches go next
# Number of future recruitments to override
-2
# Process for overiding (-1 for average otherwise index in data list)
# Which probability to product detailed results for (1=0.5; 2=0.6; etc.)
3
# Steepness sigma-R Auto-correlation
0.718 0.5 0
# Target SPR rate (FMSY Proxy); manually change to SPR_MSY if not using SPR_target
0.5
# Discount rate (for cumulative catch)
0.1
# Truncate the series when 0.4B0 is reached (1=Yes)
0
# Set F to FMSY once 0.4B0 is reached (1=Yes)
0
# Maximum possible F for projection (-1 to set to FMSY)
-1
# Defintion of recovery (1=now only;2=now or before)
2
# Projection type
4
# Definition of the 40-10 rule
10 40
# Calculate coefficients of variation (1=Yes)
0
# Number of replicates to use
10
# Random number seed
-99004
# File with multiple parameter vectors 
rebuild.SSO
# User-specific projection (1=Yes); Output replaced (1->9)
0  5
# Catches and Fs (Year; 1/2/3 (F or C or SPR); value); Final row is -1
2016 1 1
-1 -1 -1
# Fixed catch project (1=Yes); Output replaced (1->9); Approach (-1=Read in else 1-9)
0 2 -1
# Split of Fs
2011  0.000556623
 0
 0.175259
 0.00731008
 0.283789
 0.259155
 0.273931
-1  1 1 1 1 1 1 1 1 1 1 1 1
# Yrs to define T_target for projection type 4 (a.k.a. 5 pre-specified inputs)
2022 2023 2024 2025 2026 
# Year for probability of recovery
2026 2027 2028 2029 2030 2031 2032 2033
# Time varying weight-at-age (1=Yes;0=No)
0
# File with time series of weight-at-age data
none
# Use bisection (0) or linear interpolation (1)
1
# Target Depletion
0.4
# CV of implementation error
0
