#Title, #runnumber: 256 yelloweye_data.ss yelloweye_control.ss 5654.89 2253.7 637.051 StartTime: Thu Jun 15 14:08:12 2017
SSv3_default_rebuild.dat
# Number of sexes
1
# Age range to consider (minimum age; maximum age)
0 100
# Number of fleets
12
# First year of projection (Yinit)
2011
# First Year of rebuilding period (Ydecl)
2013
# Number of simulations
1000
# Maximum number of years
500
# Conduct projections with multiple starting values (0=No;else yes)
0
# Number of parameter vectors
1000
# Is the maximum age a plus-group (1=Yes;2=No)
1
# Generate future recruitments using historical recruitments (1)  historical recruits/spawner (2)  or a stock-recruitment (3)
3
# Constant fishing mortality (1) or constant Catch (2) projections
1
# Fishing mortality based on SPR (1) or actual rate (2)
1
# Pre-specify the year of recovery (or -1) to ignore
-1
# Fecundity-at-age
# 0 1 2 3 4 5 6 7 8 9 10 11 12 13 14 15 16 17 18 19 20 21 22 23 24 25 26 27 28 29 30 31 32 33 34 35 36 37 38 39 40 41 42 43 44 45 46 47 48 49 50 51 52 53 54 55 56 57 58 59 60 61 62 63 64 65 66 67 68 69 70 71 72 73 74 75 76 77 78 79 80 81 82 83 84 85 86 87 88 89 90 91 92 93 94 95 96 97 98 99 100 #runnumber: 256 yelloweye_data.ss yelloweye_control.ss 5654.89 2253.7 637.051
 0 0 7.11538e-008 8.19403e-007 6.67881e-006 4.19041e-005 0.000210449 0.000855393 0.0028191 0.00761011 0.0171965 0.0334274 0.0574253 0.0892861 0.128166 0.17261 0.220939 0.271551 0.323104 0.374576 0.425256 0.474689 0.522611 0.568888 0.61347 0.656355 0.697565 0.737134 0.7751 0.8115 0.846371 0.879749 0.911668 0.942162 0.971268 0.999021 1.02546 1.05062 1.07454 1.09726 1.11883 1.13929 1.15867 1.17702 1.19439 1.21081 1.22633 1.24099 1.25482 1.26788 1.28019 1.29179 1.30272 1.31301 1.32271 1.33183 1.34041 1.34848 1.35606 1.3632 1.3699 1.3762 1.38211 1.38766 1.39288 1.39778 1.40237 1.40668 1.41073 1.41452 1.41808 1.42151 1.42472 1.42774 1.43056 1.43321 1.43569 1.43802 1.4402 1.44225 1.44416 1.44596 1.44764 1.44922 1.4507 1.45208 1.45338 1.45459 1.45573 1.4568 1.4578 1.45873 1.45961 1.46043 1.4612 1.46192 1.46259 1.46322 1.46382 1.46437 1.46523 #female fecundity; weighted by N in year Y_init across morphs and areas
# Age specific selectivity and weight adjusted for discard and discard mortality
 #wt and selex for gender,fleet: 1 1
 0.0107319 0.0209269 0.0595087 0.117438 0.194325 0.287143 0.392318 0.506579 0.627223 0.752151 0.879844 1.00933 1.14013 1.27217 1.40557 1.54052 1.67706 1.81507 1.95417 2.09378 2.23319 2.37161 2.50826 2.64243 2.77349 2.90096 3.02443 3.14364 3.2584 3.3686 3.47418 3.57515 3.67156 3.76345 3.85094 3.93413 4.01314 4.08811 4.15917 4.22648 4.29018 4.35042 4.40735 4.46112 4.51187 4.55975 4.60489 4.64744 4.68752 4.72526 4.76079 4.79422 4.82567 4.85524 4.88304 4.90917 4.93372 4.95679 4.97845 4.99879 5.01788 5.03581 5.05263 5.06841 5.08322 5.09711 5.11014 5.12236 5.13382 5.14457 5.15474 5.16437 5.17339 5.18185 5.18978 5.19721 5.20418 5.2107 5.21682 5.22255 5.22792 5.23295 5.23766 5.24207 5.24621 5.25008 5.25371 5.25711 5.26029 5.26327 5.26606 5.26868 5.27113 5.27342 5.27557 5.27758 5.27947 5.28123 5.28288 5.28443 5.28684
 0 0 0 0 0 0 0 0 0 0 0 0 0 0 0 0 0 0 0 0 0 0 0 0 0 0 0 0 0 0 0 0 0 0 0 0 0 0 0 0 0 0 0 0 0 0 0 0 0 0 0 0 0 0 0 0 0 0 0 0 0 0 0 0 0 0 0 0 0 0 0 0 0 0 0 0 0 0 0 0 0 0 0 0 0 0 0 0 0 0 0 0 0 0 0 0 0 0 0 1 0
 #wt and selex for gender,fleet: 1 3
 0.0106603 0.0195913 0.0536927 0.10589 0.175708 0.260844 0.358404 0.465616 0.5801 0.699986 0.823991 0.951426 1.08208 1.21598 1.35314 1.49339 1.63626 1.78101 1.92672 2.07239 2.21702 2.35973 2.49975 2.63647 2.7694 2.89819 3.02259 3.14243 3.25761 3.36808 3.47385 3.57494 3.67141 3.76336 3.85088 3.93409 4.01311 4.08809 4.15916 4.22647 4.29018 4.35042 4.40735 4.46112 4.51187 4.55975 4.60489 4.64744 4.68752 4.72526 4.76079 4.79422 4.82567 4.85524 4.88304 4.90917 4.93372 4.95679 4.97845 4.99879 5.01788 5.03581 5.05263 5.06841 5.08322 5.09711 5.11014 5.12236 5.13382 5.14457 5.15474 5.16437 5.17339 5.18185 5.18978 5.19721 5.20418 5.2107 5.21682 5.22255 5.22792 5.23294 5.23766 5.24207 5.24621 5.25008 5.25371 5.25711 5.26029 5.26327 5.26606 5.26868 5.27113 5.27342 5.27557 5.27758 5.27947 5.28123 5.28288 5.28443 5.28684
 0 0 0 0 0 0 0 0 0 0 0 0 0 0 0 0 0 0 0 0 0 0 0 0 0 0 0 0 0 0 0 0 0 0 0 0 0 0 0 0 0 0 0 0 0 0 0 0 0 0 0 0 0 0 0 0 0 0 0 0 0 0 0 0 0 0 0 0 0 0 0 0 0 0 0 0 0 0 0 0 0 0 0 0 0 0 0 0 0 0 0 0 0 0 0 0 0 0 0 1 0
 #wt and selex for gender,fleet: 1 4
 0.0106017 0.0184881 0.0486871 0.0968637 0.163133 0.246203 0.343971 0.454072 0.57419 0.702201 0.836233 0.974676 1.11616 1.25955 1.40391 1.54851 1.69276 1.83621 1.97846 2.11918 2.25805 2.39475 2.52895 2.66033 2.78856 2.91336 3.03445 3.15161 3.26466 3.37346 3.47793 3.57803 3.67375 3.76513 3.85222 3.9351 4.01388 4.08868 4.15961 4.22682 4.29045 4.35063 4.40751 4.46125 4.51197 4.55983 4.60496 4.64749 4.68757 4.7253 4.76082 4.79425 4.82569 4.85526 4.88306 4.90919 4.93374 4.9568 4.97846 4.9988 5.01789 5.03581 5.05263 5.06842 5.08323 5.09712 5.11015 5.12237 5.13383 5.14457 5.15474 5.16437 5.1734 5.18186 5.18979 5.19722 5.20418 5.21071 5.21682 5.22255 5.22792 5.23295 5.23766 5.24207 5.24621 5.25008 5.25371 5.25711 5.26029 5.26327 5.26607 5.26868 5.27113 5.27342 5.27557 5.27759 5.27947 5.28123 5.28289 5.28443 5.28684
 0 0 0 0 0 0 0 0 0 0 0 0 0 0 0 0 0 0 0 0 0 0 0 0 0 0 0 0 0 0 0 0 0 0 0 0 0 0 0 0 0 0 0 0 0 0 0 0 0 0 0 0 0 0 0 0 0 0 0 0 0 0 0 0 0 0 0 0 0 0 0 0 0 0 0 0 0 0 0 0 0 0 0 0 0 0 0 0 0 0 0 0 0 0 0 0 0 0 0 1 0
 #wt and selex for gender,fleet: 1 5
 0.0106727 0.0198413 0.0552047 0.10994 0.184077 0.275456 0.381086 0.497933 0.623269 0.754779 0.890572 1.02913 1.16926 1.31006 1.45085 1.5912 1.73078 1.8694 2.0069 2.14311 2.27783 2.41084 2.54184 2.6705 2.79649 2.91946 3.0391 3.15512 3.26729 3.37542 3.47939 3.57911 3.67455 3.76571 3.85265 3.93542 4.01412 4.08885 4.15974 4.22692 4.29052 4.35068 4.40756 4.46128 4.512 4.55985 4.60498 4.64751 4.68758 4.72531 4.76083 4.79426 4.8257 4.85527 4.88306 4.90919 4.93374 4.9568 4.97846 4.9988 5.01789 5.03581 5.05263 5.06842 5.08323 5.09712 5.11015 5.12237 5.13383 5.14457 5.15475 5.16437 5.1734 5.18186 5.18979 5.19722 5.20418 5.21071 5.21682 5.22255 5.22792 5.23295 5.23766 5.24207 5.24621 5.25008 5.25371 5.25711 5.26029 5.26327 5.26607 5.26868 5.27113 5.27343 5.27557 5.27759 5.27947 5.28123 5.28289 5.28443 5.28684
 0 0 0 0 0 0 0 0 0 0 0 0 0 0 0 0 0 0 0 0 0 0 0 0 0 0 0 0 0 0 0 0 0 0 0 0 0 0 0 0 0 0 0 0 0 0 0 0 0 0 0 0 0 0 0 0 0 0 0 0 0 0 0 0 0 0 0 0 0 0 0 0 0 0 0 0 0 0 0 0 0 0 0 0 0 0 0 0 0 0 0 0 0 0 0 0 0 0 0 1 0
 #wt and selex for gender,fleet: 1 6
 0.0111138 0.0270835 0.0771022 0.144728 0.227146 0.318555 0.4145 0.512415 0.611813 0.713961 0.820981 0.93488 1.05687 1.18709 1.32469 1.46812 1.61551 1.76502 1.91501 2.06414 2.21139 2.35593 2.49719 2.63469 2.76811 2.89719 3.02174 3.14167 3.25688 3.36737 3.47313 3.57421 3.67067 3.76261 3.85011 3.9333 4.01231 4.08728 4.15834 4.22564 4.28933 4.34956 4.40649 4.46025 4.51099 4.55886 4.604 4.64655 4.68662 4.72436 4.75989 4.79331 4.82476 4.85433 4.88213 4.90825 4.9328 4.95586 4.97752 4.99786 5.01695 5.03487 5.05169 5.06748 5.08229 5.09618 5.10921 5.12143 5.13289 5.14363 5.1538 5.16342 5.17245 5.1809 5.18883 5.19626 5.20322 5.20974 5.21585 5.22158 5.22695 5.23197 5.23668 5.2411 5.24523 5.2491 5.25273 5.25613 5.25931 5.26229 5.26508 5.26769 5.27014 5.27243 5.27458 5.27659 5.27848 5.28024 5.28189 5.28344 5.28585
 0 0 0 0 0 0 0 0 0 0 0 0 0 0 0 0 0 0 0 0 0 0 0 0 0 0 0 0 0 0 0 0 0 0 0 0 0 0 0 0 0 0 0 0 0 0 0 0 0 0 0 0 0 0 0 0 0 0 0 0 0 0 0 0 0 0 0 0 0 0 0 0 0 0 0 0 0 0 0 0 0 0 0 0 0 0 0 0 0 0 0 0 0 0 0 0 0 0 0 1 0
 #wt and selex for gender,fleet: 1 7
 0.0105264 0.0170501 0.0415885 0.500552 0.525628 0.554567 0.590847 0.634892 0.689008 0.755981 0.838109 0.936481 1.05055 1.17822 1.31639 1.4617 1.61116 1.76238 1.91359 2.06351 2.21123 2.35607 2.49749 2.6351 2.76858 2.89771 3.02231 3.14227 3.25752 3.36803 3.47382 3.57492 3.6714 3.76336 3.85088 3.93409 4.01311 4.08809 4.15916 4.22647 4.29018 4.35042 4.40735 4.46112 4.51187 4.55975 4.60489 4.64744 4.68752 4.72526 4.76079 4.79422 4.82567 4.85524 4.88304 4.90917 4.93372 4.95679 4.97845 4.99879 5.01788 5.03581 5.05263 5.06841 5.08322 5.09711 5.11014 5.12236 5.13382 5.14457 5.15474 5.16437 5.17339 5.18185 5.18978 5.19721 5.20418 5.2107 5.21682 5.22255 5.22792 5.23294 5.23766 5.24207 5.24621 5.25008 5.25371 5.25711 5.26029 5.26327 5.26606 5.26868 5.27113 5.27342 5.27557 5.27758 5.27947 5.28123 5.28288 5.28443 5.28684
 0 0 0 0 0 0 0 0 0 0 0 0 0 0 0 0 0 0 0 0 0 0 0 0 0 0 0 0 0 0 0 0 0 0 0 0 0 0 0 0 0 0 0 0 0 0 0 0 0 0 0 0 0 0 0 0 0 0 0 0 0 0 0 0 0 0 0 0 0 0 0 0 0 0 0 0 0 0 0 0 0 0 0 0 0 0 0 0 0 0 0 0 0 0 0 0 0 0 0 1 0
# M and current age-structure in year Yinit: 2011
 # gender = 1
 0.0439034 0.0439034 0.0439034 0.0439034 0.0439034 0.0439034 0.0439034 0.0439034 0.0439034 0.0439034 0.0439034 0.0439034 0.0439034 0.0439034 0.0439034 0.0439034 0.0439034 0.0439034 0.0439034 0.0439034 0.0439034 0.0439034 0.0439034 0.0439034 0.0439034 0.0439034 0.0439034 0.0439034 0.0439034 0.0439034 0.0439034 0.0439034 0.0439034 0.0439034 0.0439034 0.0439034 0.0439034 0.0439034 0.0439034 0.0439034 0.0439034 0.0439034 0.0439034 0.0439034 0.0439034 0.0439034 0.0439034 0.0439034 0.0439034 0.0439034 0.0439034 0.0439034 0.0439034 0.0439034 0.0439034 0.0439034 0.0439034 0.0439034 0.0439034 0.0439034 0.0439034 0.0439034 0.0439034 0.0439034 0.0439034 0.0439034 0.0439034 0.0439034 0.0439034 0.0439034 0.0439034 0.0439034 0.0439034 0.0439034 0.0439034 0.0439034 0.0439034 0.0439034 0.0439034 0.0439034 0.0439034 0.0439034 0.0439034 0.0439034 0.0439034 0.0439034 0.0439034 0.0439034 0.0439034 0.0439034 0.0439034 0.0439034 0.0439034 0.0439034 0.0439034 0.0439034 0.0439034 0.0439034 0.0439034 0.0439034 0.0439034
 228.663 235.024 205.279 265.131 167.571 124.791 93.0307 69.1432 141.682 279.032 99.0644 71.7466 138.518 69.2415 40.4061 33.0439 33.1906 69.3498 90.0759 33.3992 25.3553 26.7618 29.0455 29.7381 30.3524 29.2139 33.3484 40.8526 30.8477 37.1102 24.7171 16.5381 12.0017 9.09752 9.68621 9.11444 8.6131 5.42754 5.03851 6.09729 9.25457 6.25503 4.66201 3.4338 2.61773 2.12102 1.6172 1.3126 1.23866 1.3225 1.48031 1.56584 1.46585 1.27195 1.09424 0.969059 0.900465 0.882402 0.909534 0.979851 1.0864 1.19956 1.25258 1.19065 1.05284 0.911657 0.7971 0.711176 0.647966 0.600273 0.563177 0.533335 0.508671 0.487586 0.468394 0.449627 0.43028 0.4102 0.389861 0.370091 0.351631 0.334939 0.320097 0.307008 0.295369 0.284813 0.275009 0.265679 0.2566 0.247633 0.238698 0.229755 0.220818 0.211957 0.203167 0.194408 0.185907 0.177706 0.169827 0.162289 3.60982
# Age-structure at Ydeclare= 2013
 118.612 110.535 209.44 215.263 188.01 242.802 153.426 114.212 85.089 63.1858 129.351 254.515 90.291 65.3535 126.118 63.0229 36.7685 30.064 30.1937 63.0823 81.9299 30.3773 23.0604 24.3388 26.4151 27.0442 27.6021 26.566 30.3248 37.1473 28.0488 33.7418 22.4728 15.0359 10.9112 8.27066 8.80563 8.28564 7.82973 4.9338 4.58006 5.54239 8.41216 5.68554 4.23748 3.12106 2.37927 1.92779 1.46985 1.19299 1.12577 1.20196 1.34539 1.42311 1.33222 1.156 0.994485 0.880713 0.81837 0.801953 0.82661 0.890515 0.987349 1.09019 1.13837 1.08209 0.95684 0.828533 0.724421 0.646331 0.588883 0.545539 0.511825 0.484704 0.462289 0.443126 0.425684 0.408628 0.391045 0.372796 0.354311 0.336344 0.319568 0.304398 0.29091 0.279014 0.268436 0.258843 0.249933 0.241454 0.233202 0.225053 0.216933 0.208806 0.200684 0.19263 0.184642 0.176682 0.168956 0.161503 3.58252
# Year for Tmin Age-structure (set to Ydecl by SS)
2013
#  recruitment and biomass
# Number of historical assessment years
129
# Historical data
# year recruitment spawner in B0 in R project in R/S project
1888  1889 1890 1891 1892 1893 1894 1895 1896 1897 1898 1899 1900 1901 1902 1903 1904 1905 1906 1907 1908 1909 1910 1911 1912 1913 1914 1915 1916 1917 1918 1919 1920 1921 1922 1923 1924 1925 1926 1927 1928 1929 1930 1931 1932 1933 1934 1935 1936 1937 1938 1939 1940 1941 1942 1943 1944 1945 1946 1947 1948 1949 1950 1951 1952 1953 1954 1955 1956 1957 1958 1959 1960 1961 1962 1963 1964 1965 1966 1967 1968 1969 1970 1971 1972 1973 1974 1975 1976 1977 1978 1979 1980 1981 1982 1983 1984 1985 1986 1987 1988 1989 1990 1991 1992 1993 1994 1995 1996 1997 1998 1999 2000 2001 2002 2003 2004 2005 2006 2007 2008 2009 2010 2011 2012 2013 2014 2015 2016 #years (with first value representing R0)
216.803 214.111 214.024 213.935 213.844 213.743 213.639 213.532 213.428 213.321 213.213 213.103 212.986 212.868 212.752 212.623 212.493 212.365 212.239 212.124 212.015 211.907 211.804 211.703 211.599 211.473 211.304 211.056 210.694 210.17 209.262 208.044 206.548 204.737 202.626 200.27 197.744 195.15 192.629 190.33 188.406 187.002 186.19 185.917 186.043 186.268 186.222 185.573 184.21 182.299 180.3 178.752 178.157 178.882 181.348 186.232 194.486 207.428 225.764 248.109 266.985 267.226 243.448 209.708 179.865 158.735 146.373 141.92 145.041 155.429 171.316 186.998 188.93 168.627 141.908 124.85 123.85 142.236 173.052 197.009 236.893 292.842 355.28 471.927 277.153 202.702 191.931 265.996 244.369 224.263 181.012 204.285 239.748 303.899 385.611 270.383 302.341 209.166 156.404 139.985 119.402 102.681 84.3051 72.0319 86.603 215.65 154.891 69.7299 65.6973 76.2994 124.46 237.309 117.259 154.547 415.753 201.729 94.1237 121.131 155.458 199.757 302.464 224.119 245.573 228.663 115.496 118.612 122.12 140.872 171.34  #recruits; first value is R0 (virgin)
2253.7  2253.7 2253.69 2253.68 2253.67 2252.8 2251.95 2251.12 2250.92 2250.89 2250.86 2250.84 2250.77 2250.65 2250.46 2250.2 2249.87 2249.43 2248.94 2248.37 2247.72 2246.78 2245.99 2245.14 2244.24 2243.28 2242.26 2241.2 2239.94 2238.26 2236.21 2229.99 2226.9 2224.01 2221.21 2218.94 2216.49 2212.9 2208.56 2202.58 2195.11 2187.79 2181.36 2174.19 2169.04 2164.14 2159.19 2153.11 2146.92 2138.71 2130.98 2122.6 2115.45 2105.96 2093.45 2080.25 2058.03 2034.5 2000.56 1969.39 1954 1937.28 1924.13 1909.57 1892.03 1877.12 1865.95 1852.88 1840.76 1828.8 1814.76 1802.3 1792.04 1784.09 1779.81 1774.16 1771.91 1772.28 1753.32 1748.82 1741.03 1732.9 1706.7 1690.01 1667.03 1637.69 1605.56 1569.85 1534.93 1494.53 1455.01 1390.25 1327.99 1279.81 1216.61 1110.74 1013.97 961.679 885.102 842.281 794.013 750.353 695.132 656.229 591.931 533.479 477.932 449.485 420.78 388.165 351.117 341.561 322.6 329.008 334.02 349.073 364.725 381.085 397.565 414.865 431.455 449.129 467.166 487.292 508.647 531.198 555.551 581.763 608.622 #spbio; first value is SSB_virgin (virgin)
1 0 0 0 0 0 0 0 0 0 0 0 0 0 0 0 0 0 0 0 0 0 0 0 0 0 0 0 0 0 0 0 0 0 0 0 0 0 0 0 0 0 0 0 0 0 0 0 0 0 0 0 0 0 0 0 0 0 0 0 0 0 0 0 0 0 0 0 0 0 0 0 0 0 0 0 0 0 0 0 0 0 0 0 0 0 0 0 0 0 0 0 0 0 0 0 0 0 0 0 0 0 0 0 0 0 0 0 0 0 0 0 0 0 0 0 0 0 0 0 0 0 0 0 0 0 0 0 0  # in Bzero
0 1 1 1 1 1 1 1 1 1 1 1 1 1 1 1 1 1 1 1 1 1 1 1 1 1 1 1 1 1 1 1 1 1 1 1 1 1 1 1 1 1 1 1 1 1 1 1 1 1 1 1 1 1 1 1 1 1 1 1 1 1 1 1 1 1 1 1 1 1 1 1 1 1 1 1 1 1 1 1 1 1 1 1 1 1 1 1 1 1 1 1 1 1 1 1 1 1 1 1 1 1 1 1 1 1 1 1 1 1 1 1 1 1 1 1 1 1 1 1 1 1 1 1 1 1  0 0 0 # in R project
0 1 1 1 1 1 1 1 1 1 1 1 1 1 1 1 1 1 1 1 1 1 1 1 1 1 1 1 1 1 1 1 1 1 1 1 1 1 1 1 1 1 1 1 1 1 1 1 1 1 1 1 1 1 1 1 1 1 1 1 1 1 1 1 1 1 1 1 1 1 1 1 1 1 1 1 1 1 1 1 1 1 1 1 1 1 1 1 1 1 1 1 1 1 1 1 1 1 1 1 1 1 1 1 1 1 1 1 1 1 1 1 1 1 1 1 1 1 1 1 1 1 1 1 1 1  0 0 0 # in R/S project
# Number of years with pre-specified catches
0
# catches for years with pre-specified catches go next
# Number of future recruitments to override
-2
# Process for overiding (-1 for average otherwise index in data list)
# Which probability to product detailed results for (1=0.5; 2=0.6; etc.)
3
# Steepness sigma-R Auto-correlation
0.718 0.5 0
# Target SPR rate (FMSY Proxy); manually change to SPR_MSY if not using SPR_target
0.5
# Discount rate (for cumulative catch)
0.1
# Truncate the series when 0.4B0 is reached (1=Yes)
0
# Set F to FMSY once 0.4B0 is reached (1=Yes)
0
# Maximum possible F for projection (-1 to set to FMSY)
-1
# Defintion of recovery (1=now only;2=now or before)
2
# Projection type
4
# Definition of the 40-10 rule
10 40
# Calculate coefficients of variation (1=Yes)
0
# Number of replicates to use
10
# Random number seed
-99004
# File with multiple parameter vectors 
rebuild.SSO
# User-specific projection (1=Yes); Output replaced (1->9)
0  5
# Catches and Fs (Year; 1/2/3 (F or C or SPR); value); Final row is -1
2016 1 1
-1 -1 -1
# Fixed catch project (1=Yes); Output replaced (1->9); Approach (-1=Read in else 1-9)
0 2 -1
# Split of Fs
2011  0.000560419
 0
 0.176628
 0.00728934
 0.280729
 0.257995
 0.276798
-1  1 1 1 1 1 1 1 1 1 1 1 1
# Yrs to define T_target for projection type 4 (a.k.a. 5 pre-specified inputs)
2022 2023 2024 2025 2026 
# Year for probability of recovery
2026 2027 2028 2029 2030 2031 2032 2033
# Time varying weight-at-age (1=Yes;0=No)
0
# File with time series of weight-at-age data
none
# Use bisection (0) or linear interpolation (1)
1
# Target Depletion
0.4
# CV of implementation error
0
