#Title, #runnumber: 271 yelloweye_data.ss yelloweye_control.ss 5696.8 3011.53 1702.07 StartTime: Fri Jul 21 12:29:23 2017
SSv3_default_rebuild.dat
# Number of sexes
1
# Age range to consider (minimum age; maximum age)
0 100
# Number of fleets
12
# First year of projection (Yinit)
2011
# First Year of rebuilding period (Ydecl)
2013
# Number of simulations
1000
# Maximum number of years
500
# Conduct projections with multiple starting values (0=No;else yes)
0
# Number of parameter vectors
1000
# Is the maximum age a plus-group (1=Yes;2=No)
1
# Generate future recruitments using historical recruitments (1)  historical recruits/spawner (2)  or a stock-recruitment (3)
3
# Constant fishing mortality (1) or constant Catch (2) projections
1
# Fishing mortality based on SPR (1) or actual rate (2)
1
# Pre-specify the year of recovery (or -1) to ignore
-1
# Fecundity-at-age
# 0 1 2 3 4 5 6 7 8 9 10 11 12 13 14 15 16 17 18 19 20 21 22 23 24 25 26 27 28 29 30 31 32 33 34 35 36 37 38 39 40 41 42 43 44 45 46 47 48 49 50 51 52 53 54 55 56 57 58 59 60 61 62 63 64 65 66 67 68 69 70 71 72 73 74 75 76 77 78 79 80 81 82 83 84 85 86 87 88 89 90 91 92 93 94 95 96 97 98 99 100 #runnumber: 271 yelloweye_data.ss yelloweye_control.ss 5696.8 3011.53 1702.07
 0 0 2.47143e-008 3.2564e-007 3.01961e-006 2.14137e-005 0.000120727 0.000545718 0.00197276 0.0057478 0.0138044 0.0281515 0.0502106 0.0803907 0.118065 0.161856 0.21004 0.260894 0.312929 0.364996 0.416283 0.466275 0.514678 0.561356 0.606268 0.649427 0.690876 0.730667 0.768851 0.805477 0.84059 0.87423 0.906434 0.937238 0.966676 0.994783 1.02159 1.04714 1.07147 1.09461 1.1166 1.13749 1.1573 1.17609 1.19389 1.21075 1.2267 1.24178 1.25604 1.2695 1.28222 1.29421 1.30553 1.3162 1.32626 1.33573 1.34466 1.35306 1.36097 1.36841 1.37542 1.382 1.38819 1.39402 1.39949 1.40463 1.40946 1.414 1.41826 1.42227 1.42603 1.42965 1.43305 1.43624 1.43923 1.44205 1.44468 1.44716 1.44948 1.45166 1.45371 1.45562 1.45742 1.45911 1.46069 1.46217 1.46357 1.46487 1.46609 1.46724 1.46832 1.46933 1.47027 1.47116 1.47199 1.47277 1.4735 1.47418 1.47483 1.47543 1.47637 #female fecundity; weighted by N in year Y_init across morphs and areas
# Age specific selectivity and weight adjusted for discard and discard mortality
 #wt and selex for gender,fleet: 1 1
 0.0107862 0.0214436 0.0618236 0.121415 0.199689 0.293184 0.398047 0.510907 0.629098 0.750661 0.874304 0.999362 1.1257 1.25355 1.38328 1.51521 1.64948 1.78591 1.92406 2.06324 2.20263 2.34132 2.47845 2.61326 2.74508 2.8734 2.9978 3.11802 3.23385 3.34519 3.45198 3.55422 3.65194 3.74521 3.8341 3.91872 3.99919 4.07564 4.14819 4.21699 4.28217 4.34389 4.40228 4.4575 4.50967 4.55895 4.60547 4.64936 4.69075 4.72977 4.76654 4.80118 4.8338 4.8645 4.8934 4.92059 4.94616 4.97021 4.99282 5.01407 5.03405 5.05281 5.07044 5.08701 5.10256 5.11716 5.13088 5.14375 5.15583 5.16718 5.17792 5.1881 5.19766 5.20662 5.21503 5.22293 5.23033 5.23727 5.24378 5.24989 5.25561 5.26099 5.26602 5.27074 5.27517 5.27933 5.28322 5.28687 5.29029 5.2935 5.29651 5.29933 5.30197 5.30445 5.30677 5.30895 5.31099 5.3129 5.31469 5.31637 5.31901
 0 0 0 0 0 0 0 0 0 0 0 0 0 0 0 0 0 0 0 0 0 0 0 0 0 0 0 0 0 0 0 0 0 0 0 0 0 0 0 0 0 0 0 0 0 0 0 0 0 0 0 0 0 0 0 0 0 0 0 0 0 0 0 0 0 0 0 0 0 0 0 0 0 0 0 0 0 0 0 0 0 0 0 0 0 0 0 0 0 0 0 0 0 0 0 0 0 0 0 1 0
 #wt and selex for gender,fleet: 1 3
 0.0106825 0.019636 0.0543306 0.106998 0.177117 0.262245 0.359377 0.465691 0.578809 0.696908 0.818771 0.943787 1.07183 1.20302 1.33749 1.47516 1.61568 1.7584 1.90244 2.04681 2.19054 2.33269 2.47246 2.60919 2.74238 2.87164 2.99668 3.11731 3.23341 3.34492 3.45181 3.55412 3.65188 3.74517 3.83407 3.91871 3.99918 4.07563 4.14819 4.21699 4.28217 4.34389 4.40228 4.4575 4.50967 4.55895 4.60547 4.64936 4.69075 4.72977 4.76654 4.80118 4.8338 4.8645 4.8934 4.92059 4.94616 4.97021 4.99282 5.01407 5.03405 5.05281 5.07045 5.08701 5.10256 5.11716 5.13088 5.14375 5.15583 5.16718 5.17792 5.18811 5.19766 5.20662 5.21504 5.22293 5.23033 5.23727 5.24378 5.24989 5.25562 5.26099 5.26602 5.27075 5.27517 5.27933 5.28322 5.28687 5.29029 5.2935 5.29651 5.29933 5.30197 5.30445 5.30677 5.30895 5.31099 5.3129 5.31469 5.31637 5.31901
 0 0 0 0 0 0 0 0 0 0 0 0 0 0 0 0 0 0 0 0 0 0 0 0 0 0 0 0 0 0 0 0 0 0 0 0 0 0 0 0 0 0 0 0 0 0 0 0 0 0 0 0 0 0 0 0 0 0 0 0 0 0 0 0 0 0 0 0 0 0 0 0 0 0 0 0 0 0 0 0 0 0 0 0 0 0 0 0 0 0 0 0 0 0 0 0 0 0 0 1 0
 #wt and selex for gender,fleet: 1 4
 0.0106288 0.0186863 0.0500989 0.0993764 0.166394 0.249506 0.346311 0.454285 0.571087 0.694673 0.82333 0.955683 1.09068 1.22758 1.36588 1.50525 1.64542 1.78613 1.92702 2.06766 2.20754 2.34608 2.48269 2.6168 2.74791 2.87558 2.99944 3.11921 3.23471 3.3458 3.4524 3.55451 3.65214 3.74534 3.83419 3.91878 3.99924 4.07567 4.14821 4.217 4.28218 4.34389 4.40229 4.4575 4.50967 4.55895 4.60547 4.64935 4.69075 4.72977 4.76654 4.80118 4.83379 4.8645 4.8934 4.92058 4.94616 4.97021 4.99282 5.01407 5.03404 5.05281 5.07044 5.087 5.10255 5.11716 5.13087 5.14375 5.15583 5.16717 5.17792 5.1881 5.19765 5.20662 5.21503 5.22292 5.23032 5.23726 5.24378 5.24988 5.25561 5.26098 5.26602 5.27074 5.27517 5.27932 5.28321 5.28686 5.29029 5.29349 5.2965 5.29932 5.30196 5.30444 5.30676 5.30894 5.31098 5.31289 5.31469 5.31637 5.319
 0 0 0 0 0 0 0 0 0 0 0 0 0 0 0 0 0 0 0 0 0 0 0 0 0 0 0 0 0 0 0 0 0 0 0 0 0 0 0 0 0 0 0 0 0 0 0 0 0 0 0 0 0 0 0 0 0 0 0 0 0 0 0 0 0 0 0 0 0 0 0 0 0 0 0 0 0 0 0 0 0 0 0 0 0 0 0 0 0 0 0 0 0 0 0 0 0 0 0 1 0
 #wt and selex for gender,fleet: 1 5
 0.0106834 0.0196727 0.0549522 0.109497 0.183382 0.274487 0.379819 0.496347 0.621336 0.752475 0.887875 1.02602 1.16573 1.30607 1.44634 1.58606 1.72486 1.86251 1.99883 2.1337 2.26695 2.39843 2.52791 2.65515 2.77989 2.90183 3.0207 3.13623 3.2482 3.35639 3.46068 3.56094 3.65711 3.74918 3.83715 3.92107 4.001 4.07703 4.14927 4.21783 4.28283 4.34441 4.40269 4.45782 4.50993 4.55916 4.60564 4.6495 4.69087 4.72987 4.76662 4.80125 4.83386 4.86455 4.89344 4.92063 4.9462 4.97024 4.99285 5.0141 5.03407 5.05283 5.07046 5.08702 5.10257 5.11718 5.13089 5.14376 5.15584 5.16719 5.17793 5.18811 5.19767 5.20663 5.21504 5.22293 5.23033 5.23728 5.24379 5.2499 5.25562 5.26099 5.26603 5.27075 5.27518 5.27933 5.28323 5.28688 5.2903 5.29351 5.29651 5.29933 5.30198 5.30445 5.30678 5.30895 5.31099 5.31291 5.3147 5.31638 5.31901
 0 0 0 0 0 0 0 0 0 0 0 0 0 0 0 0 0 0 0 0 0 0 0 0 0 0 0 0 0 0 0 0 0 0 0 0 0 0 0 0 0 0 0 0 0 0 0 0 0 0 0 0 0 0 0 0 0 0 0 0 0 0 0 0 0 0 0 0 0 0 0 0 0 0 0 0 0 0 0 0 0 0 0 0 0 0 0 0 0 0 0 0 0 0 0 0 0 0 0 1 0
 #wt and selex for gender,fleet: 1 6
 0.0111124 0.0264466 0.0760157 0.143361 0.22605 0.318398 0.415863 0.515567 0.616435 0.719069 0.825138 0.93655 1.05478 1.18047 1.31336 1.45242 1.59611 1.74271 1.89057 2.03824 2.18456 2.32861 2.4697 2.60731 2.74104 2.87062 2.99585 3.11658 3.23272 3.34425 3.45115 3.55344 3.65119 3.74447 3.83336 3.91798 3.99844 4.07488 4.14742 4.21621 4.28138 4.34309 4.40148 4.45669 4.50886 4.55813 4.60464 4.64852 4.68991 4.72893 4.7657 4.80033 4.83295 4.86365 4.89255 4.91973 4.9453 4.96935 4.99196 5.01321 5.03318 5.05195 5.06958 5.08614 5.10169 5.11629 5.13 5.14288 5.15496 5.1663 5.17705 5.18722 5.19678 5.20574 5.21415 5.22203 5.22943 5.23637 5.24288 5.24898 5.25471 5.26008 5.26511 5.26984 5.27426 5.27841 5.2823 5.28595 5.28937 5.29258 5.29559 5.29841 5.30105 5.30352 5.30585 5.30802 5.31006 5.31197 5.31377 5.31545 5.31808
 0 0 0 0 0 0 0 0 0 0 0 0 0 0 0 0 0 0 0 0 0 0 0 0 0 0 0 0 0 0 0 0 0 0 0 0 0 0 0 0 0 0 0 0 0 0 0 0 0 0 0 0 0 0 0 0 0 0 0 0 0 0 0 0 0 0 0 0 0 0 0 0 0 0 0 0 0 0 0 0 0 0 0 0 0 0 0 0 0 0 0 0 0 0 0 0 0 0 0 1 0
 #wt and selex for gender,fleet: 1 7
 0.0105254 0.0168252 0.0407531 0.497566 0.526651 0.556894 0.593273 0.636465 0.688902 0.753425 0.832425 0.927206 1.03755 1.16172 1.29685 1.43972 1.58728 1.73709 1.88727 2.03648 2.18376 2.32837 2.46978 2.60758 2.74142 2.87108 2.99635 3.11712 3.2333 3.34486 3.45178 3.5541 3.65187 3.74516 3.83407 3.91871 3.99918 4.07563 4.14819 4.21698 4.28217 4.34389 4.40228 4.4575 4.50967 4.55895 4.60547 4.64936 4.69075 4.72977 4.76654 4.80118 4.8338 4.8645 4.8934 4.92059 4.94616 4.97021 4.99282 5.01407 5.03405 5.05281 5.07045 5.08701 5.10256 5.11716 5.13088 5.14375 5.15583 5.16718 5.17792 5.18811 5.19766 5.20662 5.21504 5.22293 5.23033 5.23727 5.24378 5.24989 5.25562 5.26099 5.26602 5.27075 5.27517 5.27933 5.28322 5.28687 5.29029 5.2935 5.29651 5.29933 5.30197 5.30445 5.30677 5.30895 5.31099 5.3129 5.31469 5.31637 5.31901
 0 0 0 0 0 0 0 0 0 0 0 0 0 0 0 0 0 0 0 0 0 0 0 0 0 0 0 0 0 0 0 0 0 0 0 0 0 0 0 0 0 0 0 0 0 0 0 0 0 0 0 0 0 0 0 0 0 0 0 0 0 0 0 0 0 0 0 0 0 0 0 0 0 0 0 0 0 0 0 0 0 0 0 0 0 0 0 0 0 0 0 0 0 0 0 0 0 0 0 1 0
# M and current age-structure in year Yinit: 2011
 # gender = 1
 0.066 0.066 0.066 0.066 0.066 0.066 0.066 0.066 0.066 0.066 0.066 0.066 0.066 0.066 0.066 0.066 0.066 0.066 0.066 0.066 0.066 0.066 0.066 0.066 0.066 0.066 0.066 0.066 0.066 0.066 0.066 0.066 0.066 0.066 0.066 0.066 0.066 0.066 0.066 0.066 0.066 0.066 0.066 0.066 0.066 0.066 0.066 0.066 0.066 0.066 0.066 0.066 0.066 0.066 0.066 0.066 0.066 0.066 0.066 0.066 0.066 0.066 0.066 0.066 0.066 0.066 0.066 0.066 0.066 0.066 0.066 0.066 0.066 0.066 0.066 0.066 0.066 0.066 0.066 0.066 0.066 0.066 0.066 0.066 0.066 0.066 0.066 0.066 0.066 0.066 0.066 0.066 0.066 0.066 0.066 0.066 0.066 0.066 0.066 0.066 0.066
 959.962 956.821 816.413 996.577 625.734 456.237 333.142 247.895 500.187 885.018 350.223 249.137 424.758 233.668 130.7 104.287 102.541 208.459 272.053 99.3404 74.6924 79.0036 86.4247 88.247 89.0193 86.4673 99.2317 119.317 98.9546 105.224 73.6951 50.0168 35.0617 27.7909 28.8469 27.0638 24.7985 17.215 16.2561 19.526 25.63 19.9055 14.5748 10.8255 8.30353 6.76236 5.31645 4.38898 4.12367 4.31638 4.6942 4.87365 4.60261 4.06824 3.54086 3.14588 2.91453 2.836 2.89348 3.07397 3.34618 3.61985 3.73258 3.56594 3.1972 2.7958 2.45519 2.19334 1.99792 1.84996 1.73486 1.6426 1.56658 1.50126 1.44059 1.37884 1.31222 1.24043 1.16611 1.09331 1.02552 0.964732 0.911395 0.865038 0.824391 0.78792 0.754148 0.721749 0.689618 0.657008 0.623506 0.589039 0.553871 0.518559 0.483568 0.449122 0.416269 0.385283 0.356304 0.329407 4.32126
# Age-structure at Ydeclare= 2013
 510.392 464.969 841.253 838.496 715.444 873.302 548.299 399.731 291.825 217.09 437.894 774.557 306.428 217.935 371.498 204.343 114.286 91.1842 89.6529 182.252 237.844 86.8469 65.2977 69.0658 75.5527 77.1452 77.82 75.5888 86.747 104.305 86.5044 91.985 64.4227 43.7236 30.6501 24.2942 25.2173 23.6585 21.6782 15.0489 14.2106 17.0692 22.4051 17.4009 12.7409 9.46337 7.25871 5.91146 4.64748 3.83672 3.6048 3.77326 4.10353 4.2604 4.02347 3.55634 3.09532 2.75003 2.54779 2.47914 2.52939 2.68717 2.92513 3.16437 3.26291 3.11724 2.7949 2.44401 2.14625 1.91735 1.74652 1.61718 1.51656 1.43591 1.36946 1.31236 1.25932 1.20534 1.1471 1.08435 1.01938 0.955737 0.896479 0.843339 0.796714 0.75619 0.720658 0.688776 0.659253 0.630931 0.602844 0.574336 0.54505 0.51492 0.484178 0.453308 0.422721 0.392609 0.36389 0.336802 4.37695
# Year for Tmin Age-structure (set to Ydecl by SS)
2013
#  recruitment and biomass
# Number of historical assessment years
129
# Historical data
# year recruitment spawner in B0 in R project in R/S project
1888  1889 1890 1891 1892 1893 1894 1895 1896 1897 1898 1899 1900 1901 1902 1903 1904 1905 1906 1907 1908 1909 1910 1911 1912 1913 1914 1915 1916 1917 1918 1919 1920 1921 1922 1923 1924 1925 1926 1927 1928 1929 1930 1931 1932 1933 1934 1935 1936 1937 1938 1939 1940 1941 1942 1943 1944 1945 1946 1947 1948 1949 1950 1951 1952 1953 1954 1955 1956 1957 1958 1959 1960 1961 1962 1963 1964 1965 1966 1967 1968 1969 1970 1971 1972 1973 1974 1975 1976 1977 1978 1979 1980 1981 1982 1983 1984 1985 1986 1987 1988 1989 1990 1991 1992 1993 1994 1995 1996 1997 1998 1999 2000 2001 2002 2003 2004 2005 2006 2007 2008 2009 2010 2011 2012 2013 2014 2015 2016 #years (with first value representing R0)
717.98 759.878 762.063 764.384 766.853 769.463 772.25 775.23 778.438 781.883 785.588 789.579 793.872 798.52 803.56 808.977 814.853 821.22 828.113 835.58 843.615 852.185 861.276 870.809 880.679 890.644 900.39 909.422 917.21 923.104 925.249 923.679 918.106 908.262 894.427 877.328 857.992 837.627 817.549 798.972 782.92 770.164 760.993 754.95 750.965 747.193 741.325 731.36 716.636 698.218 678.583 660.466 646.03 636.624 633.503 638.534 654.278 683.595 726.56 775.463 807.15 788.377 713.362 615.191 527.162 462.787 422.961 405.22 407.621 427.402 457.213 481.292 473.785 423.787 361.394 319.667 314.369 350.97 410.257 461.382 548.858 671.546 830.067 963.262 658.729 490.393 462.776 592.283 572.919 540.292 459.955 512.376 645.153 839.19 1058.76 881.354 943.488 699.344 545.786 505.914 453.974 404.521 338.129 293.655 360.317 913.891 650.698 298.168 282.985 331.294 553.612 940.943 516.157 678.712 1604.59 848.574 393.584 495.071 634.645 814.801 1214.8 931.616 1022.1 959.962 496.692 510.392 523.359 597.207 664.197  #recruits; first value is R0 (virgin)
3011.53  3011.53 3011.52 3011.49 3011.44 3010.58 3009.73 3008.88 3008.63 3008.56 3008.57 3008.76 3009.2 3010.04 3011.37 3013.29 3015.85 3019.07 3022.95 3027.48 3032.62 3038.11 3044.36 3051.12 3058.39 3066.13 3074.35 3083.06 3092.12 3101.83 3111.78 3118.53 3128.81 3139.97 3151.94 3165.16 3179.02 3192.67 3206.48 3219.63 3232.23 3245.7 3260.61 3275.3 3292.07 3309.07 3325.72 3340.72 3354.71 3365.62 3375.48 3383.04 3389.85 3392.58 3390.53 3385.9 3371.08 3353.34 3324.33 3296.13 3280.86 3262.3 3245.59 3226.14 3202.32 3179.25 3158.43 3134.51 3110.69 3086.41 3059.88 3034.64 3011.39 2990.04 2971.58 2950.75 2931.42 2912.72 2873.55 2845.98 2813.19 2778.18 2724.39 2678.58 2625.77 2566.14 2503.3 2436.71 2370.92 2300.14 2231.08 2139.06 2050.83 1979.97 1897.44 1777.63 1670.25 1608.04 1524.58 1475.28 1419.53 1370.66 1311.4 1272.11 1212.68 1162.96 1120.56 1107.89 1098.66 1087.89 1074.52 1088.77 1093.26 1121.62 1147.09 1180.82 1213.76 1246.24 1277.73 1308.93 1338.48 1368.59 1399.16 1432.76 1469.31 1509.3 1553.3 1600.91 1650.35 #spbio; first value is SSB_virgin (virgin)
1 0 0 0 0 0 0 0 0 0 0 0 0 0 0 0 0 0 0 0 0 0 0 0 0 0 0 0 0 0 0 0 0 0 0 0 0 0 0 0 0 0 0 0 0 0 0 0 0 0 0 0 0 0 0 0 0 0 0 0 0 0 0 0 0 0 0 0 0 0 0 0 0 0 0 0 0 0 0 0 0 0 0 0 0 0 0 0 0 0 0 0 0 0 0 0 0 0 0 0 0 0 0 0 0 0 0 0 0 0 0 0 0 0 0 0 0 0 0 0 0 0 0 0 0 0 0 0 0  # in Bzero
0 1 1 1 1 1 1 1 1 1 1 1 1 1 1 1 1 1 1 1 1 1 1 1 1 1 1 1 1 1 1 1 1 1 1 1 1 1 1 1 1 1 1 1 1 1 1 1 1 1 1 1 1 1 1 1 1 1 1 1 1 1 1 1 1 1 1 1 1 1 1 1 1 1 1 1 1 1 1 1 1 1 1 1 1 1 1 1 1 1 1 1 1 1 1 1 1 1 1 1 1 1 1 1 1 1 1 1 1 1 1 1 1 1 1 1 1 1 1 1 1 1 1 1 1 1  0 0 0 # in R project
0 1 1 1 1 1 1 1 1 1 1 1 1 1 1 1 1 1 1 1 1 1 1 1 1 1 1 1 1 1 1 1 1 1 1 1 1 1 1 1 1 1 1 1 1 1 1 1 1 1 1 1 1 1 1 1 1 1 1 1 1 1 1 1 1 1 1 1 1 1 1 1 1 1 1 1 1 1 1 1 1 1 1 1 1 1 1 1 1 1 1 1 1 1 1 1 1 1 1 1 1 1 1 1 1 1 1 1 1 1 1 1 1 1 1 1 1 1 1 1 1 1 1 1 1 1  0 0 0 # in R/S project
# Number of years with pre-specified catches
0
# catches for years with pre-specified catches go next
# Number of future recruitments to override
-2
# Process for overiding (-1 for average otherwise index in data list)
# Which probability to product detailed results for (1=0.5; 2=0.6; etc.)
3
# Steepness sigma-R Auto-correlation
0.718 0.5 0
# Target SPR rate (FMSY Proxy); manually change to SPR_MSY if not using SPR_target
0.5
# Discount rate (for cumulative catch)
0.1
# Truncate the series when 0.4B0 is reached (1=Yes)
0
# Set F to FMSY once 0.4B0 is reached (1=Yes)
0
# Maximum possible F for projection (-1 to set to FMSY)
-1
# Defintion of recovery (1=now only;2=now or before)
2
# Projection type
4
# Definition of the 40-10 rule
10 40
# Calculate coefficients of variation (1=Yes)
0
# Number of replicates to use
10
# Random number seed
-99004
# File with multiple parameter vectors 
rebuild.SSO
# User-specific projection (1=Yes); Output replaced (1->9)
0  5
# Catches and Fs (Year; 1/2/3 (F or C or SPR); value); Final row is -1
2016 1 1
-1 -1 -1
# Fixed catch project (1=Yes); Output replaced (1->9); Approach (-1=Read in else 1-9)
0 2 -1
# Split of Fs
2011  0.000715425
 0
 0.226499
 0.00669645
 0.275264
 0.245025
 0.245801
-1  1 1 1 1 1 1 1 1 1 1 1 1
# Yrs to define T_target for projection type 4 (a.k.a. 5 pre-specified inputs)
2022 2023 2024 2025 2026 
# Year for probability of recovery
2026 2027 2028 2029 2030 2031 2032 2033
# Time varying weight-at-age (1=Yes;0=No)
0
# File with time series of weight-at-age data
none
# Use bisection (0) or linear interpolation (1)
1
# Target Depletion
0.4
# CV of implementation error
0
