#Title, #runnumber: 272 yelloweye_data.ss yelloweye_control.ss 5699.87 3417.15 969.365 StartTime: Fri Jul 21 13:16:21 2017
SSv3_default_rebuild.dat
# Number of sexes
1
# Age range to consider (minimum age; maximum age)
0 100
# Number of fleets
12
# First year of projection (Yinit)
2011
# First Year of rebuilding period (Ydecl)
2013
# Number of simulations
1000
# Maximum number of years
500
# Conduct projections with multiple starting values (0=No;else yes)
0
# Number of parameter vectors
1000
# Is the maximum age a plus-group (1=Yes;2=No)
1
# Generate future recruitments using historical recruitments (1)  historical recruits/spawner (2)  or a stock-recruitment (3)
3
# Constant fishing mortality (1) or constant Catch (2) projections
1
# Fishing mortality based on SPR (1) or actual rate (2)
1
# Pre-specify the year of recovery (or -1) to ignore
-1
# Fecundity-at-age
# 0 1 2 3 4 5 6 7 8 9 10 11 12 13 14 15 16 17 18 19 20 21 22 23 24 25 26 27 28 29 30 31 32 33 34 35 36 37 38 39 40 41 42 43 44 45 46 47 48 49 50 51 52 53 54 55 56 57 58 59 60 61 62 63 64 65 66 67 68 69 70 71 72 73 74 75 76 77 78 79 80 81 82 83 84 85 86 87 88 89 90 91 92 93 94 95 96 97 98 99 100 #runnumber: 272 yelloweye_data.ss yelloweye_control.ss 5699.87 3417.15 969.365
 0 0 3.29188e-008 4.10322e-007 3.65316e-006 2.50957e-005 0.000137826 0.000609264 0.00216124 0.00619918 0.0146991 0.0296632 0.0524496 0.0833691 0.121697 0.165989 0.214489 0.265482 0.31751 0.36946 0.420562 0.470332 0.5185 0.564942 0.609625 0.652568 0.693813 0.73341 0.77141 0.80786 0.842803 0.876279 0.908324 0.938974 0.968262 0.996223 1.02289 1.0483 1.0725 1.09551 1.11738 1.13815 1.15785 1.17653 1.19423 1.21099 1.22684 1.24184 1.25601 1.26939 1.28203 1.29395 1.3052 1.31581 1.32581 1.33523 1.3441 1.35245 1.36031 1.36771 1.37467 1.38122 1.38737 1.39316 1.3986 1.40371 1.40852 1.41303 1.41727 1.42125 1.42498 1.42858 1.43196 1.43514 1.43812 1.44091 1.44353 1.44599 1.4483 1.45047 1.4525 1.45441 1.4562 1.45788 1.45945 1.46093 1.46231 1.46361 1.46483 1.46597 1.46704 1.46804 1.46898 1.46986 1.47069 1.47147 1.47219 1.47287 1.47351 1.47411 1.47505 #female fecundity; weighted by N in year Y_init across morphs and areas
# Age specific selectivity and weight adjusted for discard and discard mortality
 #wt and selex for gender,fleet: 1 1
 0.0112049 0.0236271 0.0631625 0.121571 0.198358 0.290588 0.394865 0.50807 0.627609 0.751451 0.878101 1.00658 1.13638 1.26738 1.39967 1.5334 1.66866 1.80534 1.94311 2.08145 2.21969 2.35709 2.49291 2.62644 2.75707 2.88429 3.0077 3.12703 3.24205 3.35264 3.45874 3.56033 3.65744 3.75013 3.83848 3.92258 4.00256 4.07853 4.15063 4.219 4.28378 4.34511 4.40313 4.458 4.50984 4.5588 4.60503 4.64864 4.68976 4.72854 4.76507 4.79949 4.8319 4.86241 4.89113 4.91814 4.94356 4.96745 4.98992 5.01104 5.03089 5.04954 5.06707 5.08352 5.09898 5.1135 5.12713 5.13993 5.15194 5.16321 5.17389 5.18402 5.19351 5.20242 5.21079 5.21863 5.22599 5.23289 5.23936 5.24544 5.25113 5.25647 5.26148 5.26618 5.27058 5.27471 5.27858 5.28221 5.28562 5.28881 5.2918 5.29461 5.29724 5.2997 5.30201 5.30418 5.30621 5.30811 5.3099 5.31157 5.31419
 0 0 0 0 0 0 0 0 0 0 0 0 0 0 0 0 0 0 0 0 0 0 0 0 0 0 0 0 0 0 0 0 0 0 0 0 0 0 0 0 0 0 0 0 0 0 0 0 0 0 0 0 0 0 0 0 0 0 0 0 0 0 0 0 0 0 0 0 0 0 0 0 0 0 0 0 0 0 0 0 0 0 0 0 0 0 0 0 0 0 0 0 0 0 0 0 0 0 0 1 0
 #wt and selex for gender,fleet: 1 3
 0.0111012 0.0219735 0.0571565 0.109962 0.179888 0.264679 0.361563 0.467889 0.581367 0.700185 0.823076 0.949337 1.07873 1.21125 1.34694 1.48564 1.62694 1.77017 1.91446 2.05886 2.20241 2.34424 2.48358 2.61982 2.75246 2.88113 3.00557 3.1256 3.2411 3.35202 3.45833 3.56007 3.65727 3.75002 3.8384 3.92253 4.00253 4.07851 4.15062 4.21899 4.28377 4.3451 4.40313 4.45799 4.50984 4.5588 4.60503 4.64864 4.68976 4.72854 4.76507 4.79949 4.8319 4.86241 4.89113 4.91814 4.94356 4.96745 4.98992 5.01104 5.03089 5.04954 5.06707 5.08353 5.09898 5.1135 5.12713 5.13993 5.15194 5.16321 5.17389 5.18402 5.19351 5.20243 5.21079 5.21863 5.22599 5.23289 5.23937 5.24544 5.25113 5.25647 5.26148 5.26618 5.27058 5.27471 5.27858 5.28222 5.28562 5.28881 5.2918 5.29461 5.29724 5.2997 5.30201 5.30418 5.30621 5.30811 5.3099 5.31157 5.31419
 0 0 0 0 0 0 0 0 0 0 0 0 0 0 0 0 0 0 0 0 0 0 0 0 0 0 0 0 0 0 0 0 0 0 0 0 0 0 0 0 0 0 0 0 0 0 0 0 0 0 0 0 0 0 0 0 0 0 0 0 0 0 0 0 0 0 0 0 0 0 0 0 0 0 0 0 0 0 0 0 0 0 0 0 0 0 0 0 0 0 0 0 0 0 0 0 0 0 0 1 0
 #wt and selex for gender,fleet: 1 4
 0.0110166 0.020603 0.0520746 0.101135 0.167855 0.250926 0.348296 0.45768 0.576839 0.703723 0.836518 0.973662 1.11382 1.25589 1.39894 1.54226 1.68526 1.8275 1.96859 2.10821 2.24606 2.38183 2.51522 2.64593 2.77363 2.89806 3.01894 3.13605 3.2492 3.35826 3.46311 3.56372 3.66006 3.75214 3.84002 3.92377 4.00347 4.07924 4.15118 4.21943 4.28411 4.34537 4.40334 4.45816 4.50997 4.55891 4.60511 4.64871 4.68982 4.72859 4.76511 4.79953 4.83193 4.86244 4.89115 4.91816 4.94357 4.96747 4.98994 5.01105 5.0309 5.04955 5.06707 5.08353 5.09899 5.11351 5.12714 5.13993 5.15194 5.16322 5.1739 5.18402 5.19352 5.20243 5.21079 5.21863 5.22599 5.23289 5.23937 5.24544 5.25114 5.25648 5.26148 5.26618 5.27059 5.27471 5.27859 5.28222 5.28562 5.28881 5.2918 5.29461 5.29724 5.2997 5.30201 5.30418 5.30621 5.30811 5.3099 5.31157 5.31419
 0 0 0 0 0 0 0 0 0 0 0 0 0 0 0 0 0 0 0 0 0 0 0 0 0 0 0 0 0 0 0 0 0 0 0 0 0 0 0 0 0 0 0 0 0 0 0 0 0 0 0 0 0 0 0 0 0 0 0 0 0 0 0 0 0 0 0 0 0 0 0 0 0 0 0 0 0 0 0 0 0 0 0 0 0 0 0 0 0 0 0 0 0 0 0 0 0 0 0 1 0
 #wt and selex for gender,fleet: 1 5
 0.0111161 0.0222421 0.0585956 0.113845 0.187968 0.278873 0.383716 0.499612 0.623944 0.754476 0.889359 1.0271 1.1665 1.30665 1.44683 1.58656 1.72549 1.86338 2.00006 2.13537 2.26914 2.40115 2.53118 2.65893 2.78411 2.9064 3.02553 3.1412 3.25321 3.36135 3.4655 3.56555 3.66146 3.75322 3.84085 3.9244 4.00396 4.07961 4.15147 4.21965 4.28429 4.34551 4.40345 4.45825 4.51005 4.55897 4.60516 4.64875 4.68986 4.72861 4.76514 4.79955 4.83195 4.86245 4.89116 4.91817 4.94358 4.96748 4.98994 5.01106 5.03091 5.04956 5.06708 5.08354 5.09899 5.11351 5.12714 5.13994 5.15195 5.16322 5.1739 5.18402 5.19352 5.20243 5.21079 5.21864 5.226 5.2329 5.23937 5.24544 5.25114 5.25648 5.26149 5.26618 5.27059 5.27472 5.27859 5.28222 5.28562 5.28882 5.29181 5.29461 5.29724 5.29971 5.30202 5.30418 5.30621 5.30812 5.3099 5.31157 5.3142
 0 0 0 0 0 0 0 0 0 0 0 0 0 0 0 0 0 0 0 0 0 0 0 0 0 0 0 0 0 0 0 0 0 0 0 0 0 0 0 0 0 0 0 0 0 0 0 0 0 0 0 0 0 0 0 0 0 0 0 0 0 0 0 0 0 0 0 0 0 0 0 0 0 0 0 0 0 0 0 0 0 0 0 0 0 0 0 0 0 0 0 0 0 0 0 0 0 0 0 1 0
 #wt and selex for gender,fleet: 1 6
 0.0117673 0.0309846 0.0813927 0.149239 0.2313 0.322075 0.417339 0.514623 0.613397 0.714809 0.820863 0.933498 1.05394 1.1824 1.31814 1.45972 1.60538 1.75333 1.90196 2.04994 2.19624 2.34004 2.48073 2.61785 2.75104 2.88005 3.00468 3.12481 3.24036 3.35129 3.45761 3.55934 3.65653 3.74926 3.83763 3.92175 4.00172 4.07769 4.14979 4.21815 4.28292 4.34424 4.40226 4.45712 4.50896 4.55791 4.60413 4.64773 4.68886 4.72762 4.76416 4.79857 4.83098 4.86149 4.8902 4.91721 4.94262 4.96652 4.98898 5.0101 5.02995 5.0486 5.06612 5.08258 5.09804 5.11255 5.12618 5.13897 5.15099 5.16226 5.17294 5.18306 5.19255 5.20146 5.20982 5.21766 5.22501 5.23191 5.23838 5.24445 5.25015 5.25549 5.26049 5.26519 5.26959 5.27372 5.27759 5.28122 5.28462 5.28781 5.2908 5.2936 5.29623 5.2987 5.30101 5.30317 5.3052 5.3071 5.30889 5.31056 5.31318
 0 0 0 0 0 0 0 0 0 0 0 0 0 0 0 0 0 0 0 0 0 0 0 0 0 0 0 0 0 0 0 0 0 0 0 0 0 0 0 0 0 0 0 0 0 0 0 0 0 0 0 0 0 0 0 0 0 0 0 0 0 0 0 0 0 0 0 0 0 0 0 0 0 0 0 0 0 0 0 0 0 0 0 0 0 0 0 0 0 0 0 0 0 0 0 0 0 0 0 1 0
 #wt and selex for gender,fleet: 1 7
 0.0117438 0.030947 0.0833454 0.156779 0.248815 0.353784 0.466674 0.583725 0.702391 0.821174 0.939503 1.05759 1.17619 1.29631 1.41891 1.54466 1.67384 1.80629 1.94144 2.07843 2.21621 2.35373 2.48995 2.62401 2.75517 2.88286 3.00666 3.12628 3.24152 3.35227 3.45849 3.56016 3.65733 3.75005 3.83843 3.92255 4.00253 4.07851 4.15062 4.21899 4.28377 4.3451 4.40313 4.45799 4.50984 4.5588 4.60503 4.64864 4.68976 4.72854 4.76507 4.79949 4.8319 4.86241 4.89113 4.91814 4.94356 4.96745 4.98992 5.01104 5.03089 5.04954 5.06707 5.08353 5.09898 5.1135 5.12713 5.13993 5.15194 5.16321 5.17389 5.18402 5.19351 5.20243 5.21079 5.21863 5.22599 5.23289 5.23937 5.24544 5.25113 5.25647 5.26148 5.26618 5.27058 5.27471 5.27858 5.28222 5.28562 5.28881 5.2918 5.29461 5.29724 5.2997 5.30201 5.30418 5.30621 5.30811 5.3099 5.31157 5.31419
 0 0 0 0 0 0 0 0 0 0 0 0 0 0 0 0 0 0 0 0 0 0 0 0 0 0 0 0 0 0 0 0 0 0 0 0 0 0 0 0 0 0 0 0 0 0 0 0 0 0 0 0 0 0 0 0 0 0 0 0 0 0 0 0 0 0 0 0 0 0 0 0 0 0 0 0 0 0 0 0 0 0 0 0 0 0 0 0 0 0 0 0 0 0 0 0 0 0 0 1 0
# M and current age-structure in year Yinit: 2011
 # gender = 1
 0.0439034 0.0439034 0.0439034 0.0439034 0.0439034 0.0439034 0.0439034 0.0439034 0.0439034 0.0439034 0.0439034 0.0439034 0.0439034 0.0439034 0.0439034 0.0439034 0.0439034 0.0439034 0.0439034 0.0439034 0.0439034 0.0439034 0.0439034 0.0439034 0.0439034 0.0439034 0.0439034 0.0439034 0.0439034 0.0439034 0.0439034 0.0439034 0.0439034 0.0439034 0.0439034 0.0439034 0.0439034 0.0439034 0.0439034 0.0439034 0.0439034 0.0439034 0.0439034 0.0439034 0.0439034 0.0439034 0.0439034 0.0439034 0.0439034 0.0439034 0.0439034 0.0439034 0.0439034 0.0439034 0.0439034 0.0439034 0.0439034 0.0439034 0.0439034 0.0439034 0.0439034 0.0439034 0.0439034 0.0439034 0.0439034 0.0439034 0.0439034 0.0439034 0.0439034 0.0439034 0.0439034 0.0439034 0.0439034 0.0439034 0.0439034 0.0439034 0.0439034 0.0439034 0.0439034 0.0439034 0.0439034 0.0439034 0.0439034 0.0439034 0.0439034 0.0439034 0.0439034 0.0439034 0.0439034 0.0439034 0.0439034 0.0439034 0.0439034 0.0439034 0.0439034 0.0439034 0.0439034 0.0439034 0.0439034 0.0439034 0.0439034
 340.964 345.049 310.328 403.13 251.26 190.092 142.001 104.671 217.701 431.757 151.956 109.084 214.815 107.915 62.6899 51.0635 50.872 104.095 139.655 52.1899 39.576 41.9593 46.0341 47.1442 47.4415 45.2862 51.8475 63.7925 48.4503 57.5913 37.9023 24.8952 18.4751 13.981 14.7469 13.7036 12.9052 8.23299 7.65252 9.18166 13.9474 9.51982 7.04047 5.15991 3.90987 3.16009 2.4146 1.95912 1.84386 1.96171 2.19003 2.31999 2.18219 1.89872 1.63278 1.44285 1.33707 1.30675 1.34345 1.44331 1.59489 1.75442 1.82826 1.74195 1.54752 1.34511 1.17866 1.05261 0.959269 0.888549 0.833423 0.789049 0.752385 0.721063 0.692569 0.664695 0.635926 0.606032 0.57573 0.546268 0.518764 0.493904 0.47181 0.452338 0.435042 0.419382 0.404869 0.391093 0.377721 0.364542 0.351429 0.338316 0.325215 0.312221 0.299328 0.286472 0.273995 0.261952 0.250375 0.239294 5.32976
# Age-structure at Ydeclare= 2013
 176.15 164.984 312.3 316.035 284.22 369.176 230.048 173.98 129.895 95.681 198.848 394.051 138.581 99.4151 195.662 98.248 57.0532 46.4592 46.2753 94.6743 127.003 47.4578 35.9855 38.1508 41.8542 42.862 43.1308 41.1699 47.133 57.9894 44.041 52.3478 34.4499 22.6266 16.7909 12.706 13.4017 12.4532 11.7274 7.48136 6.95371 8.34299 12.6731 8.64982 6.3969 4.68814 3.55231 2.87105 2.19371 1.77987 1.67513 1.78219 1.98959 2.10764 1.98244 1.72491 1.48331 1.31075 1.21466 1.18711 1.22045 1.31117 1.44887 1.59378 1.66086 1.58245 1.40582 1.22194 1.07073 0.956225 0.87143 0.807184 0.757106 0.716794 0.683488 0.655034 0.629148 0.603826 0.577692 0.550535 0.523008 0.496245 0.471259 0.448675 0.428605 0.410917 0.395205 0.380979 0.367795 0.35528 0.343133 0.331161 0.319249 0.307337 0.295435 0.283631 0.271918 0.26024 0.248906 0.237966 5.28657
# Year for Tmin Age-structure (set to Ydecl by SS)
2013
#  recruitment and biomass
# Number of historical assessment years
129
# Historical data
# year recruitment spawner in B0 in R project in R/S project
1888  1889 1890 1891 1892 1893 1894 1895 1896 1897 1898 1899 1900 1901 1902 1903 1904 1905 1906 1907 1908 1909 1910 1911 1912 1913 1914 1915 1916 1917 1918 1919 1920 1921 1922 1923 1924 1925 1926 1927 1928 1929 1930 1931 1932 1933 1934 1935 1936 1937 1938 1939 1940 1941 1942 1943 1944 1945 1946 1947 1948 1949 1950 1951 1952 1953 1954 1955 1956 1957 1958 1959 1960 1961 1962 1963 1964 1965 1966 1967 1968 1969 1970 1971 1972 1973 1974 1975 1976 1977 1978 1979 1980 1981 1982 1983 1984 1985 1986 1987 1988 1989 1990 1991 1992 1993 1994 1995 1996 1997 1998 1999 2000 2001 2002 2003 2004 2005 2006 2007 2008 2009 2010 2011 2012 2013 2014 2015 2016 #years (with first value representing R0)
329.812 325.235 325.087 324.935 324.778 324.605 324.427 324.244 324.064 323.88 323.692 323.499 323.294 323.088 322.883 322.656 322.427 322.199 321.974 321.765 321.563 321.361 321.166 320.973 320.775 320.541 320.24 319.816 319.215 318.372 316.945 315.049 312.73 309.939 306.705 303.117 299.292 295.39 291.622 288.215 285.398 283.384 282.284 282.015 282.359 282.854 282.928 282.064 280.085 277.25 274.269 271.976 271.139 272.316 276.135 283.598 296.087 315.471 342.585 375.035 401.659 401.045 366.063 316.482 272.323 240.962 222.732 216.488 221.795 238.12 262.458 285.555 286.952 255.536 215.406 189.967 188.698 216.474 262.412 299.02 361.172 447.969 546.734 717.698 420.209 309.235 291.699 398.226 365.967 338.831 274.848 309.173 353.048 453.908 581.192 411.963 458.153 315.979 235.952 213.306 184.927 159.428 129.938 110.955 134.068 332.335 231.63 106.612 101.321 118.176 193.704 367.62 178.141 236.942 643.143 309.937 142.487 184.896 236.809 299.521 459.894 338.81 360.535 340.964 172.388 176.15 181.852 211.462 260.896  #recruits; first value is R0 (virgin)
3417.15  3417.15 3417.14 3417.09 3417.01 3415.62 3414.24 3412.85 3412.38 3412.15 3411.88 3411.59 3411.2 3410.72 3410.1 3409.33 3408.42 3407.32 3406.1 3404.72 3403.2 3401.19 3399.4 3397.47 3395.44 3393.29 3391.03 3388.68 3386.01 3383.47 3380.37 3371.01 3366.35 3361.99 3357.77 3354.35 3350.65 3345.24 3338.71 3329.7 3318.47 3307.45 3297.77 3286.99 3279.21 3271.84 3264.38 3255.22 3245.89 3233.53 3221.89 3209.27 3198.48 3184.2 3165.36 3145.5 3112.09 3076.75 3025.81 2979.04 2955.96 2930.24 2910.15 2888.3 2862.02 2839.38 2822.59 2802.7 2784.37 2766.2 2744.92 2725.83 2710.08 2697.84 2691.25 2682.69 2679.06 2679.57 2651.19 2644.54 2633.01 2620.91 2581.77 2556.91 2522.63 2478.87 2430.92 2377.59 2325.22 2264.5 2204.72 2107.14 2011.76 1938.99 1843.74 1684.92 1539.78 1461.24 1346.66 1282.65 1206.35 1137.85 1049.21 988.56 890.033 800.627 715.854 672.69 629.63 581.113 526.312 512.504 484.995 495.162 503.098 526.688 551.171 576.624 602.246 629.15 654.897 682.18 709.893 740.613 773.135 807.458 844.66 884.75 925.896 #spbio; first value is SSB_virgin (virgin)
1 0 0 0 0 0 0 0 0 0 0 0 0 0 0 0 0 0 0 0 0 0 0 0 0 0 0 0 0 0 0 0 0 0 0 0 0 0 0 0 0 0 0 0 0 0 0 0 0 0 0 0 0 0 0 0 0 0 0 0 0 0 0 0 0 0 0 0 0 0 0 0 0 0 0 0 0 0 0 0 0 0 0 0 0 0 0 0 0 0 0 0 0 0 0 0 0 0 0 0 0 0 0 0 0 0 0 0 0 0 0 0 0 0 0 0 0 0 0 0 0 0 0 0 0 0 0 0 0  # in Bzero
0 1 1 1 1 1 1 1 1 1 1 1 1 1 1 1 1 1 1 1 1 1 1 1 1 1 1 1 1 1 1 1 1 1 1 1 1 1 1 1 1 1 1 1 1 1 1 1 1 1 1 1 1 1 1 1 1 1 1 1 1 1 1 1 1 1 1 1 1 1 1 1 1 1 1 1 1 1 1 1 1 1 1 1 1 1 1 1 1 1 1 1 1 1 1 1 1 1 1 1 1 1 1 1 1 1 1 1 1 1 1 1 1 1 1 1 1 1 1 1 1 1 1 1 1 1  0 0 0 # in R project
0 1 1 1 1 1 1 1 1 1 1 1 1 1 1 1 1 1 1 1 1 1 1 1 1 1 1 1 1 1 1 1 1 1 1 1 1 1 1 1 1 1 1 1 1 1 1 1 1 1 1 1 1 1 1 1 1 1 1 1 1 1 1 1 1 1 1 1 1 1 1 1 1 1 1 1 1 1 1 1 1 1 1 1 1 1 1 1 1 1 1 1 1 1 1 1 1 1 1 1 1 1 1 1 1 1 1 1 1 1 1 1 1 1 1 1 1 1 1 1 1 1 1 1 1 1  0 0 0 # in R/S project
# Number of years with pre-specified catches
0
# catches for years with pre-specified catches go next
# Number of future recruitments to override
-2
# Process for overiding (-1 for average otherwise index in data list)
# Which probability to product detailed results for (1=0.5; 2=0.6; etc.)
3
# Steepness sigma-R Auto-correlation
0.718 0.5 0
# Target SPR rate (FMSY Proxy); manually change to SPR_MSY if not using SPR_target
0.5
# Discount rate (for cumulative catch)
0.1
# Truncate the series when 0.4B0 is reached (1=Yes)
0
# Set F to FMSY once 0.4B0 is reached (1=Yes)
0
# Maximum possible F for projection (-1 to set to FMSY)
-1
# Defintion of recovery (1=now only;2=now or before)
2
# Projection type
4
# Definition of the 40-10 rule
10 40
# Calculate coefficients of variation (1=Yes)
0
# Number of replicates to use
10
# Random number seed
-99004
# File with multiple parameter vectors 
rebuild.SSO
# User-specific projection (1=Yes); Output replaced (1->9)
0  5
# Catches and Fs (Year; 1/2/3 (F or C or SPR); value); Final row is -1
2016 1 1
-1 -1 -1
# Fixed catch project (1=Yes); Output replaced (1->9); Approach (-1=Read in else 1-9)
0 2 -1
# Split of Fs
2011  0.000531454
 0
 0.167452
 0.00689211
 0.266219
 0.242993
 0.315913
-1  1 1 1 1 1 1 1 1 1 1 1 1
# Yrs to define T_target for projection type 4 (a.k.a. 5 pre-specified inputs)
2022 2023 2024 2025 2026 
# Year for probability of recovery
2026 2027 2028 2029 2030 2031 2032 2033
# Time varying weight-at-age (1=Yes;0=No)
0
# File with time series of weight-at-age data
none
# Use bisection (0) or linear interpolation (1)
1
# Target Depletion
0.4
# CV of implementation error
0
