#Title, #runnumber: 273 yelloweye_data.ss yelloweye_control.ss 5704.91 2.5435e+009 6.74899e+008 StartTime: Fri Jul 21 13:06:10 2017
SSv3_default_rebuild.dat
# Number of sexes
1
# Age range to consider (minimum age; maximum age)
0 100
# Number of fleets
12
# First year of projection (Yinit)
2011
# First Year of rebuilding period (Ydecl)
2013
# Number of simulations
1000
# Maximum number of years
500
# Conduct projections with multiple starting values (0=No;else yes)
0
# Number of parameter vectors
1000
# Is the maximum age a plus-group (1=Yes;2=No)
1
# Generate future recruitments using historical recruitments (1)  historical recruits/spawner (2)  or a stock-recruitment (3)
3
# Constant fishing mortality (1) or constant Catch (2) projections
1
# Fishing mortality based on SPR (1) or actual rate (2)
1
# Pre-specify the year of recovery (or -1) to ignore
-1
# Fecundity-at-age
# 0 1 2 3 4 5 6 7 8 9 10 11 12 13 14 15 16 17 18 19 20 21 22 23 24 25 26 27 28 29 30 31 32 33 34 35 36 37 38 39 40 41 42 43 44 45 46 47 48 49 50 51 52 53 54 55 56 57 58 59 60 61 62 63 64 65 66 67 68 69 70 71 72 73 74 75 76 77 78 79 80 81 82 83 84 85 86 87 88 89 90 91 92 93 94 95 96 97 98 99 100 #runnumber: 273 yelloweye_data.ss yelloweye_control.ss 5704.91 2.5435e+009 6.74899e+008
 0 0 0.0485387 0.515197 4.11353 26.2894 138.051 595.265 2086.49 5956.63 14110.5 28504.8 50514.1 80542.9 118025 161710 210041 261475 314687 368650 422631 476148 528900 580710 631477 681139 729655 776993 823120 868003 911611 953913 994881 1.03449e+006 1.07273e+006 1.10957e+006 1.14503e+006 1.17908e+006 1.21175e+006 1.24305e+006 1.27299e+006 1.30159e+006 1.32888e+006 1.3549e+006 1.37967e+006 1.40323e+006 1.42561e+006 1.44687e+006 1.46703e+006 1.48614e+006 1.50424e+006 1.52137e+006 1.53757e+006 1.55289e+006 1.56736e+006 1.58102e+006 1.59392e+006 1.60608e+006 1.61755e+006 1.62836e+006 1.63855e+006 1.64814e+006 1.65717e+006 1.66567e+006 1.67366e+006 1.68119e+006 1.68826e+006 1.69491e+006 1.70116e+006 1.70704e+006 1.71256e+006 1.71795e+006 1.72301e+006 1.72777e+006 1.73223e+006 1.73643e+006 1.74036e+006 1.74406e+006 1.74752e+006 1.75078e+006 1.75383e+006 1.75669e+006 1.75938e+006 1.7619e+006 1.76426e+006 1.76648e+006 1.76856e+006 1.77051e+006 1.77233e+006 1.77405e+006 1.77565e+006 1.77716e+006 1.77857e+006 1.7799e+006 1.78114e+006 1.7823e+006 1.78339e+006 1.78441e+006 1.78537e+006 1.78627e+006 1.78767e+006 #female fecundity; weighted by N in year Y_init across morphs and areas
# Age specific selectivity and weight adjusted for discard and discard mortality
 #wt and selex for gender,fleet: 1 1
 0.0110132 0.0225674 0.0616907 0.119853 0.196614 0.289017 0.393609 0.50722 0.627213 0.751527 0.878652 1.0076 1.13787 1.26934 1.4021 1.53633 1.67208 1.80924 1.94747 2.08622 2.22482 2.36252 2.49854 2.6322 2.76287 2.89007 3.01339 3.13254 3.24734 3.35766 3.46344 3.56467 3.66139 3.75366 3.84155 3.92519 4.00468 4.08015 4.15174 4.21959 4.28385 4.34466 4.40216 4.4565 4.50783 4.55629 4.602 4.64512 4.68576 4.72405 4.76012 4.79409 4.82605 4.85613 4.88443 4.91104 4.93606 4.95958 4.98168 5.00244 5.02195 5.04027 5.05747 5.07363 5.08879 5.10303 5.11639 5.12892 5.14069 5.15172 5.16217 5.17207 5.18136 5.19007 5.19823 5.20589 5.21307 5.21981 5.22612 5.23204 5.23759 5.24279 5.24767 5.25224 5.25652 5.26054 5.2643 5.26783 5.27113 5.27423 5.27713 5.27985 5.2824 5.28479 5.28703 5.28912 5.29109 5.29293 5.29466 5.29627 5.2988
 0 0 0 0 0 0 0 0 0 0 0 0 0 0 0 0 0 0 0 0 0 0 0 0 0 0 0 0 0 0 0 0 0 0 0 0 0 0 0 0 0 0 0 0 0 0 0 0 0 0 0 0 0 0 0 0 0 0 0 0 0 0 0 0 0 0 0 0 0 0 0 0 0 0 0 0 0 0 0 0 0 0 0 0 0 0 0 0 0 0 0 0 0 0 0 0 0 0 0 1 0
 #wt and selex for gender,fleet: 1 3
 0.0109244 0.0210578 0.0558414 0.108417 0.178298 0.263212 0.36034 0.466987 0.580828 0.70003 0.823321 0.95001 1.07987 1.21291 1.34917 1.48846 1.63037 1.77418 1.919 2.06385 2.20777 2.34988 2.4894 2.62574 2.75839 2.88701 3.01133 3.13117 3.24643 3.35706 3.46305 3.56442 3.66122 3.75355 3.84148 3.92514 4.00465 4.08013 4.15173 4.21959 4.28384 4.34465 4.40216 4.4565 4.50783 4.55629 4.602 4.64512 4.68576 4.72405 4.76012 4.79409 4.82605 4.85613 4.88443 4.91104 4.93606 4.95958 4.98168 5.00244 5.02195 5.04027 5.05747 5.07363 5.08879 5.10303 5.11639 5.12892 5.14069 5.15172 5.16218 5.17207 5.18136 5.19007 5.19824 5.20589 5.21308 5.21981 5.22612 5.23204 5.23759 5.24279 5.24767 5.25224 5.25652 5.26054 5.2643 5.26783 5.27113 5.27423 5.27713 5.27985 5.2824 5.28479 5.28703 5.28913 5.29109 5.29293 5.29466 5.29627 5.2988
 0 0 0 0 0 0 0 0 0 0 0 0 0 0 0 0 0 0 0 0 0 0 0 0 0 0 0 0 0 0 0 0 0 0 0 0 0 0 0 0 0 0 0 0 0 0 0 0 0 0 0 0 0 0 0 0 0 0 0 0 0 0 0 0 0 0 0 0 0 0 0 0 0 0 0 0 0 0 0 0 0 0 0 0 0 0 0 0 0 0 0 0 0 0 0 0 0 0 0 1 0
 #wt and selex for gender,fleet: 1 4
 0.0108468 0.0197196 0.0504996 0.0990029 0.165362 0.248334 0.345898 0.455768 0.575684 0.70356 0.837541 0.976018 1.11761 1.26115 1.40566 1.55036 1.69459 1.83786 1.97974 2.11989 2.258 2.39379 2.52698 2.65731 2.7845 2.90831 3.02851 3.14491 3.25733 3.36566 3.4698 3.5697 3.66536 3.75677 3.84401 3.92712 4.0062 4.08135 4.15269 4.22035 4.28446 4.34515 4.40255 4.45683 4.5081 4.5565 4.60218 4.64527 4.68588 4.72416 4.76021 4.79416 4.82612 4.85619 4.88448 4.91108 4.9361 4.95961 4.98171 5.00247 5.02197 5.04029 5.0575 5.07365 5.08881 5.10304 5.1164 5.12894 5.1407 5.15174 5.16219 5.17209 5.18137 5.19008 5.19825 5.2059 5.21309 5.21982 5.22613 5.23205 5.2376 5.2428 5.24768 5.25225 5.25653 5.26054 5.26431 5.26783 5.27114 5.27424 5.27714 5.27986 5.28241 5.2848 5.28704 5.28913 5.2911 5.29294 5.29467 5.29628 5.29881
 0 0 0 0 0 0 0 0 0 0 0 0 0 0 0 0 0 0 0 0 0 0 0 0 0 0 0 0 0 0 0 0 0 0 0 0 0 0 0 0 0 0 0 0 0 0 0 0 0 0 0 0 0 0 0 0 0 0 0 0 0 0 0 0 0 0 0 0 0 0 0 0 0 0 0 0 0 0 0 0 0 0 0 0 0 0 0 0 0 0 0 0 0 0 0 0 0 0 0 1 0
 #wt and selex for gender,fleet: 1 5
 0.0109378 0.0213112 0.0572687 0.112286 0.186367 0.277401 0.382494 0.49871 0.623391 0.754272 0.889487 1.02753 1.1672 1.30759 1.448 1.58796 1.72712 1.86527 2.00224 2.13785 2.27195 2.4043 2.53464 2.66268 2.7881 2.91058 3.02982 3.14554 3.25751 3.36555 3.46953 3.56934 3.66497 3.75639 3.84364 3.92678 4.0059 4.08109 4.15247 4.22016 4.28429 4.345 4.40243 4.45672 4.50801 4.55643 4.60212 4.64521 4.68584 4.72412 4.76018 4.79413 4.82609 4.85617 4.88446 4.91106 4.93608 4.9596 4.98169 5.00246 5.02196 5.04028 5.05749 5.07364 5.0888 5.10304 5.11639 5.12893 5.14069 5.15173 5.16218 5.17208 5.18137 5.19007 5.19824 5.2059 5.21308 5.21981 5.22613 5.23205 5.23759 5.2428 5.24767 5.25224 5.25653 5.26054 5.2643 5.26783 5.27114 5.27423 5.27714 5.27986 5.28241 5.28479 5.28703 5.28913 5.29109 5.29294 5.29466 5.29628 5.29881
 0 0 0 0 0 0 0 0 0 0 0 0 0 0 0 0 0 0 0 0 0 0 0 0 0 0 0 0 0 0 0 0 0 0 0 0 0 0 0 0 0 0 0 0 0 0 0 0 0 0 0 0 0 0 0 0 0 0 0 0 0 0 0 0 0 0 0 0 0 0 0 0 0 0 0 0 0 0 0 0 0 0 0 0 0 0 0 0 0 0 0 0 0 0 0 0 0 0 0 1 0
 #wt and selex for gender,fleet: 1 6
 0.0115067 0.0295715 0.0798823 0.147676 0.229849 0.320777 0.416153 0.513498 0.612336 0.713904 0.820276 0.93342 1.05454 1.18379 1.32037 1.46276 1.60915 1.75772 1.90686 2.05525 2.20185 2.34587 2.48669 2.62386 2.75703 2.88596 3.01045 3.13039 3.2457 3.35634 3.46233 3.56369 3.66048 3.75279 3.84071 3.92435 4.00384 4.07931 4.1509 4.21874 4.28299 4.34379 4.40129 4.45562 4.50695 4.55539 4.6011 4.64421 4.68485 4.72314 4.75921 4.79317 4.82513 4.85521 4.8835 4.91011 4.93512 4.95864 4.98074 5.0015 5.02101 5.03933 5.05653 5.07268 5.08784 5.10208 5.11544 5.12797 5.13973 5.15077 5.16122 5.17112 5.1804 5.1891 5.19727 5.20492 5.2121 5.21883 5.22514 5.23106 5.2366 5.2418 5.24668 5.25125 5.25553 5.25954 5.2633 5.26683 5.27013 5.27323 5.27613 5.27885 5.2814 5.28379 5.28602 5.28812 5.29008 5.29192 5.29365 5.29527 5.29779
 0 0 0 0 0 0 0 0 0 0 0 0 0 0 0 0 0 0 0 0 0 0 0 0 0 0 0 0 0 0 0 0 0 0 0 0 0 0 0 0 0 0 0 0 0 0 0 0 0 0 0 0 0 0 0 0 0 0 0 0 0 0 0 0 0 0 0 0 0 0 0 0 0 0 0 0 0 0 0 0 0 0 0 0 0 0 0 0 0 0 0 0 0 0 0 0 0 0 0 1 0
 #wt and selex for gender,fleet: 1 7
 0.0107526 0.0180561 0.0434686 0.500996 0.525893 0.555163 0.591475 0.635414 0.689303 0.755902 0.837479 0.935107 1.04826 1.1749 1.31198 1.45623 1.60468 1.75498 1.90537 2.05457 2.20167 2.34598 2.48697 2.62425 2.7575 2.88648 3.01102 3.13099 3.24633 3.357 3.46301 3.5644 3.66121 3.75354 3.84148 3.92514 4.00464 4.08013 4.15173 4.21958 4.28384 4.34465 4.40216 4.4565 4.50783 4.55629 4.602 4.64512 4.68576 4.72405 4.76012 4.79409 4.82605 4.85613 4.88443 4.91104 4.93606 4.95958 4.98168 5.00244 5.02195 5.04027 5.05747 5.07363 5.08879 5.10303 5.11639 5.12892 5.14069 5.15172 5.16217 5.17207 5.18136 5.19007 5.19824 5.20589 5.21308 5.21981 5.22612 5.23204 5.23759 5.24279 5.24767 5.25224 5.25652 5.26054 5.2643 5.26783 5.27113 5.27423 5.27713 5.27985 5.2824 5.28479 5.28703 5.28913 5.29109 5.29293 5.29466 5.29627 5.2988
 0 0 0 0 0 0 0 0 0 0 0 0 0 0 0 0 0 0 0 0 0 0 0 0 0 0 0 0 0 0 0 0 0 0 0 0 0 0 0 0 0 0 0 0 0 0 0 0 0 0 0 0 0 0 0 0 0 0 0 0 0 0 0 0 0 0 0 0 0 0 0 0 0 0 0 0 0 0 0 0 0 0 0 0 0 0 0 0 0 0 0 0 0 0 0 0 0 0 0 1 0
# M and current age-structure in year Yinit: 2011
 # gender = 1
 0.0439034 0.0439034 0.0439034 0.0439034 0.0439034 0.0439034 0.0439034 0.0439034 0.0439034 0.0439034 0.0439034 0.0439034 0.0439034 0.0439034 0.0439034 0.0439034 0.0439034 0.0439034 0.0439034 0.0439034 0.0439034 0.0439034 0.0439034 0.0439034 0.0439034 0.0439034 0.0439034 0.0439034 0.0439034 0.0439034 0.0439034 0.0439034 0.0439034 0.0439034 0.0439034 0.0439034 0.0439034 0.0439034 0.0439034 0.0439034 0.0439034 0.0439034 0.0439034 0.0439034 0.0439034 0.0439034 0.0439034 0.0439034 0.0439034 0.0439034 0.0439034 0.0439034 0.0439034 0.0439034 0.0439034 0.0439034 0.0439034 0.0439034 0.0439034 0.0439034 0.0439034 0.0439034 0.0439034 0.0439034 0.0439034 0.0439034 0.0439034 0.0439034 0.0439034 0.0439034 0.0439034 0.0439034 0.0439034 0.0439034 0.0439034 0.0439034 0.0439034 0.0439034 0.0439034 0.0439034 0.0439034 0.0439034 0.0439034 0.0439034 0.0439034 0.0439034 0.0439034 0.0439034 0.0439034 0.0439034 0.0439034 0.0439034 0.0439034 0.0439034 0.0439034 0.0439034 0.0439034 0.0439034 0.0439034 0.0439034 0.0439034
 221.121 225.283 200.446 259.247 162.532 122.495 91.3775 67.5076 139.847 277.998 97.7525 70.4135 139.093 69.6951 40.5469 33.0402 33.0022 68.0271 89.2199 33.5115 25.4439 26.9876 29.6946 30.5314 30.8374 29.5396 33.8901 41.7957 31.5922 37.7319 24.9969 16.4257 12.1255 9.18719 9.70177 9.03452 8.51704 5.44224 5.06417 6.08094 9.21348 6.33729 4.68513 3.43821 2.60763 2.10825 1.61055 1.30689 1.23043 1.30941 1.46158 1.54713 1.45393 1.26451 1.08729 0.96087 0.890535 0.870457 0.895027 0.961693 1.06287 1.1694 1.21879 1.16123 1.03149 0.896501 0.785539 0.701527 0.639322 0.592194 0.55546 0.52589 0.50146 0.480586 0.461595 0.443015 0.423838 0.403909 0.383704 0.364052 0.345699 0.329101 0.314344 0.301335 0.289777 0.279313 0.269615 0.260414 0.251484 0.242687 0.233936 0.225187 0.216447 0.207781 0.199182 0.19061 0.182292 0.174264 0.166548 0.159163 3.5401
# Age-structure at Ydeclare= 2013
 115.082 107.336 202.532 206.34 183.583 237.413 148.811 112.109 83.5763 61.6912 127.676 253.575 89.0972 64.1406 126.645 63.437 36.8973 30.0611 30.0227 61.8796 81.1517 30.4795 23.141 24.5442 27.0053 27.7656 28.0431 26.8621 30.8173 38.0047 28.7257 34.307 22.7271 14.9337 11.0238 8.35217 8.81975 8.21298 7.74238 4.94714 4.60337 5.52751 8.37478 5.7603 4.25848 3.12506 2.3701 1.91618 1.4638 1.1878 1.1183 1.19007 1.32836 1.4061 1.32139 1.14923 0.988165 0.873268 0.809345 0.791096 0.813424 0.87401 0.965961 1.06278 1.10766 1.05535 0.937442 0.814757 0.713912 0.63756 0.581027 0.538195 0.50481 0.477937 0.455734 0.436764 0.419503 0.402618 0.38519 0.367078 0.348715 0.330856 0.314176 0.299092 0.285681 0.273858 0.263354 0.253844 0.245031 0.236668 0.228553 0.220558 0.212605 0.204654 0.196711 0.188835 0.18102 0.17323 0.16567 0.158374 3.51332
# Year for Tmin Age-structure (set to Ydecl by SS)
2013
#  recruitment and biomass
# Number of historical assessment years
129
# Historical data
# year recruitment spawner in B0 in R project in R/S project
1888  1889 1890 1891 1892 1893 1894 1895 1896 1897 1898 1899 1900 1901 1902 1903 1904 1905 1906 1907 1908 1909 1910 1911 1912 1913 1914 1915 1916 1917 1918 1919 1920 1921 1922 1923 1924 1925 1926 1927 1928 1929 1930 1931 1932 1933 1934 1935 1936 1937 1938 1939 1940 1941 1942 1943 1944 1945 1946 1947 1948 1949 1950 1951 1952 1953 1954 1955 1956 1957 1958 1959 1960 1961 1962 1963 1964 1965 1966 1967 1968 1969 1970 1971 1972 1973 1974 1975 1976 1977 1978 1979 1980 1981 1982 1983 1984 1985 1986 1987 1988 1989 1990 1991 1992 1993 1994 1995 1996 1997 1998 1999 2000 2001 2002 2003 2004 2005 2006 2007 2008 2009 2010 2011 2012 2013 2014 2015 2016 #years (with first value representing R0)
218.424 215.611 215.523 215.432 215.339 215.236 215.131 215.022 214.916 214.807 214.696 214.583 214.463 214.342 214.221 214.087 213.952 213.817 213.685 213.563 213.445 213.327 213.215 213.102 212.986 212.846 212.661 212.393 212.006 211.458 210.521 209.269 207.736 205.888 203.744 201.364 198.827 196.238 193.738 191.476 189.606 188.268 187.535 187.351 187.571 187.89 187.925 187.338 186.012 184.118 182.128 180.593 180.025 180.792 183.312 188.25 196.522 209.372 227.356 248.896 266.579 266.159 242.893 209.941 180.604 159.77 147.649 143.474 146.953 157.735 173.843 189.19 190.249 169.518 142.895 125.97 125.07 143.448 173.907 198.075 238.992 296.015 361.458 471.06 276.737 203.713 192.202 262.375 241.299 223.406 181.459 204.439 235.353 303.238 386.489 273.002 305.273 210.119 156.619 141.116 121.861 104.534 84.785 72.1709 86.829 213.541 151.927 69.3331 65.6879 76.5614 125.269 238.284 115.078 152.5 414.217 199.119 91.8989 118.98 152.599 193.751 295.752 218.843 235.394 221.121 112.154 115.082 118.816 137.892 169.459  #recruits; first value is R0 (virgin)
2.5435e+009  2.5435e+009 2.54349e+009 2.54346e+009 2.5434e+009 2.54235e+009 2.54131e+009 2.54026e+009 2.53991e+009 2.53973e+009 2.53952e+009 2.53931e+009 2.53903e+009 2.53868e+009 2.53824e+009 2.53771e+009 2.53709e+009 2.53633e+009 2.5355e+009 2.53456e+009 2.53353e+009 2.53214e+009 2.53092e+009 2.52961e+009 2.52822e+009 2.52674e+009 2.52519e+009 2.52357e+009 2.52172e+009 2.51996e+009 2.51778e+009 2.51089e+009 2.50753e+009 2.5044e+009 2.50137e+009 2.49894e+009 2.49629e+009 2.49236e+009 2.48758e+009 2.48094e+009 2.47263e+009 2.46447e+009 2.45732e+009 2.44934e+009 2.44364e+009 2.43825e+009 2.43281e+009 2.42613e+009 2.41935e+009 2.41032e+009 2.40187e+009 2.39272e+009 2.38498e+009 2.37465e+009 2.3609e+009 2.3464e+009 2.32171e+009 2.29556e+009 2.25765e+009 2.22286e+009 2.20584e+009 2.18679e+009 2.17195e+009 2.15575e+009 2.13617e+009 2.11929e+009 2.10672e+009 2.09175e+009 2.07782e+009 2.06385e+009 2.04735e+009 2.03229e+009 2.01954e+009 2.00926e+009 2.00312e+009 1.99551e+009 1.99168e+009 1.99112e+009 1.96913e+009 1.96368e+009 1.95482e+009 1.94573e+009 1.91657e+009 1.89821e+009 1.8729e+009 1.84056e+009 1.80515e+009 1.76576e+009 1.72718e+009 1.68229e+009 1.63807e+009 1.56514e+009 1.4934e+009 1.43794e+009 1.36532e+009 1.24495e+009 1.13426e+009 1.07375e+009 9.8626e+008 9.36631e+008 8.78329e+008 8.25932e+008 7.59143e+008 7.13406e+008 6.41174e+008 5.75412e+008 5.12702e+008 4.80126e+008 4.47628e+008 4.11534e+008 3.71135e+008 3.60504e+008 3.401e+008 3.46965e+008 3.5242e+008 3.68588e+008 3.85458e+008 4.03116e+008 4.20947e+008 4.39681e+008 4.57679e+008 4.76771e+008 4.96164e+008 5.17618e+008 5.40213e+008 5.63935e+008 5.89478e+008 6.16961e+008 6.45111e+008 #spbio; first value is SSB_virgin (virgin)
1 0 0 0 0 0 0 0 0 0 0 0 0 0 0 0 0 0 0 0 0 0 0 0 0 0 0 0 0 0 0 0 0 0 0 0 0 0 0 0 0 0 0 0 0 0 0 0 0 0 0 0 0 0 0 0 0 0 0 0 0 0 0 0 0 0 0 0 0 0 0 0 0 0 0 0 0 0 0 0 0 0 0 0 0 0 0 0 0 0 0 0 0 0 0 0 0 0 0 0 0 0 0 0 0 0 0 0 0 0 0 0 0 0 0 0 0 0 0 0 0 0 0 0 0 0 0 0 0  # in Bzero
0 1 1 1 1 1 1 1 1 1 1 1 1 1 1 1 1 1 1 1 1 1 1 1 1 1 1 1 1 1 1 1 1 1 1 1 1 1 1 1 1 1 1 1 1 1 1 1 1 1 1 1 1 1 1 1 1 1 1 1 1 1 1 1 1 1 1 1 1 1 1 1 1 1 1 1 1 1 1 1 1 1 1 1 1 1 1 1 1 1 1 1 1 1 1 1 1 1 1 1 1 1 1 1 1 1 1 1 1 1 1 1 1 1 1 1 1 1 1 1 1 1 1 1 1 1  0 0 0 # in R project
0 1 1 1 1 1 1 1 1 1 1 1 1 1 1 1 1 1 1 1 1 1 1 1 1 1 1 1 1 1 1 1 1 1 1 1 1 1 1 1 1 1 1 1 1 1 1 1 1 1 1 1 1 1 1 1 1 1 1 1 1 1 1 1 1 1 1 1 1 1 1 1 1 1 1 1 1 1 1 1 1 1 1 1 1 1 1 1 1 1 1 1 1 1 1 1 1 1 1 1 1 1 1 1 1 1 1 1 1 1 1 1 1 1 1 1 1 1 1 1 1 1 1 1 1 1  0 0 0 # in R/S project
# Number of years with pre-specified catches
0
# catches for years with pre-specified catches go next
# Number of future recruitments to override
-2
# Process for overiding (-1 for average otherwise index in data list)
# Which probability to product detailed results for (1=0.5; 2=0.6; etc.)
3
# Steepness sigma-R Auto-correlation
0.718 0.5 0
# Target SPR rate (FMSY Proxy); manually change to SPR_MSY if not using SPR_target
0.5
# Discount rate (for cumulative catch)
0.1
# Truncate the series when 0.4B0 is reached (1=Yes)
0
# Set F to FMSY once 0.4B0 is reached (1=Yes)
0
# Maximum possible F for projection (-1 to set to FMSY)
-1
# Defintion of recovery (1=now only;2=now or before)
2
# Projection type
4
# Definition of the 40-10 rule
10 40
# Calculate coefficients of variation (1=Yes)
0
# Number of replicates to use
10
# Random number seed
-99004
# File with multiple parameter vectors 
rebuild.SSO
# User-specific projection (1=Yes); Output replaced (1->9)
0  5
# Catches and Fs (Year; 1/2/3 (F or C or SPR); value); Final row is -1
2016 1 1
-1 -1 -1
# Fixed catch project (1=Yes); Output replaced (1->9); Approach (-1=Read in else 1-9)
0 2 -1
# Split of Fs
2011  0.000560186
 0
 0.176559
 0.00737042
 0.281092
 0.257637
 0.276782
-1  1 1 1 1 1 1 1 1 1 1 1 1
# Yrs to define T_target for projection type 4 (a.k.a. 5 pre-specified inputs)
2022 2023 2024 2025 2026 
# Year for probability of recovery
2026 2027 2028 2029 2030 2031 2032 2033
# Time varying weight-at-age (1=Yes;0=No)
0
# File with time series of weight-at-age data
none
# Use bisection (0) or linear interpolation (1)
1
# Target Depletion
0.4
# CV of implementation error
0
