#Title, #runnumber: 255 yelloweye_data.ss yelloweye_control.ss 5608.41 2258.13 651.655 StartTime: Thu Jun 15 15:20:19 2017
SSv3_default_rebuild.dat
# Number of sexes
1
# Age range to consider (minimum age; maximum age)
0 100
# Number of fleets
12
# First year of projection (Yinit)
2011
# First Year of rebuilding period (Ydecl)
2013
# Number of simulations
1000
# Maximum number of years
500
# Conduct projections with multiple starting values (0=No;else yes)
0
# Number of parameter vectors
1000
# Is the maximum age a plus-group (1=Yes;2=No)
1
# Generate future recruitments using historical recruitments (1)  historical recruits/spawner (2)  or a stock-recruitment (3)
3
# Constant fishing mortality (1) or constant Catch (2) projections
1
# Fishing mortality based on SPR (1) or actual rate (2)
1
# Pre-specify the year of recovery (or -1) to ignore
-1
# Fecundity-at-age
# 0 1 2 3 4 5 6 7 8 9 10 11 12 13 14 15 16 17 18 19 20 21 22 23 24 25 26 27 28 29 30 31 32 33 34 35 36 37 38 39 40 41 42 43 44 45 46 47 48 49 50 51 52 53 54 55 56 57 58 59 60 61 62 63 64 65 66 67 68 69 70 71 72 73 74 75 76 77 78 79 80 81 82 83 84 85 86 87 88 89 90 91 92 93 94 95 96 97 98 99 100 #runnumber: 255 yelloweye_data.ss yelloweye_control.ss 5608.41 2258.13 651.655
 0 0 7.88117e-008 8.83469e-007 7.06004e-006 4.36159e-005 0.000216309 0.000870321 0.00284601 0.00763997 0.0171993 0.0333528 0.0572141 0.0888852 0.127538 0.171739 0.219826 0.27021 0.321554 0.372841 0.423358 0.472647 0.520444 0.566612 0.6111 0.653904 0.695046 0.734559 0.77248 0.808847 0.843696 0.877062 0.908979 0.939482 0.968604 0.996382 1.02285 1.04805 1.07202 1.09479 1.11642 1.13693 1.15638 1.1748 1.19224 1.20873 1.22432 1.23905 1.25296 1.26609 1.27848 1.29015 1.30116 1.31153 1.32129 1.33048 1.33913 1.34727 1.35493 1.36213 1.36889 1.37525 1.38122 1.38684 1.39211 1.39706 1.40171 1.40607 1.41017 1.41401 1.41761 1.42108 1.42434 1.42739 1.43026 1.43295 1.43546 1.43783 1.44004 1.44212 1.44407 1.44589 1.4476 1.4492 1.45071 1.45212 1.45344 1.45467 1.45583 1.45692 1.45794 1.45889 1.45978 1.46062 1.46141 1.46214 1.46283 1.46347 1.46408 1.46464 1.46553 #female fecundity; weighted by N in year Y_init across morphs and areas
# Age specific selectivity and weight adjusted for discard and discard mortality
 #wt and selex for gender,fleet: 1 1
 0.0109275 0.0221228 0.0612768 0.11959 0.196611 0.289315 0.394183 0.508 0.628115 0.752464 0.879555 1.00843 1.13863 1.27007 1.40288 1.53724 1.67321 1.81065 1.94921 2.08831 2.22724 2.36522 2.50148 2.63529 2.76605 2.89326 3.01653 3.13558 3.25022 3.36034 3.46589 3.56686 3.66329 3.75525 3.84283 3.92613 4.00527 4.08039 4.15163 4.21912 4.28302 4.34347 4.40061 4.4546 4.50558 4.55368 4.59906 4.64184 4.68215 4.72013 4.75589 4.78955 4.82122 4.85101 4.87903 4.90538 4.93013 4.9534 4.97526 4.99579 5.01507 5.03318 5.05018 5.06613 5.0811 5.09516 5.10834 5.12071 5.13231 5.14319 5.15349 5.16325 5.1724 5.18097 5.18901 5.19655 5.20362 5.21024 5.21645 5.22227 5.22773 5.23284 5.23763 5.24212 5.24633 5.25027 5.25396 5.25742 5.26066 5.2637 5.26655 5.26921 5.27171 5.27405 5.27624 5.2783 5.28022 5.28202 5.28371 5.28529 5.28776
 0 0 0 0 0 0 0 0 0 0 0 0 0 0 0 0 0 0 0 0 0 0 0 0 0 0 0 0 0 0 0 0 0 0 0 0 0 0 0 0 0 0 0 0 0 0 0 0 0 0 0 0 0 0 0 0 0 0 0 0 0 0 0 0 0 0 0 0 0 0 0 0 0 0 0 0 0 0 0 0 0 0 0 0 0 0 0 0 0 0 0 0 0 0 0 0 0 0 0 1 0
 #wt and selex for gender,fleet: 1 3
 0.0108408 0.0206085 0.0552345 0.107764 0.177705 0.262762 0.360089 0.466962 0.581041 0.700485 0.824023 0.950968 1.0811 1.21444 1.351 1.49062 1.63285 1.77696 1.92205 2.06713 2.21123 2.35345 2.49304 2.62938 2.76199 2.89051 3.0147 3.13437 3.24943 3.35983 3.46556 3.56664 3.66315 3.75516 3.84277 3.92609 4.00525 4.08038 4.15162 4.21911 4.28301 4.34346 4.40061 4.4546 4.50558 4.55368 4.59906 4.64184 4.68215 4.72013 4.75589 4.78955 4.82122 4.85101 4.87903 4.90538 4.93013 4.9534 4.97526 4.99579 5.01507 5.03318 5.05018 5.06613 5.0811 5.09516 5.10834 5.12071 5.13231 5.14319 5.15349 5.16325 5.1724 5.18097 5.18901 5.19655 5.20362 5.21024 5.21645 5.22227 5.22773 5.23284 5.23763 5.24212 5.24633 5.25027 5.25396 5.25742 5.26066 5.2637 5.26655 5.26921 5.27171 5.27405 5.27624 5.2783 5.28022 5.28202 5.28371 5.28529 5.28776
 0 0 0 0 0 0 0 0 0 0 0 0 0 0 0 0 0 0 0 0 0 0 0 0 0 0 0 0 0 0 0 0 0 0 0 0 0 0 0 0 0 0 0 0 0 0 0 0 0 0 0 0 0 0 0 0 0 0 0 0 0 0 0 0 0 0 0 0 0 0 0 0 0 0 0 0 0 0 0 0 0 0 0 0 0 0 0 0 0 0 0 0 0 0 0 0 0 0 0 1 0
 #wt and selex for gender,fleet: 1 4
 0.010768 0.0193186 0.0498694 0.0981982 0.164417 0.247264 0.344696 0.454409 0.574136 0.701787 0.835512 0.973707 1.115 1.25825 1.4025 1.54698 1.69107 1.8343 1.97627 2.11662 2.25504 2.39123 2.52488 2.6557 2.78338 2.90765 3.02827 3.14501 3.2577 3.36622 3.47047 3.57042 3.66604 3.75737 3.84446 3.92739 4.00625 4.08115 4.15222 4.21958 4.28338 4.34375 4.40084 4.45478 4.50572 4.5538 4.59916 4.64192 4.68222 4.72019 4.75594 4.78959 4.82126 4.85104 4.87906 4.9054 4.93015 4.95342 4.97528 4.99581 5.01509 5.03319 5.05019 5.06614 5.08111 5.09516 5.10835 5.12071 5.13232 5.1432 5.1535 5.16325 5.1724 5.18098 5.18902 5.19656 5.20363 5.21025 5.21646 5.22228 5.22773 5.23284 5.23764 5.24212 5.24633 5.25027 5.25397 5.25743 5.26067 5.26371 5.26655 5.26922 5.27172 5.27406 5.27625 5.2783 5.28023 5.28203 5.28372 5.2853 5.28777
 0 0 0 0 0 0 0 0 0 0 0 0 0 0 0 0 0 0 0 0 0 0 0 0 0 0 0 0 0 0 0 0 0 0 0 0 0 0 0 0 0 0 0 0 0 0 0 0 0 0 0 0 0 0 0 0 0 0 0 0 0 0 0 0 0 0 0 0 0 0 0 0 0 0 0 0 0 0 0 0 0 0 0 0 0 0 0 0 0 0 0 0 0 0 0 0 0 0 0 1 0
 #wt and selex for gender,fleet: 1 5
 0.0108512 0.020813 0.0564991 0.111353 0.185394 0.276519 0.381819 0.49834 0.623403 0.754724 0.890421 1.02897 1.16917 1.31009 1.45101 1.59143 1.73101 1.86951 2.00674 2.14254 2.27672 2.40908 2.53937 2.66729 2.79254 2.9148 3.03379 3.14924 3.26093 3.36866 3.47231 3.57179 3.66707 3.75814 3.84504 3.92782 4.00657 4.08139 4.1524 4.21972 4.28349 4.34383 4.4009 4.45483 4.50576 4.55383 4.59918 4.64194 4.68224 4.7202 4.75595 4.7896 4.82126 4.85105 4.87906 4.9054 4.93016 4.95342 4.97528 4.99581 5.01509 5.03319 5.05019 5.06614 5.08111 5.09516 5.10835 5.12072 5.13232 5.1432 5.1535 5.16326 5.1724 5.18098 5.18902 5.19656 5.20363 5.21025 5.21646 5.22228 5.22773 5.23285 5.23764 5.24212 5.24633 5.25027 5.25397 5.25743 5.26067 5.26371 5.26655 5.26922 5.27172 5.27406 5.27625 5.2783 5.28023 5.28203 5.28372 5.2853 5.28777
 0 0 0 0 0 0 0 0 0 0 0 0 0 0 0 0 0 0 0 0 0 0 0 0 0 0 0 0 0 0 0 0 0 0 0 0 0 0 0 0 0 0 0 0 0 0 0 0 0 0 0 0 0 0 0 0 0 0 0 0 0 0 0 0 0 0 0 0 0 0 0 0 0 0 0 0 0 0 0 0 0 0 0 0 0 0 0 0 0 0 0 0 0 0 0 0 0 0 0 1 0
 #wt and selex for gender,fleet: 1 6
 0.0113687 0.0286534 0.0787437 0.146419 0.22871 0.319967 0.415831 0.513752 0.613176 0.715267 0.822066 0.935539 1.05691 1.18638 1.32314 1.46572 1.61229 1.76104 1.91034 2.05886 2.20555 2.34962 2.49045 2.62759 2.76069 2.88951 3.01386 3.13362 3.24871 3.35912 3.46485 3.56593 3.66242 3.75441 3.84201 3.92531 4.00446 4.07957 4.1508 4.21829 4.28218 4.34262 4.39975 4.45374 4.50471 4.55281 4.59818 4.64096 4.68126 4.71924 4.75499 4.78865 4.82032 4.85011 4.87812 4.90446 4.92922 4.95248 4.97434 4.99487 5.01415 5.03226 5.04925 5.06521 5.08018 5.09423 5.10741 5.11978 5.13138 5.14226 5.15256 5.16231 5.17145 5.18003 5.18807 5.1956 5.20267 5.20929 5.2155 5.22131 5.22677 5.23188 5.23666 5.24115 5.24536 5.2493 5.25299 5.25645 5.25969 5.26273 5.26557 5.26824 5.27073 5.27307 5.27526 5.27732 5.27924 5.28104 5.28273 5.28431 5.28678
 0 0 0 0 0 0 0 0 0 0 0 0 0 0 0 0 0 0 0 0 0 0 0 0 0 0 0 0 0 0 0 0 0 0 0 0 0 0 0 0 0 0 0 0 0 0 0 0 0 0 0 0 0 0 0 0 0 0 0 0 0 0 0 0 0 0 0 0 0 0 0 0 0 0 0 0 0 0 0 0 0 0 0 0 0 0 0 0 0 0 0 0 0 0 0 0 0 0 0 1 0
 #wt and selex for gender,fleet: 1 7
 0.0113489 0.0285776 0.0805101 0.153623 0.245788 0.351204 0.464716 0.582465 0.701847 0.821338 0.940366 1.05915 1.17848 1.29936 1.42275 1.54934 1.67938 1.81266 1.9486 2.08629 2.22466 2.36262 2.49916 2.63337 2.76455 2.89213 3.01571 3.135 3.24981 3.36006 3.4657 3.56673 3.6632 3.75519 3.84279 3.9261 4.00525 4.08038 4.15162 4.21912 4.28301 4.34346 4.40061 4.4546 4.50558 4.55368 4.59906 4.64184 4.68215 4.72013 4.75589 4.78955 4.82122 4.85101 4.87903 4.90538 4.93013 4.9534 4.97526 4.99579 5.01507 5.03318 5.05018 5.06613 5.0811 5.09516 5.10834 5.12071 5.13231 5.14319 5.15349 5.16325 5.1724 5.18097 5.18901 5.19655 5.20362 5.21024 5.21645 5.22227 5.22773 5.23284 5.23763 5.24212 5.24633 5.25027 5.25396 5.25742 5.26066 5.2637 5.26655 5.26921 5.27171 5.27405 5.27624 5.2783 5.28022 5.28202 5.28371 5.28529 5.28776
 0 0 0 0 0 0 0 0 0 0 0 0 0 0 0 0 0 0 0 0 0 0 0 0 0 0 0 0 0 0 0 0 0 0 0 0 0 0 0 0 0 0 0 0 0 0 0 0 0 0 0 0 0 0 0 0 0 0 0 0 0 0 0 0 0 0 0 0 0 0 0 0 0 0 0 0 0 0 0 0 0 0 0 0 0 0 0 0 0 0 0 0 0 0 0 0 0 0 0 1 0
# M and current age-structure in year Yinit: 2011
 # gender = 1
 0.0439034 0.0439034 0.0439034 0.0439034 0.0439034 0.0439034 0.0439034 0.0439034 0.0439034 0.0439034 0.0439034 0.0439034 0.0439034 0.0439034 0.0439034 0.0439034 0.0439034 0.0439034 0.0439034 0.0439034 0.0439034 0.0439034 0.0439034 0.0439034 0.0439034 0.0439034 0.0439034 0.0439034 0.0439034 0.0439034 0.0439034 0.0439034 0.0439034 0.0439034 0.0439034 0.0439034 0.0439034 0.0439034 0.0439034 0.0439034 0.0439034 0.0439034 0.0439034 0.0439034 0.0439034 0.0439034 0.0439034 0.0439034 0.0439034 0.0439034 0.0439034 0.0439034 0.0439034 0.0439034 0.0439034 0.0439034 0.0439034 0.0439034 0.0439034 0.0439034 0.0439034 0.0439034 0.0439034 0.0439034 0.0439034 0.0439034 0.0439034 0.0439034 0.0439034 0.0439034 0.0439034 0.0439034 0.0439034 0.0439034 0.0439034 0.0439034 0.0439034 0.0439034 0.0439034 0.0439034 0.0439034 0.0439034 0.0439034 0.0439034 0.0439034 0.0439034 0.0439034 0.0439034 0.0439034 0.0439034 0.0439034 0.0439034 0.0439034 0.0439034 0.0439034 0.0439034 0.0439034 0.0439034 0.0439034 0.0439034 0.0439034
 216.195 218.92 196.924 255.733 165.795 127.463 95.7976 71.122 143.491 298.091 102.59 73.895 146.472 70.9833 41.5792 34.0327 34.0821 71.0001 94.3516 34.6217 26.2786 27.7288 30.0097 30.6419 31.1974 29.897 34.0781 41.7625 31.699 38.0746 25.161 16.8178 12.2547 9.26849 9.86081 9.23901 8.71811 5.48094 5.08065 6.13853 9.33245 6.24279 4.6487 3.41342 2.59626 2.10093 1.60042 1.29714 1.22212 1.30309 1.4575 1.54167 1.44322 1.2517 1.07606 0.952275 0.884282 0.866016 0.892128 0.960563 1.06447 1.17487 1.22658 1.16601 1.03113 0.892819 0.78052 0.696254 0.63425 0.587466 0.551076 0.521804 0.49762 0.476961 0.458174 0.439818 0.420901 0.401269 0.381382 0.362048 0.343992 0.327662 0.313138 0.300327 0.288933 0.278597 0.268996 0.259861 0.250972 0.242197 0.233456 0.224711 0.215975 0.207315 0.198727 0.190169 0.181864 0.17385 0.166151 0.158784 3.53453
# Age-structure at Ydeclare= 2013
 114.755 106.794 198.019 200.512 180.358 234.194 151.799 116.659 87.6305 65.0134 131.064 272.055 93.5582 67.3441 133.412 64.6241 37.8407 30.9642 31.0029 64.576 85.8054 31.4833 23.8951 25.2127 27.2856 27.8594 28.3635 27.1802 30.9802 37.9644 28.8148 34.6087 22.8696 15.2856 11.1377 8.42344 8.96147 8.39614 7.92254 4.98064 4.61677 5.57791 8.47991 5.67235 4.22382 3.10137 2.35886 1.90879 1.45403 1.17848 1.11031 1.18385 1.32412 1.40058 1.31113 1.13713 0.97756 0.865105 0.803334 0.786737 0.810458 0.872626 0.967017 1.06731 1.11428 1.05925 0.93672 0.811076 0.709058 0.632506 0.576179 0.533677 0.500619 0.474027 0.452057 0.433289 0.416222 0.399546 0.382362 0.364527 0.346461 0.328897 0.312495 0.29766 0.284467 0.272829 0.262478 0.253088 0.244367 0.236068 0.227993 0.220021 0.212081 0.204137 0.196201 0.188334 0.180532 0.172758 0.165213 0.157933 3.50612
# Year for Tmin Age-structure (set to Ydecl by SS)
2013
#  recruitment and biomass
# Number of historical assessment years
129
# Historical data
# year recruitment spawner in B0 in R project in R/S project
1888  1889 1890 1891 1892 1893 1894 1895 1896 1897 1898 1899 1900 1901 1902 1903 1904 1905 1906 1907 1908 1909 1910 1911 1912 1913 1914 1915 1916 1917 1918 1919 1920 1921 1922 1923 1924 1925 1926 1927 1928 1929 1930 1931 1932 1933 1934 1935 1936 1937 1938 1939 1940 1941 1942 1943 1944 1945 1946 1947 1948 1949 1950 1951 1952 1953 1954 1955 1956 1957 1958 1959 1960 1961 1962 1963 1964 1965 1966 1967 1968 1969 1970 1971 1972 1973 1974 1975 1976 1977 1978 1979 1980 1981 1982 1983 1984 1985 1986 1987 1988 1989 1990 1991 1992 1993 1994 1995 1996 1997 1998 1999 2000 2001 2002 2003 2004 2005 2006 2007 2008 2009 2010 2011 2012 2013 2014 2015 2016 #years (with first value representing R0)
217.699 214.822 214.729 214.634 214.536 214.428 214.317 214.203 214.091 213.977 213.861 213.742 213.616 213.489 213.363 213.224 213.084 212.944 212.807 212.682 212.561 212.441 212.326 212.211 212.095 211.955 211.773 211.511 211.136 210.598 209.677 208.447 206.94 205.117 202.996 200.631 198.097 195.496 192.969 190.665 188.739 187.333 186.522 186.253 186.384 186.616 186.575 185.931 184.572 182.665 180.673 179.138 178.562 179.311 181.807 186.729 195.034 208.042 226.454 248.864 267.762 267.97 244.152 210.381 180.516 159.378 147.028 142.612 145.808 156.31 172.337 188.107 189.924 169.382 142.51 125.405 124.437 142.91 173.777 197.798 238.041 294.737 357.332 478.752 280.186 204.877 193.949 268.992 247.07 227.262 183.1 206.441 240.435 304.071 387.919 272.091 302.637 209.383 156.885 141.114 120.778 104.314 86.0962 73.804 89.0345 224.67 158.048 71.4414 67.5387 78.3886 127.422 250.677 120.679 159.969 444.036 204.286 96.8163 124.734 158.787 197.64 291.742 214.998 228.746 216.195 111.587 114.755 117.488 137.538 173.029  #recruits; first value is R0 (virgin)
2258.13  2258.13 2258.12 2258.11 2258.1 2257.23 2256.38 2255.55 2255.35 2255.32 2255.29 2255.27 2255.19 2255.07 2254.87 2254.6 2254.25 2253.8 2253.28 2252.68 2252 2251.02 2250.2 2249.31 2248.36 2247.35 2246.28 2245.17 2243.85 2242.12 2240.01 2233.73 2230.57 2227.62 2224.76 2222.42 2219.9 2216.24 2211.83 2205.77 2198.23 2190.83 2184.32 2177.08 2171.85 2166.87 2161.85 2155.68 2149.42 2141.13 2133.32 2124.86 2117.63 2108.07 2095.48 2082.22 2059.92 2036.34 2002.35 1971.13 1955.69 1938.92 1925.72 1911.13 1893.55 1878.59 1867.4 1854.3 1842.16 1830.17 1816.11 1803.62 1793.34 1785.37 1781.06 1775.4 1773.14 1773.5 1754.56 1750.09 1742.35 1734.27 1708.15 1691.54 1668.64 1639.4 1607.37 1571.77 1536.87 1496.49 1456.87 1392.15 1330.07 1281.99 1218.86 1113.12 1016.43 964.066 887.63 844.973 797.214 754.069 699.369 660.602 595.442 536.275 480.076 451.46 422.702 390.089 353.124 343.546 324.755 331.215 336.229 351.79 368.004 384.911 401.972 419.939 437.208 455.606 474.42 495.38 517.658 541.206 566.686 594.066 622.11 #spbio; first value is SSB_virgin (virgin)
1 0 0 0 0 0 0 0 0 0 0 0 0 0 0 0 0 0 0 0 0 0 0 0 0 0 0 0 0 0 0 0 0 0 0 0 0 0 0 0 0 0 0 0 0 0 0 0 0 0 0 0 0 0 0 0 0 0 0 0 0 0 0 0 0 0 0 0 0 0 0 0 0 0 0 0 0 0 0 0 0 0 0 0 0 0 0 0 0 0 0 0 0 0 0 0 0 0 0 0 0 0 0 0 0 0 0 0 0 0 0 0 0 0 0 0 0 0 0 0 0 0 0 0 0 0 0 0 0  # in Bzero
0 1 1 1 1 1 1 1 1 1 1 1 1 1 1 1 1 1 1 1 1 1 1 1 1 1 1 1 1 1 1 1 1 1 1 1 1 1 1 1 1 1 1 1 1 1 1 1 1 1 1 1 1 1 1 1 1 1 1 1 1 1 1 1 1 1 1 1 1 1 1 1 1 1 1 1 1 1 1 1 1 1 1 1 1 1 1 1 1 1 1 1 1 1 1 1 1 1 1 1 1 1 1 1 1 1 1 1 1 1 1 1 1 1 1 1 1 1 1 1 1 1 1 1 1 1  0 0 0 # in R project
0 1 1 1 1 1 1 1 1 1 1 1 1 1 1 1 1 1 1 1 1 1 1 1 1 1 1 1 1 1 1 1 1 1 1 1 1 1 1 1 1 1 1 1 1 1 1 1 1 1 1 1 1 1 1 1 1 1 1 1 1 1 1 1 1 1 1 1 1 1 1 1 1 1 1 1 1 1 1 1 1 1 1 1 1 1 1 1 1 1 1 1 1 1 1 1 1 1 1 1 1 1 1 1 1 1 1 1 1 1 1 1 1 1 1 1 1 1 1 1 1 1 1 1 1 1  0 0 0 # in R/S project
# Number of years with pre-specified catches
0
# catches for years with pre-specified catches go next
# Number of future recruitments to override
-2
# Process for overiding (-1 for average otherwise index in data list)
# Which probability to product detailed results for (1=0.5; 2=0.6; etc.)
3
# Steepness sigma-R Auto-correlation
0.718 0.5 0
# Target SPR rate (FMSY Proxy); manually change to SPR_MSY if not using SPR_target
0.5
# Discount rate (for cumulative catch)
0.1
# Truncate the series when 0.4B0 is reached (1=Yes)
0
# Set F to FMSY once 0.4B0 is reached (1=Yes)
0
# Maximum possible F for projection (-1 to set to FMSY)
-1
# Defintion of recovery (1=now only;2=now or before)
2
# Projection type
4
# Definition of the 40-10 rule
10 40
# Calculate coefficients of variation (1=Yes)
0
# Number of replicates to use
10
# Random number seed
-99004
# File with multiple parameter vectors 
rebuild.SSO
# User-specific projection (1=Yes); Output replaced (1->9)
0  5
# Catches and Fs (Year; 1/2/3 (F or C or SPR); value); Final row is -1
2016 1 1
-1 -1 -1
# Fixed catch project (1=Yes); Output replaced (1->9); Approach (-1=Read in else 1-9)
0 2 -1
# Split of Fs
2011  0.00052604
 0
 0.166021
 0.00691179
 0.266723
 0.243719
 0.3161
-1  1 1 1 1 1 1 1 1 1 1 1 1
# Yrs to define T_target for projection type 4 (a.k.a. 5 pre-specified inputs)
2022 2023 2024 2025 2026 
# Year for probability of recovery
2026 2027 2028 2029 2030 2031 2032 2033
# Time varying weight-at-age (1=Yes;0=No)
0
# File with time series of weight-at-age data
none
# Use bisection (0) or linear interpolation (1)
1
# Target Depletion
0.4
# CV of implementation error
0
