#Title, #runnumber: 261 yelloweye_data.ss yelloweye_control.ss 5682.79 2273.18 637.739 StartTime: Tue Jul 11 22:50:34 2017
SSv3_default_rebuild.dat
# Number of sexes
1
# Age range to consider (minimum age; maximum age)
0 100
# Number of fleets
12
# First year of projection (Yinit)
2011
# First Year of rebuilding period (Ydecl)
2013
# Number of simulations
1000
# Maximum number of years
500
# Conduct projections with multiple starting values (0=No;else yes)
0
# Number of parameter vectors
1000
# Is the maximum age a plus-group (1=Yes;2=No)
1
# Generate future recruitments using historical recruitments (1)  historical recruits/spawner (2)  or a stock-recruitment (3)
3
# Constant fishing mortality (1) or constant Catch (2) projections
1
# Fishing mortality based on SPR (1) or actual rate (2)
1
# Pre-specify the year of recovery (or -1) to ignore
-1
# Fecundity-at-age
# 0 1 2 3 4 5 6 7 8 9 10 11 12 13 14 15 16 17 18 19 20 21 22 23 24 25 26 27 28 29 30 31 32 33 34 35 36 37 38 39 40 41 42 43 44 45 46 47 48 49 50 51 52 53 54 55 56 57 58 59 60 61 62 63 64 65 66 67 68 69 70 71 72 73 74 75 76 77 78 79 80 81 82 83 84 85 86 87 88 89 90 91 92 93 94 95 96 97 98 99 100 #runnumber: 261 yelloweye_data.ss yelloweye_control.ss 5682.79 2273.18 637.739
 0 0 6.9965e-008 8.08087e-007 6.60041e-006 4.14792e-005 0.000208598 0.000848902 0.00280079 0.00756802 0.0171155 0.0332931 0.0572277 0.0890219 0.127838 0.172226 0.220509 0.271086 0.322611 0.374063 0.424728 0.474148 0.522059 0.568326 0.612897 0.655771 0.696969 0.736525 0.774477 0.810864 0.845721 0.879084 0.910988 0.941469 0.97056 0.998298 1.02472 1.04987 1.07378 1.09649 1.11804 1.13848 1.15785 1.17619 1.19355 1.20996 1.22547 1.24011 1.25394 1.26698 1.27928 1.29088 1.3018 1.31208 1.32177 1.33088 1.33945 1.34752 1.3551 1.36222 1.36892 1.37521 1.38112 1.38667 1.39188 1.39677 1.40136 1.40567 1.40971 1.4135 1.41706 1.42048 1.42369 1.4267 1.42952 1.43217 1.43465 1.43697 1.43915 1.44119 1.44311 1.4449 1.44658 1.44816 1.44963 1.45101 1.45231 1.45352 1.45466 1.45573 1.45672 1.45766 1.45853 1.45935 1.46012 1.46084 1.46151 1.46214 1.46273 1.46329 1.46415 #female fecundity; weighted by N in year Y_init across morphs and areas
# Age specific selectivity and weight adjusted for discard and discard mortality
 #wt and selex for gender,fleet: 1 1
 0.0107139 0.0209064 0.059821 0.118086 0.195268 0.288232 0.393328 0.507256 0.627317 0.751444 0.87818 1.00665 1.13649 1.26772 1.40054 1.53517 1.67167 1.80985 1.94929 2.08933 2.2292 2.36806 2.5051 2.63959 2.7709 2.89855 3.02215 3.14145 3.25625 3.36647 3.47206 3.57302 3.6694 3.76127 3.84873 3.93189 4.01087 4.0858 4.15683 4.22411 4.28778 4.34799 4.40489 4.45863 4.50935 4.5572 4.60232 4.64484 4.6849 4.72262 4.75812 4.79153 4.82296 4.85251 4.88029 4.9064 4.93093 4.95398 4.97562 4.99595 5.01503 5.03294 5.04974 5.06551 5.08031 5.09419 5.10721 5.11942 5.13087 5.14161 5.15177 5.16138 5.1704 5.17885 5.18677 5.1942 5.20115 5.20767 5.21378 5.21951 5.22487 5.22989 5.2346 5.23901 5.24314 5.24701 5.25063 5.25403 5.25721 5.26018 5.26297 5.26558 5.26803 5.27032 5.27247 5.27448 5.27636 5.27812 5.27977 5.28132 5.28372
 0 0 0 0 0 0 0 0 0 0 0 0 0 0 0 0 0 0 0 0 0 0 0 0 0 0 0 0 0 0 0 0 0 0 0 0 0 0 0 0 0 0 0 0 0 0 0 0 0 0 0 0 0 0 0 0 0 0 0 0 0 0 0 0 0 0 0 0 0 0 0 0 0 0 0 0 0 0 0 0 0 0 0 0 0 0 0 0 0 0 0 0 0 0 0 0 0 0 0 1 0
 #wt and selex for gender,fleet: 1 3
 0.0106373 0.0194722 0.0535829 0.105795 0.175618 0.260723 0.358193 0.465245 0.579497 0.699092 0.822776 0.9499 1.08029 1.214 1.35106 1.49128 1.63417 1.77898 1.92476 2.07049 2.21517 2.35791 2.49794 2.63465 2.76757 2.89633 3.0207 3.1405 3.25565 3.36608 3.47181 3.57286 3.6693 3.76121 3.84869 3.93186 4.01085 4.08579 4.15683 4.22411 4.28778 4.34799 4.40489 4.45863 4.50935 4.5572 4.60232 4.64484 4.6849 4.72262 4.75812 4.79153 4.82296 4.85251 4.88029 4.9064 4.93093 4.95398 4.97562 4.99595 5.01503 5.03293 5.04974 5.06551 5.08031 5.09419 5.10721 5.11942 5.13087 5.14161 5.15177 5.16138 5.1704 5.17885 5.18677 5.1942 5.20115 5.20767 5.21378 5.21951 5.22487 5.22989 5.2346 5.23901 5.24314 5.24701 5.25063 5.25403 5.2572 5.26018 5.26297 5.26558 5.26803 5.27032 5.27247 5.27448 5.27636 5.27812 5.27977 5.28132 5.28372
 0 0 0 0 0 0 0 0 0 0 0 0 0 0 0 0 0 0 0 0 0 0 0 0 0 0 0 0 0 0 0 0 0 0 0 0 0 0 0 0 0 0 0 0 0 0 0 0 0 0 0 0 0 0 0 0 0 0 0 0 0 0 0 0 0 0 0 0 0 0 0 0 0 0 0 0 0 0 0 0 0 0 0 0 0 0 0 0 0 0 0 0 0 0 0 0 0 0 0 1 0
 #wt and selex for gender,fleet: 1 4
 0.0105786 0.0183606 0.0484783 0.0965746 0.162759 0.245736 0.343395 0.453366 0.57333 0.701165 0.835 0.973228 1.11449 1.25765 1.40179 1.54619 1.69026 1.83357 1.97573 2.1164 2.25525 2.39197 2.52622 2.65766 2.78596 2.91082 3.03198 3.14919 3.26228 3.37112 3.47562 3.57573 3.67146 3.76283 3.84991 3.93278 4.01155 4.08632 4.15723 4.22442 4.28802 4.34817 4.40503 4.45874 4.50944 4.55727 4.60238 4.64489 4.68494 4.72265 4.75815 4.79155 4.82298 4.85252 4.8803 4.90641 4.93094 4.95399 4.97563 4.99595 5.01503 5.03294 5.04975 5.06552 5.08031 5.09419 5.10721 5.11942 5.13087 5.14161 5.15177 5.16139 5.1704 5.17886 5.18678 5.1942 5.20116 5.20768 5.21378 5.21951 5.22487 5.22989 5.2346 5.23901 5.24314 5.24701 5.25063 5.25403 5.25721 5.26019 5.26297 5.26559 5.26803 5.27032 5.27247 5.27448 5.27636 5.27812 5.27977 5.28132 5.28372
 0 0 0 0 0 0 0 0 0 0 0 0 0 0 0 0 0 0 0 0 0 0 0 0 0 0 0 0 0 0 0 0 0 0 0 0 0 0 0 0 0 0 0 0 0 0 0 0 0 0 0 0 0 0 0 0 0 0 0 0 0 0 0 0 0 0 0 0 0 0 0 0 0 0 0 0 0 0 0 0 0 0 0 0 0 0 0 0 0 0 0 0 0 0 0 0 0 0 0 1 0
 #wt and selex for gender,fleet: 1 5
 0.0106479 0.0196902 0.0549781 0.109669 0.183803 0.275229 0.380947 0.497914 0.623393 0.755059 0.891013 1.02973 1.17001 1.31094 1.45185 1.59227 1.73187 1.87046 2.00786 2.14393 2.27846 2.41124 2.54198 2.67038 2.79611 2.91883 3.03823 3.15403 3.26601 3.37397 3.47779 3.57738 3.67271 3.76378 3.85063 3.93333 4.01196 4.08664 4.15748 4.22461 4.28816 4.34829 4.40512 4.45881 4.5095 4.55732 4.60241 4.64492 4.68496 4.72267 4.75817 4.79157 4.82299 4.85254 4.88031 4.90642 4.93095 4.95399 4.97564 4.99596 5.01504 5.03294 5.04975 5.06552 5.08032 5.0942 5.10722 5.11943 5.13087 5.14161 5.15177 5.16139 5.17041 5.17886 5.18678 5.1942 5.20116 5.20768 5.21379 5.21951 5.22487 5.2299 5.2346 5.23901 5.24314 5.24701 5.25063 5.25403 5.25721 5.26019 5.26298 5.26559 5.26803 5.27033 5.27247 5.27448 5.27636 5.27812 5.27977 5.28132 5.28373
 0 0 0 0 0 0 0 0 0 0 0 0 0 0 0 0 0 0 0 0 0 0 0 0 0 0 0 0 0 0 0 0 0 0 0 0 0 0 0 0 0 0 0 0 0 0 0 0 0 0 0 0 0 0 0 0 0 0 0 0 0 0 0 0 0 0 0 0 0 0 0 0 0 0 0 0 0 0 0 0 0 0 0 0 0 0 0 0 0 0 0 0 0 0 0 0 0 0 0 1 0
 #wt and selex for gender,fleet: 1 6
 0.0110835 0.0269044 0.0769911 0.144694 0.227215 0.318721 0.414732 0.512671 0.612038 0.714096 0.820969 0.934674 1.05644 1.18644 1.32383 1.46707 1.61431 1.7637 1.91359 2.06265 2.20982 2.35431 2.49551 2.63297 2.76634 2.89537 3.01988 3.13976 3.25493 3.36538 3.4711 3.57214 3.66856 3.76045 3.84792 3.93108 4.01005 4.08498 4.15601 4.22327 4.28693 4.34714 4.40403 4.45776 4.50848 4.55632 4.60143 4.64395 4.684 4.72172 4.75722 4.79062 4.82205 4.85159 4.87937 4.90548 4.93001 4.95306 4.9747 4.99502 5.0141 5.03201 5.04881 5.06458 5.07938 5.09326 5.10628 5.11848 5.12993 5.14067 5.15083 5.16044 5.16946 5.1779 5.18582 5.19324 5.2002 5.20671 5.21282 5.21854 5.2239 5.22892 5.23363 5.23803 5.24216 5.24603 5.24965 5.25305 5.25623 5.2592 5.26199 5.2646 5.26705 5.26934 5.27148 5.27349 5.27537 5.27713 5.27878 5.28033 5.28273
 0 0 0 0 0 0 0 0 0 0 0 0 0 0 0 0 0 0 0 0 0 0 0 0 0 0 0 0 0 0 0 0 0 0 0 0 0 0 0 0 0 0 0 0 0 0 0 0 0 0 0 0 0 0 0 0 0 0 0 0 0 0 0 0 0 0 0 0 0 0 0 0 0 0 0 0 0 0 0 0 0 0 0 0 0 0 0 0 0 0 0 0 0 0 0 0 0 0 0 1 0
 #wt and selex for gender,fleet: 1 7
 0.0105047 0.0169419 0.0413575 0.499809 0.525438 0.554458 0.590745 0.634749 0.688781 0.755633 0.837609 0.935811 1.04971 1.17722 1.31525 1.46046 1.60983 1.76097 1.91212 2.06198 2.20965 2.35443 2.49581 2.63337 2.76681 2.89589 3.02044 3.14036 3.25556 3.36604 3.47178 3.57285 3.66929 3.7612 3.84869 3.93186 4.01085 4.08579 4.15683 4.22411 4.28778 4.34799 4.40489 4.45863 4.50935 4.5572 4.60232 4.64484 4.6849 4.72262 4.75812 4.79153 4.82296 4.85251 4.88029 4.9064 4.93093 4.95398 4.97562 4.99595 5.01503 5.03293 5.04974 5.06551 5.08031 5.09419 5.10721 5.11942 5.13087 5.1416 5.15177 5.16138 5.1704 5.17885 5.18677 5.1942 5.20115 5.20767 5.21378 5.21951 5.22487 5.22989 5.2346 5.23901 5.24314 5.24701 5.25063 5.25403 5.2572 5.26018 5.26297 5.26558 5.26803 5.27032 5.27247 5.27448 5.27636 5.27812 5.27977 5.28132 5.28372
 0 0 0 0 0 0 0 0 0 0 0 0 0 0 0 0 0 0 0 0 0 0 0 0 0 0 0 0 0 0 0 0 0 0 0 0 0 0 0 0 0 0 0 0 0 0 0 0 0 0 0 0 0 0 0 0 0 0 0 0 0 0 0 0 0 0 0 0 0 0 0 0 0 0 0 0 0 0 0 0 0 0 0 0 0 0 0 0 0 0 0 0 0 0 0 0 0 0 0 1 0
# M and current age-structure in year Yinit: 2011
 # gender = 1
 0.0439034 0.0439034 0.0439034 0.0439034 0.0439034 0.0439034 0.0439034 0.0439034 0.0439034 0.0439034 0.0439034 0.0439034 0.0439034 0.0439034 0.0439034 0.0439034 0.0439034 0.0439034 0.0439034 0.0439034 0.0439034 0.0439034 0.0439034 0.0439034 0.0439034 0.0439034 0.0439034 0.0439034 0.0439034 0.0439034 0.0439034 0.0439034 0.0439034 0.0439034 0.0439034 0.0439034 0.0439034 0.0439034 0.0439034 0.0439034 0.0439034 0.0439034 0.0439034 0.0439034 0.0439034 0.0439034 0.0439034 0.0439034 0.0439034 0.0439034 0.0439034 0.0439034 0.0439034 0.0439034 0.0439034 0.0439034 0.0439034 0.0439034 0.0439034 0.0439034 0.0439034 0.0439034 0.0439034 0.0439034 0.0439034 0.0439034 0.0439034 0.0439034 0.0439034 0.0439034 0.0439034 0.0439034 0.0439034 0.0439034 0.0439034 0.0439034 0.0439034 0.0439034 0.0439034 0.0439034 0.0439034 0.0439034 0.0439034 0.0439034 0.0439034 0.0439034 0.0439034 0.0439034 0.0439034 0.0439034 0.0439034 0.0439034 0.0439034 0.0439034 0.0439034 0.0439034 0.0439034 0.0439034 0.0439034 0.0439034 0.0439034
 229.888 241.579 210.997 280.56 174.58 129.668 95.9579 70.2327 143.617 293.628 98.311 71.3654 143.812 68.9684 40.3728 33.0328 33.0665 69.6105 90.4192 33.0686 25.1805 26.6543 28.971 29.6697 30.3233 29.1629 33.3359 41.2521 30.4248 37.4007 24.344 16.1594 12.0512 9.03261 9.57003 8.99591 8.48197 5.36103 4.96839 6.01018 9.09651 6.19634 4.60845 3.39438 2.58626 2.09427 1.59664 1.29548 1.22171 1.30316 1.45671 1.53879 1.43982 1.24957 1.0752 0.952238 0.884728 0.866755 0.893036 0.961432 1.06478 1.1737 1.22356 1.1628 1.02917 0.891984 0.780329 0.696384 0.634523 0.58779 0.551408 0.522119 0.497899 0.477187 0.458345 0.439945 0.42101 0.401387 0.38153 0.362234 0.344217 0.327918 0.313418 0.300622 0.289237 0.278908 0.269313 0.260184 0.251304 0.24254 0.233812 0.225083 0.216364 0.207722 0.199152 0.190614 0.182328 0.174332 0.166649 0.159296 3.56145
# Age-structure at Ydeclare= 2013
 116.067 108.963 210.562 221.266 193.247 256.933 159.844 118.676 87.7678 64.1829 131.121 267.835 89.6067 65.0079 130.942 62.7758 36.7391 30.0546 30.0815 63.3207 82.2438 30.0772 22.9018 24.2415 26.3478 26.9826 27.5762 26.5202 30.314 37.5113 27.6648 34.0065 22.1339 14.6918 10.9563 8.21173 8.70007 8.17793 7.71054 4.87334 4.51631 5.4632 8.26845 5.63216 4.18876 3.0852 2.35064 1.90345 1.45114 1.17741 1.11035 1.18437 1.32391 1.3985 1.30855 1.13563 0.977159 0.865409 0.804052 0.787717 0.8116 0.873757 0.967682 1.06666 1.11197 1.05676 0.935311 0.810636 0.709163 0.632873 0.576653 0.534182 0.501118 0.4745 0.452488 0.433665 0.416542 0.39982 0.382612 0.364779 0.346732 0.329197 0.312822 0.29801 0.284833 0.273204 0.262858 0.253471 0.244751 0.236455 0.228385 0.22042 0.212488 0.204555 0.196631 0.188777 0.18099 0.17323 0.165699 0.158433 3.53288
# Year for Tmin Age-structure (set to Ydecl by SS)
2013
#  recruitment and biomass
# Number of historical assessment years
129
# Historical data
# year recruitment spawner in B0 in R project in R/S project
1888  1889 1890 1891 1892 1893 1894 1895 1896 1897 1898 1899 1900 1901 1902 1903 1904 1905 1906 1907 1908 1909 1910 1911 1912 1913 1914 1915 1916 1917 1918 1919 1920 1921 1922 1923 1924 1925 1926 1927 1928 1929 1930 1931 1932 1933 1934 1935 1936 1937 1938 1939 1940 1941 1942 1943 1944 1945 1946 1947 1948 1949 1950 1951 1952 1953 1954 1955 1956 1957 1958 1959 1960 1961 1962 1963 1964 1965 1966 1967 1968 1969 1970 1971 1972 1973 1974 1975 1976 1977 1978 1979 1980 1981 1982 1983 1984 1985 1986 1987 1988 1989 1990 1991 1992 1993 1994 1995 1996 1997 1998 1999 2000 2001 2002 2003 2004 2005 2006 2007 2008 2009 2010 2011 2012 2013 2014 2015 2016 #years (with first value representing R0)
218.868 215.139 215.019 214.895 214.767 214.629 214.487 214.34 214.195 214.047 213.896 213.741 213.578 213.414 213.249 213.07 212.889 212.708 212.529 212.359 212.194 212.029 211.868 211.708 211.545 211.36 211.134 210.83 210.414 209.84 208.889 207.636 206.111 204.279 202.155 199.792 197.266 194.675 192.158 189.863 187.94 186.53 185.707 185.416 185.519 185.721 185.657 185.002 183.646 181.756 179.787 178.27 177.702 178.449 180.926 185.805 194.027 206.885 225.043 247.081 265.622 265.91 242.636 209.354 179.754 158.735 146.426 142 145.132 155.508 171.355 186.993 188.994 168.888 142.293 125.282 124.325 142.785 173.672 197.743 237.78 293.756 356.894 470.012 276.566 202.15 191.527 264.339 243.101 223.044 180.676 205.939 234.873 299.724 388.746 266.53 304.951 208.784 155.89 139.645 118.975 102.312 83.8999 71.4938 85.7102 216.408 155.44 69.4587 65.668 76.2302 123.961 246.366 116.631 153.366 437.487 204.479 95.6053 124.941 161.532 208.111 320.065 230.363 252.422 229.888 113.854 116.067 118.783 136.704 172.526  #recruits; first value is R0 (virgin)
2273.18  2273.18 2273.17 2273.16 2273.14 2272.27 2271.43 2270.6 2270.4 2270.37 2270.33 2270.3 2270.2 2270.05 2269.81 2269.47 2269.04 2268.49 2267.85 2267.1 2266.27 2265.11 2264.09 2263 2261.82 2260.58 2259.27 2257.89 2256.31 2254.3 2251.91 2245.32 2241.87 2238.6 2235.42 2232.76 2229.9 2225.91 2221.15 2214.75 2206.85 2199.09 2192.22 2184.61 2179.01 2173.67 2168.27 2161.74 2155.11 2146.45 2138.28 2129.47 2121.88 2111.98 2099.05 2085.44 2062.81 2038.89 2004.56 1973.01 1957.26 1940.19 1926.69 1911.81 1893.95 1878.72 1867.25 1853.89 1841.48 1829.23 1814.91 1802.15 1791.61 1783.37 1778.8 1772.89 1770.38 1770.51 1751.35 1746.66 1738.71 1730.44 1704.13 1687.35 1664.3 1634.92 1602.76 1567.04 1532.14 1491.78 1452.31 1387.64 1325.46 1277.35 1214.19 1108.46 1011.77 959.47 882.855 839.957 791.573 747.803 692.453 653.362 588.825 530.189 474.528 445.986 417.235 384.577 347.516 337.984 319.052 325.483 330.526 345.587 361.248 377.626 394.133 411.471 428.119 445.886 464.065 484.403 506.062 529.029 553.914 580.778 608.413 #spbio; first value is SSB_virgin (virgin)
1 0 0 0 0 0 0 0 0 0 0 0 0 0 0 0 0 0 0 0 0 0 0 0 0 0 0 0 0 0 0 0 0 0 0 0 0 0 0 0 0 0 0 0 0 0 0 0 0 0 0 0 0 0 0 0 0 0 0 0 0 0 0 0 0 0 0 0 0 0 0 0 0 0 0 0 0 0 0 0 0 0 0 0 0 0 0 0 0 0 0 0 0 0 0 0 0 0 0 0 0 0 0 0 0 0 0 0 0 0 0 0 0 0 0 0 0 0 0 0 0 0 0 0 0 0 0 0 0  # in Bzero
0 1 1 1 1 1 1 1 1 1 1 1 1 1 1 1 1 1 1 1 1 1 1 1 1 1 1 1 1 1 1 1 1 1 1 1 1 1 1 1 1 1 1 1 1 1 1 1 1 1 1 1 1 1 1 1 1 1 1 1 1 1 1 1 1 1 1 1 1 1 1 1 1 1 1 1 1 1 1 1 1 1 1 1 1 1 1 1 1 1 1 1 1 1 1 1 1 1 1 1 1 1 1 1 1 1 1 1 1 1 1 1 1 1 1 1 1 1 1 1 1 1 1 1 1 1  0 0 0 # in R project
0 1 1 1 1 1 1 1 1 1 1 1 1 1 1 1 1 1 1 1 1 1 1 1 1 1 1 1 1 1 1 1 1 1 1 1 1 1 1 1 1 1 1 1 1 1 1 1 1 1 1 1 1 1 1 1 1 1 1 1 1 1 1 1 1 1 1 1 1 1 1 1 1 1 1 1 1 1 1 1 1 1 1 1 1 1 1 1 1 1 1 1 1 1 1 1 1 1 1 1 1 1 1 1 1 1 1 1 1 1 1 1 1 1 1 1 1 1 1 1 1 1 1 1 1 1  0 0 0 # in R/S project
# Number of years with pre-specified catches
0
# catches for years with pre-specified catches go next
# Number of future recruitments to override
-2
# Process for overiding (-1 for average otherwise index in data list)
# Which probability to product detailed results for (1=0.5; 2=0.6; etc.)
3
# Steepness sigma-R Auto-correlation
0.718 0.5 0
# Target SPR rate (FMSY Proxy); manually change to SPR_MSY if not using SPR_target
0.5
# Discount rate (for cumulative catch)
0.1
# Truncate the series when 0.4B0 is reached (1=Yes)
0
# Set F to FMSY once 0.4B0 is reached (1=Yes)
0
# Maximum possible F for projection (-1 to set to FMSY)
-1
# Defintion of recovery (1=now only;2=now or before)
2
# Projection type
4
# Definition of the 40-10 rule
10 40
# Calculate coefficients of variation (1=Yes)
0
# Number of replicates to use
10
# Random number seed
-99004
# File with multiple parameter vectors 
rebuild.SSO
# User-specific projection (1=Yes); Output replaced (1->9)
0  5
# Catches and Fs (Year; 1/2/3 (F or C or SPR); value); Final row is -1
2016 1 1
-1 -1 -1
# Fixed catch project (1=Yes); Output replaced (1->9); Approach (-1=Read in else 1-9)
0 2 -1
# Split of Fs
2011  0.000549494
 0
 0.173674
 0.00733199
 0.284074
 0.259471
 0.274899
-1  1 1 1 1 1 1 1 1 1 1 1 1
# Yrs to define T_target for projection type 4 (a.k.a. 5 pre-specified inputs)
2022 2023 2024 2025 2026 
# Year for probability of recovery
2026 2027 2028 2029 2030 2031 2032 2033
# Time varying weight-at-age (1=Yes;0=No)
0
# File with time series of weight-at-age data
none
# Use bisection (0) or linear interpolation (1)
1
# Target Depletion
0.4
# CV of implementation error
0
