#Title, #runnumber: 272 yelloweye_data.ss yelloweye_control.ss 5721.48 2295.67 351.036 StartTime: Fri Jul 21 12:45:21 2017
SSv3_default_rebuild.dat
# Number of sexes
1
# Age range to consider (minimum age; maximum age)
0 100
# Number of fleets
12
# First year of projection (Yinit)
2011
# First Year of rebuilding period (Ydecl)
2013
# Number of simulations
1000
# Maximum number of years
500
# Conduct projections with multiple starting values (0=No;else yes)
0
# Number of parameter vectors
1000
# Is the maximum age a plus-group (1=Yes;2=No)
1
# Generate future recruitments using historical recruitments (1)  historical recruits/spawner (2)  or a stock-recruitment (3)
3
# Constant fishing mortality (1) or constant Catch (2) projections
1
# Fishing mortality based on SPR (1) or actual rate (2)
1
# Pre-specify the year of recovery (or -1) to ignore
-1
# Fecundity-at-age
# 0 1 2 3 4 5 6 7 8 9 10 11 12 13 14 15 16 17 18 19 20 21 22 23 24 25 26 27 28 29 30 31 32 33 34 35 36 37 38 39 40 41 42 43 44 45 46 47 48 49 50 51 52 53 54 55 56 57 58 59 60 61 62 63 64 65 66 67 68 69 70 71 72 73 74 75 76 77 78 79 80 81 82 83 84 85 86 87 88 89 90 91 92 93 94 95 96 97 98 99 100 #runnumber: 272 yelloweye_data.ss yelloweye_control.ss 5721.48 2295.67 351.036
 0 0 4.00241e-008 4.84306e-007 4.21747e-006 2.84554e-005 0.000153807 0.000669787 0.0023428 0.00663582 0.0155643 0.0311212 0.0546032 0.0862307 0.125191 0.169977 0.218806 0.269967 0.322023 0.373894 0.424839 0.474401 0.52233 0.568516 0.612935 0.655608 0.69658 0.735902 0.773627 0.8098 0.844465 0.877662 0.909427 0.939797 0.968805 0.996488 1.02288 1.04802 1.07194 1.09469 1.1163 1.13681 1.15626 1.1747 1.19216 1.20868 1.22431 1.23909 1.25305 1.26623 1.27867 1.29041 1.30147 1.31191 1.32173 1.33099 1.33971 1.34791 1.35563 1.3629 1.36973 1.37615 1.38219 1.38786 1.39319 1.3982 1.40291 1.40733 1.41148 1.41538 1.41903 1.42256 1.42586 1.42896 1.43187 1.43461 1.43717 1.43957 1.44183 1.44394 1.44593 1.44779 1.44953 1.45117 1.4527 1.45414 1.45549 1.45675 1.45794 1.45905 1.46009 1.46107 1.46198 1.46284 1.46365 1.4644 1.46511 1.46577 1.46639 1.46697 1.46788 #female fecundity; weighted by N in year Y_init across morphs and areas
# Age specific selectivity and weight adjusted for discard and discard mortality
 #wt and selex for gender,fleet: 1 1
 0.0115718 0.0258604 0.0666176 0.126217 0.203937 0.296768 0.401331 0.514557 0.63391 0.757414 0.883642 1.0117 1.14118 1.27204 1.40443 1.53852 1.67433 1.81168 1.95017 2.08917 2.22794 2.3657 2.50167 2.63515 2.76554 2.89236 3.01525 3.13393 3.24823 3.35805 3.46333 3.56408 3.66034 3.75216 3.83964 3.92288 4.00201 4.07714 4.14841 4.21598 4.27997 4.34053 4.39781 4.45195 4.50309 4.55137 4.59694 4.63992 4.68044 4.71862 4.7546 4.78847 4.82036 4.85038 4.87862 4.90518 4.93015 4.95363 4.9757 4.99644 5.01593 5.03424 5.05143 5.06757 5.08273 5.09697 5.11033 5.12286 5.13463 5.14567 5.15613 5.16604 5.17533 5.18405 5.19223 5.1999 5.20709 5.21384 5.22016 5.22609 5.23165 5.23687 5.24176 5.24634 5.25064 5.25466 5.25844 5.26198 5.2653 5.26841 5.27132 5.27405 5.27661 5.27901 5.28126 5.28337 5.28535 5.2872 5.28893 5.29056 5.2931
 0 0 0 0 0 0 0 0 0 0 0 0 0 0 0 0 0 0 0 0 0 0 0 0 0 0 0 0 0 0 0 0 0 0 0 0 0 0 0 0 0 0 0 0 0 0 0 0 0 0 0 0 0 0 0 0 0 0 0 0 0 0 0 0 0 0 0 0 0 0 0 0 0 0 0 0 0 0 0 0 0 0 0 0 0 0 0 0 0 0 0 0 0 0 0 0 0 0 0 1 0
 #wt and selex for gender,fleet: 1 3
 0.0114307 0.0237954 0.0598862 0.11348 0.183959 0.269042 0.366006 0.472256 0.585564 0.704188 0.826961 0.953294 1.08303 1.21622 1.35282 1.49258 1.63497 1.77917 1.92424 2.06916 2.21296 2.35479 2.49391 2.62975 2.76185 2.88988 3.0136 3.13284 3.24752 3.35759 3.46303 3.56389 3.66021 3.75208 3.83959 3.92285 4.00198 4.07712 4.1484 4.21597 4.27996 4.34052 4.3978 4.45194 4.50309 4.55137 4.59694 4.63992 4.68044 4.71862 4.7546 4.78847 4.82036 4.85038 4.87862 4.90518 4.93015 4.95363 4.9757 4.99645 5.01593 5.03424 5.05143 5.06758 5.08274 5.09697 5.11033 5.12287 5.13463 5.14568 5.15613 5.16604 5.17533 5.18405 5.19223 5.1999 5.20709 5.21384 5.22016 5.22609 5.23166 5.23687 5.24176 5.24634 5.25064 5.25467 5.25844 5.26198 5.2653 5.26841 5.27132 5.27405 5.27661 5.27901 5.28126 5.28337 5.28535 5.2872 5.28893 5.29056 5.2931
 0 0 0 0 0 0 0 0 0 0 0 0 0 0 0 0 0 0 0 0 0 0 0 0 0 0 0 0 0 0 0 0 0 0 0 0 0 0 0 0 0 0 0 0 0 0 0 0 0 0 0 0 0 0 0 0 0 0 0 0 0 0 0 0 0 0 0 0 0 0 0 0 0 0 0 0 0 0 0 0 0 0 0 0 0 0 0 0 0 0 0 0 0 0 0 0 0 0 0 1 0
 #wt and selex for gender,fleet: 1 4
 0.0113157 0.0220637 0.054119 0.103651 0.170701 0.25401 0.351618 0.461324 0.580944 0.708455 0.842047 0.980138 1.12137 1.26457 1.40878 1.55321 1.69721 1.84027 1.98196 2.12195 2.2599 2.39552 2.52854 2.65866 2.78563 2.90919 3.02911 3.1452 3.25729 3.36527 3.46905 3.56859 3.66388 3.75494 3.84183 3.9246 4.00336 4.07821 4.14926 4.21665 4.28051 4.34096 4.39816 4.45223 4.50332 4.55157 4.5971 4.64005 4.68055 4.71872 4.75468 4.78854 4.82042 4.85043 4.87866 4.90522 4.93019 4.95367 4.97573 4.99647 5.01595 5.03426 5.05145 5.06759 5.08275 5.09698 5.11034 5.12288 5.13465 5.14569 5.15614 5.16605 5.17534 5.18406 5.19224 5.19991 5.2071 5.21385 5.22017 5.2261 5.23166 5.23688 5.24177 5.24635 5.25065 5.25467 5.25845 5.26199 5.26531 5.26842 5.27133 5.27406 5.27662 5.27902 5.28127 5.28338 5.28535 5.2872 5.28894 5.29056 5.29311
 0 0 0 0 0 0 0 0 0 0 0 0 0 0 0 0 0 0 0 0 0 0 0 0 0 0 0 0 0 0 0 0 0 0 0 0 0 0 0 0 0 0 0 0 0 0 0 0 0 0 0 0 0 0 0 0 0 0 0 0 0 0 0 0 0 0 0 0 0 0 0 0 0 0 0 0 0 0 0 0 0 0 0 0 0 0 0 0 0 0 0 0 0 0 0 0 0 0 0 1 0
 #wt and selex for gender,fleet: 1 5
 0.0114453 0.0240489 0.0611746 0.116981 0.191274 0.281925 0.38615 0.501151 0.624397 0.753724 0.887342 1.0238 1.16197 1.30097 1.44019 1.5792 1.71774 1.8556 1.99262 2.1286 2.26332 2.39647 2.52771 2.65666 2.78295 2.90621 3.02609 3.14232 3.25465 3.36293 3.46701 3.56685 3.66241 3.75372 3.84081 3.92376 4.00267 4.07764 4.1488 4.21627 4.28019 4.3407 4.39794 4.45205 4.50317 4.55144 4.59699 4.63996 4.68047 4.71865 4.75462 4.78849 4.82038 4.85039 4.87863 4.90519 4.93016 4.95364 4.97571 4.99645 5.01594 5.03424 5.05143 5.06758 5.08274 5.09697 5.11033 5.12287 5.13464 5.14568 5.15614 5.16604 5.17534 5.18405 5.19223 5.1999 5.20709 5.21384 5.22016 5.2261 5.23166 5.23687 5.24176 5.24634 5.25064 5.25467 5.25844 5.26198 5.2653 5.26841 5.27132 5.27406 5.27662 5.27902 5.28127 5.28337 5.28535 5.2872 5.28893 5.29056 5.29311
 0 0 0 0 0 0 0 0 0 0 0 0 0 0 0 0 0 0 0 0 0 0 0 0 0 0 0 0 0 0 0 0 0 0 0 0 0 0 0 0 0 0 0 0 0 0 0 0 0 0 0 0 0 0 0 0 0 0 0 0 0 0 0 0 0 0 0 0 0 0 0 0 0 0 0 0 0 0 0 0 0 0 0 0 0 0 0 0 0 0 0 0 0 0 0 0 0 0 0 1 0
 #wt and selex for gender,fleet: 1 6
 0.0122749 0.0339329 0.0848332 0.152873 0.234337 0.32387 0.417492 0.513102 0.610673 0.711788 0.818635 0.933043 1.05591 1.18701 1.32523 1.46884 1.61597 1.76483 1.91391 2.06198 2.20809 2.35151 2.49168 2.62818 2.76068 2.88894 3.01278 3.13209 3.24679 3.35686 3.4623 3.56314 3.65944 3.75129 3.83878 3.92203 4.00115 4.07627 4.14754 4.2151 4.27908 4.33963 4.3969 4.45103 4.50217 4.55045 4.59601 4.63898 4.67949 4.71767 4.75364 4.78752 4.8194 4.84941 4.87765 4.90421 4.92918 4.95266 4.97473 4.99547 5.01495 5.03325 5.05045 5.06659 5.08175 5.09598 5.10934 5.12188 5.13364 5.14468 5.15514 5.16504 5.17433 5.18305 5.19122 5.19889 5.20608 5.21282 5.21914 5.22507 5.23063 5.23584 5.24073 5.24531 5.24961 5.25363 5.25741 5.26094 5.26426 5.26737 5.27028 5.27301 5.27557 5.27797 5.28022 5.28232 5.2843 5.28615 5.28788 5.28951 5.29205
 0 0 0 0 0 0 0 0 0 0 0 0 0 0 0 0 0 0 0 0 0 0 0 0 0 0 0 0 0 0 0 0 0 0 0 0 0 0 0 0 0 0 0 0 0 0 0 0 0 0 0 0 0 0 0 0 0 0 0 0 0 0 0 0 0 0 0 0 0 0 0 0 0 0 0 0 0 0 0 0 0 0 0 0 0 0 0 0 0 0 0 0 0 0 0 0 0 0 0 1 0
 #wt and selex for gender,fleet: 1 7
 0.0122342 0.0338481 0.086974 0.161131 0.253404 0.35822 0.470719 0.587263 0.705397 0.823704 0.941699 1.05968 1.17847 1.29909 1.42248 1.54925 1.67957 1.81316 1.94933 2.08713 2.22549 2.36329 2.49956 2.63342 2.7642 2.89136 3.01452 3.13342 3.24788 3.3578 3.46317 3.56397 3.66026 3.75211 3.83961 3.92286 4.00199 4.07713 4.14841 4.21597 4.27996 4.34053 4.3978 4.45195 4.50309 4.55137 4.59694 4.63992 4.68044 4.71862 4.7546 4.78847 4.82036 4.85038 4.87862 4.90518 4.93015 4.95363 4.9757 4.99645 5.01593 5.03424 5.05143 5.06758 5.08274 5.09697 5.11033 5.12287 5.13463 5.14568 5.15613 5.16604 5.17533 5.18405 5.19223 5.1999 5.20709 5.21384 5.22016 5.22609 5.23166 5.23687 5.24176 5.24634 5.25064 5.25467 5.25844 5.26198 5.2653 5.26841 5.27132 5.27405 5.27661 5.27901 5.28126 5.28337 5.28535 5.2872 5.28893 5.29056 5.2931
 0 0 0 0 0 0 0 0 0 0 0 0 0 0 0 0 0 0 0 0 0 0 0 0 0 0 0 0 0 0 0 0 0 0 0 0 0 0 0 0 0 0 0 0 0 0 0 0 0 0 0 0 0 0 0 0 0 0 0 0 0 0 0 0 0 0 0 0 0 0 0 0 0 0 0 0 0 0 0 0 0 0 0 0 0 0 0 0 0 0 0 0 0 0 0 0 0 0 0 1 0
# M and current age-structure in year Yinit: 2011
 # gender = 1
 0.0439034 0.0439034 0.0439034 0.0439034 0.0439034 0.0439034 0.0439034 0.0439034 0.0439034 0.0439034 0.0439034 0.0439034 0.0439034 0.0439034 0.0439034 0.0439034 0.0439034 0.0439034 0.0439034 0.0439034 0.0439034 0.0439034 0.0439034 0.0439034 0.0439034 0.0439034 0.0439034 0.0439034 0.0439034 0.0439034 0.0439034 0.0439034 0.0439034 0.0439034 0.0439034 0.0439034 0.0439034 0.0439034 0.0439034 0.0439034 0.0439034 0.0439034 0.0439034 0.0439034 0.0439034 0.0439034 0.0439034 0.0439034 0.0439034 0.0439034 0.0439034 0.0439034 0.0439034 0.0439034 0.0439034 0.0439034 0.0439034 0.0439034 0.0439034 0.0439034 0.0439034 0.0439034 0.0439034 0.0439034 0.0439034 0.0439034 0.0439034 0.0439034 0.0439034 0.0439034 0.0439034 0.0439034 0.0439034 0.0439034 0.0439034 0.0439034 0.0439034 0.0439034 0.0439034 0.0439034 0.0439034 0.0439034 0.0439034 0.0439034 0.0439034 0.0439034 0.0439034 0.0439034 0.0439034 0.0439034 0.0439034 0.0439034 0.0439034 0.0439034 0.0439034 0.0439034 0.0439034 0.0439034 0.0439034 0.0439034 0.0439034
 77.4029 80.6279 75.1026 108.35 65.4224 52.228 40.1794 27.7737 48.6125 174.626 31.9101 24.4986 90.2237 28.2011 19.5446 16.7969 16.7122 36.4249 53.8592 18.0597 14.3123 15.5793 17.4487 17.9237 18.1403 16.7763 19.579 25.9809 14.8332 26.9421 13.0666 8.68041 7.84861 5.52821 5.80407 5.395 5.1065 3.24612 3.05099 3.68009 5.74513 3.84498 2.89849 2.12403 1.61355 1.30419 0.995365 0.807587 0.761919 0.813301 0.910646 0.966422 0.908645 0.790233 0.679806 0.601101 0.557564 0.545624 0.561679 0.604735 0.670365 0.73987 0.772781 0.736662 0.653599 0.568891 0.499419 0.446293 0.40699 0.376912 0.353485 0.334551 0.318851 0.305503 0.293388 0.281621 0.269491 0.256944 0.244229 0.231876 0.220343 0.209948 0.200681 0.192517 0.185254 0.17864 0.172468 0.166586 0.160849 0.155188 0.149562 0.143939 0.138326 0.132809 0.127281 0.121774 0.116436 0.111287 0.106344 0.101617 2.28166
# Age-structure at Ydeclare= 2013
 37.9457 35.7734 70.895 73.8454 68.7775 99.2008 59.8703 47.7591 36.7017 25.336 44.2814 158.837 28.9861 22.2278 81.7818 25.5427 17.6917 15.1977 15.1162 32.9386 48.6961 16.3265 12.9376 14.0818 15.7704 16.1987 16.3934 15.1596 17.6909 23.4738 13.4008 24.3386 11.8031 7.84058 7.08888 4.99286 5.2418 4.87218 4.61148 2.93134 2.75504 3.323 5.1875 3.47167 2.617 1.91769 1.45676 1.17744 0.89861 0.729073 0.687834 0.73421 0.822079 0.872422 0.820258 0.71336 0.613672 0.542621 0.503318 0.492538 0.50703 0.545895 0.605139 0.667879 0.697587 0.664981 0.589999 0.513534 0.450821 0.402864 0.367385 0.340234 0.319086 0.301995 0.287822 0.275773 0.264837 0.254215 0.243265 0.231939 0.220461 0.20931 0.1989 0.189517 0.181152 0.173782 0.167227 0.161256 0.155685 0.150375 0.145197 0.140086 0.135008 0.129932 0.124866 0.119886 0.114896 0.109924 0.105106 0.100458 2.24737
# Year for Tmin Age-structure (set to Ydecl by SS)
2013
#  recruitment and biomass
# Number of historical assessment years
129
# Historical data
# year recruitment spawner in B0 in R project in R/S project
1888  1889 1890 1891 1892 1893 1894 1895 1896 1897 1898 1899 1900 1901 1902 1903 1904 1905 1906 1907 1908 1909 1910 1911 1912 1913 1914 1915 1916 1917 1918 1919 1920 1921 1922 1923 1924 1925 1926 1927 1928 1929 1930 1931 1932 1933 1934 1935 1936 1937 1938 1939 1940 1941 1942 1943 1944 1945 1946 1947 1948 1949 1950 1951 1952 1953 1954 1955 1956 1957 1958 1959 1960 1961 1962 1963 1964 1965 1966 1967 1968 1969 1970 1971 1972 1973 1974 1975 1976 1977 1978 1979 1980 1981 1982 1983 1984 1985 1986 1987 1988 1989 1990 1991 1992 1993 1994 1995 1996 1997 1998 1999 2000 2001 2002 2003 2004 2005 2006 2007 2008 2009 2010 2011 2012 2013 2014 2015 2016 #years (with first value representing R0)
221.31 213.993 213.86 213.726 213.59 213.427 213.264 213.101 212.956 212.816 212.678 212.54 212.398 212.258 212.121 211.975 211.83 211.69 211.557 211.439 211.333 211.227 211.139 211.057 210.979 210.884 210.751 210.541 210.216 209.737 208.871 207.607 206.136 204.356 202.285 199.985 197.518 194.966 192.477 190.179 188.225 186.785 185.943 185.613 185.708 185.902 185.827 185.146 183.776 181.855 179.889 178.39 177.888 178.681 181.171 186.067 194.098 206.645 223.972 244.839 262.554 262.026 238.63 205.635 176.396 155.76 143.807 139.616 142.931 153.394 169.064 184.106 185.178 164.712 138.543 121.893 120.919 138.891 168.799 192.628 232.434 288.751 346.198 463.95 264.458 193.562 180.386 246.629 224.736 206.976 167.519 200.625 185.845 232.776 397.113 180.174 259.741 161.257 114.356 103.098 85.8063 71.2576 55.0892 44.5107 50.2014 135.917 84.6225 36.1446 34.1117 37.4852 51.2835 155.92 40.2989 50.0154 261.039 69.3622 37.8559 52.3506 65.0828 77.9974 123.611 81.9961 84.2466 77.4029 37.379 37.9457 39.397 46.7176 73.7353  #recruits; first value is R0 (virgin)
2295.67  2295.67 2295.66 2295.63 2295.57 2294.65 2293.73 2292.8 2292.49 2292.32 2292.12 2291.88 2291.54 2291.06 2290.43 2289.62 2288.62 2287.41 2286.02 2284.46 2282.71 2280.59 2278.54 2276.36 2274.07 2271.67 2269.18 2266.59 2263.79 2261.07 2257.96 2250.7 2246.57 2242.65 2238.83 2235.56 2232.12 2227.57 2222.31 2215.42 2207.07 2198.91 2191.65 2183.69 2177.77 2172.14 2166.49 2159.74 2152.91 2144.1 2135.79 2126.86 2119.18 2109.2 2096.21 2082.55 2059.9 2035.94 2001.6 1970.05 1954.27 1936.73 1922.95 1907.99 1890.09 1874.62 1863.05 1849.43 1836.87 1824.42 1809.9 1796.82 1785.95 1777.36 1772.48 1766.22 1763.16 1762.81 1743.14 1737.93 1729.45 1720.58 1693.68 1676.29 1652.62 1622.63 1589.84 1553.48 1517.79 1476.57 1436.04 1370.35 1306.14 1256.87 1192.5 1085.39 987.189 933.166 854.797 810.014 756.764 708.363 646.177 602.433 532.761 468.669 407.149 372.843 337.805 298.597 254.72 238.044 211.981 211.042 208.45 216.269 224.493 233.117 241.602 250.705 258.737 267.414 275.846 285.551 295.501 305.523 316.31 327.909 339.172 #spbio; first value is SSB_virgin (virgin)
1 0 0 0 0 0 0 0 0 0 0 0 0 0 0 0 0 0 0 0 0 0 0 0 0 0 0 0 0 0 0 0 0 0 0 0 0 0 0 0 0 0 0 0 0 0 0 0 0 0 0 0 0 0 0 0 0 0 0 0 0 0 0 0 0 0 0 0 0 0 0 0 0 0 0 0 0 0 0 0 0 0 0 0 0 0 0 0 0 0 0 0 0 0 0 0 0 0 0 0 0 0 0 0 0 0 0 0 0 0 0 0 0 0 0 0 0 0 0 0 0 0 0 0 0 0 0 0 0  # in Bzero
0 1 1 1 1 1 1 1 1 1 1 1 1 1 1 1 1 1 1 1 1 1 1 1 1 1 1 1 1 1 1 1 1 1 1 1 1 1 1 1 1 1 1 1 1 1 1 1 1 1 1 1 1 1 1 1 1 1 1 1 1 1 1 1 1 1 1 1 1 1 1 1 1 1 1 1 1 1 1 1 1 1 1 1 1 1 1 1 1 1 1 1 1 1 1 1 1 1 1 1 1 1 1 1 1 1 1 1 1 1 1 1 1 1 1 1 1 1 1 1 1 1 1 1 1 1  0 0 0 # in R project
0 1 1 1 1 1 1 1 1 1 1 1 1 1 1 1 1 1 1 1 1 1 1 1 1 1 1 1 1 1 1 1 1 1 1 1 1 1 1 1 1 1 1 1 1 1 1 1 1 1 1 1 1 1 1 1 1 1 1 1 1 1 1 1 1 1 1 1 1 1 1 1 1 1 1 1 1 1 1 1 1 1 1 1 1 1 1 1 1 1 1 1 1 1 1 1 1 1 1 1 1 1 1 1 1 1 1 1 1 1 1 1 1 1 1 1 1 1 1 1 1 1 1 1 1 1  0 0 0 # in R/S project
# Number of years with pre-specified catches
0
# catches for years with pre-specified catches go next
# Number of future recruitments to override
-2
# Process for overiding (-1 for average otherwise index in data list)
# Which probability to product detailed results for (1=0.5; 2=0.6; etc.)
3
# Steepness sigma-R Auto-correlation
0.418705 0.5 0
# Target SPR rate (FMSY Proxy); manually change to SPR_MSY if not using SPR_target
0.5
# Discount rate (for cumulative catch)
0.1
# Truncate the series when 0.4B0 is reached (1=Yes)
0
# Set F to FMSY once 0.4B0 is reached (1=Yes)
0
# Maximum possible F for projection (-1 to set to FMSY)
-1
# Defintion of recovery (1=now only;2=now or before)
2
# Projection type
4
# Definition of the 40-10 rule
10 40
# Calculate coefficients of variation (1=Yes)
0
# Number of replicates to use
10
# Random number seed
-99004
# File with multiple parameter vectors 
rebuild.SSO
# User-specific projection (1=Yes); Output replaced (1->9)
0  5
# Catches and Fs (Year; 1/2/3 (F or C or SPR); value); Final row is -1
2016 1 1
-1 -1 -1
# Fixed catch project (1=Yes); Output replaced (1->9); Approach (-1=Read in else 1-9)
0 2 -1
# Split of Fs
2011  0.000548623
 0
 0.174382
 0.00675159
 0.253057
 0.240094
 0.325167
-1  1 1 1 1 1 1 1 1 1 1 1 1
# Yrs to define T_target for projection type 4 (a.k.a. 5 pre-specified inputs)
2022 2023 2024 2025 2026 
# Year for probability of recovery
2026 2027 2028 2029 2030 2031 2032 2033
# Time varying weight-at-age (1=Yes;0=No)
0
# File with time series of weight-at-age data
none
# Use bisection (0) or linear interpolation (1)
1
# Target Depletion
0.4
# CV of implementation error
0
