#Title, #runnumber: 255 yelloweye_data.ss yelloweye_control.ss 4676.78 2256.55 610.998 StartTime: Thu Jun 15 15:56:48 2017
SSv3_default_rebuild.dat
# Number of sexes
1
# Age range to consider (minimum age; maximum age)
0 100
# Number of fleets
12
# First year of projection (Yinit)
2011
# First Year of rebuilding period (Ydecl)
2013
# Number of simulations
1000
# Maximum number of years
500
# Conduct projections with multiple starting values (0=No;else yes)
0
# Number of parameter vectors
1000
# Is the maximum age a plus-group (1=Yes;2=No)
1
# Generate future recruitments using historical recruitments (1)  historical recruits/spawner (2)  or a stock-recruitment (3)
3
# Constant fishing mortality (1) or constant Catch (2) projections
1
# Fishing mortality based on SPR (1) or actual rate (2)
1
# Pre-specify the year of recovery (or -1) to ignore
-1
# Fecundity-at-age
# 0 1 2 3 4 5 6 7 8 9 10 11 12 13 14 15 16 17 18 19 20 21 22 23 24 25 26 27 28 29 30 31 32 33 34 35 36 37 38 39 40 41 42 43 44 45 46 47 48 49 50 51 52 53 54 55 56 57 58 59 60 61 62 63 64 65 66 67 68 69 70 71 72 73 74 75 76 77 78 79 80 81 82 83 84 85 86 87 88 89 90 91 92 93 94 95 96 97 98 99 100 #runnumber: 255 yelloweye_data.ss yelloweye_control.ss 4676.78 2256.55 610.998
 0 0 4.42765e-007 3.34862e-006 1.99303e-005 9.75618e-005 0.000400514 0.00138318 0.00401501 0.00985661 0.0207815 0.038413 0.0636011 0.0962152 0.135286 0.179346 0.226791 0.276148 0.326217 0.376108 0.425218 0.473169 0.519748 0.564851 0.60844 0.650518 0.691103 0.730222 0.767906 0.804181 0.839075 0.872614 0.904822 0.935723 0.965344 0.993711 1.02085 1.04679 1.07157 1.09521 1.11774 1.13921 1.15965 1.17909 1.19756 1.21511 1.23177 1.24757 1.26256 1.27676 1.29021 1.30295 1.315 1.3264 1.33719 1.34738 1.35701 1.3661 1.3747 1.38281 1.39046 1.39768 1.4045 1.41092 1.41698 1.4227 1.42808 1.43316 1.43794 1.44245 1.44669 1.45078 1.45463 1.45826 1.46167 1.46489 1.46791 1.47076 1.47344 1.47596 1.47834 1.48057 1.48268 1.48465 1.48652 1.48827 1.48991 1.49146 1.49292 1.49429 1.49558 1.49679 1.49793 1.49901 1.50001 1.50096 1.50185 1.50269 1.50348 1.50422 1.50541 #female fecundity; weighted by N in year Y_init across morphs and areas
# Age specific selectivity and weight adjusted for discard and discard mortality
 #wt and selex for gender,fleet: 1 1
 0.0162834 0.046505 0.0928931 0.156354 0.235535 0.32815 0.431716 0.543878 0.662558 0.786 0.912765 1.04174 1.17214 1.30349 1.43555 1.56828 1.70166 1.83561 1.96997 2.10441 2.23851 2.37175 2.50356 2.63338 2.76072 2.88511 3.00617 3.12362 3.23724 3.34685 3.45238 3.55377 3.65102 3.74415 3.8332 3.91826 3.99941 4.07675 4.15038 4.22043 4.28702 4.35027 4.4103 4.46725 4.52124 4.5724 4.62084 4.6667 4.71009 4.75113 4.78992 4.82659 4.86122 4.89394 4.92482 4.95398 4.98149 5.00744 5.03192 5.055 5.07677 5.09728 5.11662 5.13484 5.152 5.16817 5.18341 5.19775 5.21126 5.22397 5.23605 5.24751 5.2583 5.26846 5.27802 5.28701 5.29548 5.30344 5.31093 5.31798 5.32461 5.33085 5.33672 5.34224 5.34743 5.35232 5.35691 5.36123 5.36529 5.36911 5.3727 5.37608 5.37925 5.38224 5.38505 5.38769 5.39017 5.3925 5.3947 5.39676 5.40007
 0 0 0 0 0 0 0 0 0 0 0 0 0 0 0 0 0 0 0 0 0 0 0 0 0 0 0 0 0 0 0 0 0 0 0 0 0 0 0 0 0 0 0 0 0 0 0 0 0 0 0 0 0 0 0 0 0 0 0 0 0 0 0 0 0 0 0 0 0 0 0 0 0 0 0 0 0 0 0 0 0 0 0 0 0 0 0 0 0 0 0 0 0 0 0 0 0 0 0 1 0
 #wt and selex for gender,fleet: 1 3
 0.0158279 0.0433838 0.0863388 0.14524 0.218999 0.3057 0.403202 0.509427 0.622508 0.740858 0.863244 0.988842 1.11722 1.24822 1.38176 1.5177 1.65571 1.79526 1.93564 2.07607 2.21574 2.35389 2.48986 2.62307 2.75308 2.87952 3.00213 3.12073 3.23517 3.34539 3.45135 3.55304 3.6505 3.74378 3.83294 3.91807 3.99927 4.07665 4.15031 4.22038 4.28698 4.35024 4.41028 4.46723 4.52123 4.57239 4.62083 4.66669 4.71009 4.75112 4.78992 4.82658 4.86122 4.89394 4.92482 4.95398 4.98149 5.00744 5.03192 5.055 5.07677 5.09728 5.11662 5.13484 5.152 5.16817 5.1834 5.19775 5.21126 5.22397 5.23605 5.24751 5.2583 5.26846 5.27802 5.28701 5.29547 5.30344 5.31093 5.31798 5.32461 5.33085 5.33672 5.34224 5.34743 5.35231 5.35691 5.36123 5.36529 5.36911 5.3727 5.37608 5.37925 5.38224 5.38505 5.38769 5.39017 5.3925 5.3947 5.39676 5.40007
 0 0 0 0 0 0 0 0 0 0 0 0 0 0 0 0 0 0 0 0 0 0 0 0 0 0 0 0 0 0 0 0 0 0 0 0 0 0 0 0 0 0 0 0 0 0 0 0 0 0 0 0 0 0 0 0 0 0 0 0 0 0 0 0 0 0 0 0 0 0 0 0 0 0 0 0 0 0 0 0 0 0 0 0 0 0 0 0 0 0 0 0 0 0 0 0 0 0 0 1 0
 #wt and selex for gender,fleet: 1 4
 0.0153102 0.0396968 0.0792346 0.134689 0.205676 0.291004 0.389054 0.498035 0.616147 0.741682 0.873066 1.00888 1.14787 1.28892 1.43108 1.57352 1.71555 1.85661 1.99623 2.13403 2.2697 2.40299 2.53365 2.66149 2.7863 2.90791 3.02615 3.14088 3.25197 3.35932 3.46286 3.56253 3.65831 3.7502 3.83822 3.92243 4.00287 4.07962 4.15278 4.22244 4.2887 4.35168 4.4115 4.46827 4.52211 4.57314 4.62148 4.66726 4.71057 4.75155 4.7903 4.82692 4.86152 4.8942 4.92506 4.95419 4.98168 5.00762 5.03208 5.05515 5.07691 5.09741 5.11674 5.13495 5.15211 5.16827 5.1835 5.19784 5.21134 5.22405 5.23612 5.24758 5.25837 5.26853 5.27808 5.28708 5.29554 5.3035 5.31099 5.31804 5.32467 5.33091 5.33678 5.3423 5.34749 5.35237 5.35696 5.36128 5.36534 5.36916 5.37275 5.37613 5.37931 5.38229 5.3851 5.38774 5.39022 5.39256 5.39475 5.39681 5.40012
 0 0 0 0 0 0 0 0 0 0 0 0 0 0 0 0 0 0 0 0 0 0 0 0 0 0 0 0 0 0 0 0 0 0 0 0 0 0 0 0 0 0 0 0 0 0 0 0 0 0 0 0 0 0 0 0 0 0 0 0 0 0 0 0 0 0 0 0 0 0 0 0 0 0 0 0 0 0 0 0 0 0 0 0 0 0 0 0 0 0 0 0 0 0 0 0 0 0 0 1 0
 #wt and selex for gender,fleet: 1 5
 0.0159623 0.0445069 0.0892545 0.151182 0.229379 0.321945 0.426635 0.541193 0.663526 0.791776 0.924343 1.05987 1.19721 1.33544 1.47381 1.61175 1.74883 1.88477 2.01935 2.1524 2.28378 2.41332 2.54084 2.66612 2.78894 2.90905 3.02622 3.14021 3.25084 3.35792 3.46134 3.56099 3.65682 3.7488 3.83694 3.92126 4.00182 4.07869 4.15196 4.22171 4.28806 4.35112 4.41101 4.46784 4.52173 4.5728 4.62119 4.66699 4.71034 4.75134 4.79011 4.82675 4.86137 4.89406 4.92493 4.95407 4.98157 5.00752 5.03199 5.05507 5.07683 5.09734 5.11667 5.13488 5.15205 5.16821 5.18344 5.19778 5.21129 5.22401 5.23608 5.24754 5.25833 5.26849 5.27804 5.28704 5.2955 5.30346 5.31096 5.31801 5.32464 5.33088 5.33674 5.34226 5.34745 5.35234 5.35693 5.36125 5.36531 5.36913 5.37272 5.3761 5.37927 5.38226 5.38507 5.38771 5.39019 5.39252 5.39472 5.39678 5.40009
 0 0 0 0 0 0 0 0 0 0 0 0 0 0 0 0 0 0 0 0 0 0 0 0 0 0 0 0 0 0 0 0 0 0 0 0 0 0 0 0 0 0 0 0 0 0 0 0 0 0 0 0 0 0 0 0 0 0 0 0 0 0 0 0 0 0 0 0 0 0 0 0 0 0 0 0 0 0 0 0 0 0 0 0 0 0 0 0 0 0 0 0 0 0 0 0 0 0 0 1 0
 #wt and selex for gender,fleet: 1 6
 0.0197255 0.0615332 0.118002 0.189589 0.271984 0.361181 0.454178 0.549303 0.646478 0.747003 0.852795 0.965522 1.08602 1.21411 1.34877 1.48846 1.63147 1.77621 1.9213 2.06562 2.20831 2.34869 2.48623 2.62051 2.75122 2.87812 3.00101 3.11978 3.23432 3.34458 3.45056 3.55226 3.64971 3.74298 3.83212 3.91724 3.99842 4.07578 4.14942 4.21948 4.28606 4.34931 4.40934 4.46628 4.52026 4.57141 4.61985 4.6657 4.70908 4.75011 4.7889 4.82555 4.86019 4.89289 4.92377 4.95292 4.98043 5.00638 5.03085 5.05393 5.07569 5.0962 5.11554 5.13375 5.15092 5.16708 5.18231 5.19665 5.21016 5.22287 5.23494 5.2464 5.25719 5.26734 5.27689 5.28588 5.29434 5.30231 5.30979 5.31684 5.32347 5.32971 5.33557 5.34109 5.34628 5.35116 5.35575 5.36007 5.36413 5.36794 5.37153 5.37491 5.37809 5.38107 5.38388 5.38652 5.389 5.39133 5.39352 5.39558 5.39889
 0 0 0 0 0 0 0 0 0 0 0 0 0 0 0 0 0 0 0 0 0 0 0 0 0 0 0 0 0 0 0 0 0 0 0 0 0 0 0 0 0 0 0 0 0 0 0 0 0 0 0 0 0 0 0 0 0 0 0 0 0 0 0 0 0 0 0 0 0 0 0 0 0 0 0 0 0 0 0 0 0 0 0 0 0 0 0 0 0 0 0 0 0 0 0 0 0 0 0 1 0
 #wt and selex for gender,fleet: 1 7
 0.0188573 0.0593955 0.117036 0.193214 0.284445 0.386763 0.496644 0.611261 0.728502 0.846914 0.965683 1.08461 1.20402 1.32456 1.44693 1.57171 1.69917 1.82924 1.96148 2.09521 2.22958 2.36368 2.49665 2.6277 2.75619 2.88159 3.0035 3.12162 3.23575 3.34577 3.45159 3.5532 3.65061 3.74385 3.83299 3.9181 3.99929 4.07666 4.15032 4.22039 4.28698 4.35024 4.41028 4.46723 4.52123 4.57239 4.62083 4.66669 4.71009 4.75112 4.78992 4.82658 4.86122 4.89394 4.92482 4.95398 4.98149 5.00744 5.03192 5.055 5.07677 5.09728 5.11662 5.13484 5.152 5.16817 5.1834 5.19775 5.21126 5.22397 5.23605 5.24751 5.2583 5.26846 5.27802 5.28701 5.29547 5.30344 5.31093 5.31798 5.32461 5.33085 5.33672 5.34224 5.34743 5.35231 5.35691 5.36123 5.36529 5.36911 5.3727 5.37608 5.37925 5.38224 5.38505 5.38769 5.39017 5.3925 5.3947 5.39676 5.40007
 0 0 0 0 0 0 0 0 0 0 0 0 0 0 0 0 0 0 0 0 0 0 0 0 0 0 0 0 0 0 0 0 0 0 0 0 0 0 0 0 0 0 0 0 0 0 0 0 0 0 0 0 0 0 0 0 0 0 0 0 0 0 0 0 0 0 0 0 0 0 0 0 0 0 0 0 0 0 0 0 0 0 0 0 0 0 0 0 0 0 0 0 0 0 0 0 0 0 0 1 0
# M and current age-structure in year Yinit: 2011
 # gender = 1
 0.0439034 0.0439034 0.0439034 0.0439034 0.0439034 0.0439034 0.0439034 0.0439034 0.0439034 0.0439034 0.0439034 0.0439034 0.0439034 0.0439034 0.0439034 0.0439034 0.0439034 0.0439034 0.0439034 0.0439034 0.0439034 0.0439034 0.0439034 0.0439034 0.0439034 0.0439034 0.0439034 0.0439034 0.0439034 0.0439034 0.0439034 0.0439034 0.0439034 0.0439034 0.0439034 0.0439034 0.0439034 0.0439034 0.0439034 0.0439034 0.0439034 0.0439034 0.0439034 0.0439034 0.0439034 0.0439034 0.0439034 0.0439034 0.0439034 0.0439034 0.0439034 0.0439034 0.0439034 0.0439034 0.0439034 0.0439034 0.0439034 0.0439034 0.0439034 0.0439034 0.0439034 0.0439034 0.0439034 0.0439034 0.0439034 0.0439034 0.0439034 0.0439034 0.0439034 0.0439034 0.0439034 0.0439034 0.0439034 0.0439034 0.0439034 0.0439034 0.0439034 0.0439034 0.0439034 0.0439034 0.0439034 0.0439034 0.0439034 0.0439034 0.0439034 0.0439034 0.0439034 0.0439034 0.0439034 0.0439034 0.0439034 0.0439034 0.0439034 0.0439034 0.0439034 0.0439034 0.0439034 0.0439034 0.0439034 0.0439034 0.0439034
 206.63 237.49 226.716 202.684 136.014 88.7535 71.5424 79.0408 183.831 220.786 125.975 89.8705 85.3296 79.0367 47.9297 35.5997 36.7913 63.2456 69.8939 30.5625 23.0857 24.1962 29.0329 34.4986 32.9246 27.6999 30.8708 35.7624 30.7313 36.7883 23.3023 14.8892 10.9526 8.69017 9.41027 8.58938 8.01553 5.10994 4.88009 6.01626 8.97566 6.02707 4.56998 3.30562 2.51067 2.0193 1.52854 1.23763 1.16522 1.24161 1.39153 1.48325 1.40199 1.22262 1.05286 0.931596 0.864326 0.845721 0.870826 0.937944 1.04089 1.15156 1.20397 1.14224 1.00615 0.8682 0.756998 0.673814 0.612695 0.566627 0.530846 0.502092 0.478326 0.457982 0.439454 0.421388 0.402877 0.38381 0.364641 0.346122 0.32891 0.313396 0.299625 0.287479 0.276662 0.266828 0.257664 0.248919 0.24039 0.231954 0.223545 0.215131 0.206727 0.198399 0.190144 0.181922 0.173943 0.166246 0.158855 0.151784 3.37405
# Age-structure at Ydeclare= 2013
 134.264 144.824 189.257 217.513 207.629 185.589 124.506 81.207 65.4185 72.2212 167.835 201.413 114.837 81.8708 77.6914 71.9296 43.6044 32.3782 33.4551 57.5016 63.5389 27.7812 20.9834 21.9917 26.3865 31.3527 29.9209 25.1718 28.052 32.4954 27.9226 33.4245 21.1706 13.5266 9.94988 7.89432 8.54821 7.8023 7.28084 4.64145 4.43257 5.4644 8.15214 5.47395 4.15049 3.00212 2.28011 1.83384 1.38813 1.12393 1.05815 1.12751 1.26364 1.34692 1.27312 1.11024 0.956079 0.845957 0.784868 0.767971 0.790766 0.851713 0.94519 1.04569 1.09327 1.03722 0.91364 0.788373 0.687394 0.611858 0.556358 0.514526 0.482035 0.455925 0.434343 0.415869 0.399045 0.38264 0.365831 0.348518 0.331111 0.314295 0.298665 0.284579 0.272074 0.261045 0.251223 0.242293 0.233972 0.226031 0.218286 0.210626 0.20299 0.19535 0.187718 0.180157 0.172661 0.165195 0.157949 0.150961 3.34591
# Year for Tmin Age-structure (set to Ydecl by SS)
2013
#  recruitment and biomass
# Number of historical assessment years
129
# Historical data
# year recruitment spawner in B0 in R project in R/S project
1888  1889 1890 1891 1892 1893 1894 1895 1896 1897 1898 1899 1900 1901 1902 1903 1904 1905 1906 1907 1908 1909 1910 1911 1912 1913 1914 1915 1916 1917 1918 1919 1920 1921 1922 1923 1924 1925 1926 1927 1928 1929 1930 1931 1932 1933 1934 1935 1936 1937 1938 1939 1940 1941 1942 1943 1944 1945 1946 1947 1948 1949 1950 1951 1952 1953 1954 1955 1956 1957 1958 1959 1960 1961 1962 1963 1964 1965 1966 1967 1968 1969 1970 1971 1972 1973 1974 1975 1976 1977 1978 1979 1980 1981 1982 1983 1984 1985 1986 1987 1988 1989 1990 1991 1992 1993 1994 1995 1996 1997 1998 1999 2000 2001 2002 2003 2004 2005 2006 2007 2008 2009 2010 2011 2012 2013 2014 2015 2016 #years (with first value representing R0)
215.54 212.741 212.653 212.564 212.471 212.37 212.267 212.161 212.058 211.953 211.846 211.739 211.623 211.507 211.393 211.267 211.142 211.019 210.899 210.792 210.692 210.595 210.505 210.42 210.333 210.226 210.078 209.853 209.513 209.008 208.12 206.922 205.444 203.645 201.542 199.185 196.646 194.025 191.463 189.109 187.12 185.645 184.767 184.45 184.568 184.838 184.901 184.424 183.278 181.602 179.831 178.489 178.083 179.001 181.687 186.846 195.459 208.89 227.93 251.306 271.407 272.107 247.508 212.71 182.19 160.73 148.26 143.836 147.066 157.532 173.194 187.773 187.505 165.694 138.907 122.12 121.076 138.978 169.862 194.341 234.075 294.144 350.337 467.97 279.442 200.58 184.653 253.077 235.555 222.91 176.868 190.581 220.499 292.602 390.566 275.534 271.207 198.617 152.147 155.622 141.688 104.758 77.6592 66.6991 80.4399 169.47 142.692 77.8481 71.099 90.7404 142.291 146.339 147.008 196.689 329.221 261.918 107.655 93.1847 110.586 162.154 231.232 247.526 248.149 206.63 151.324 134.264 139.401 140.412 168.238  #recruits; first value is R0 (virgin)
2256.55  2256.55 2256.54 2256.53 2256.52 2255.65 2254.8 2253.97 2253.77 2253.74 2253.7 2253.67 2253.59 2253.46 2253.25 2252.97 2252.62 2252.16 2251.64 2251.05 2250.38 2249.41 2248.6 2247.73 2246.81 2245.82 2244.79 2243.7 2242.42 2240.73 2238.66 2232.42 2229.31 2226.41 2223.6 2221.32 2218.86 2215.26 2210.92 2204.92 2197.45 2190.12 2183.67 2176.5 2171.32 2166.41 2161.44 2155.32 2149.1 2140.85 2133.08 2124.65 2117.46 2107.94 2095.38 2082.15 2059.89 2036.35 2002.4 1971.25 1955.89 1939.23 1926.14 1911.68 1894.27 1879.54 1868.63 1855.91 1844.23 1832.82 1819.41 1807.64 1798.09 1790.8 1787.12 1781.99 1780.2 1780.97 1762.4 1758.32 1750.98 1743.32 1717.6 1701.36 1678.75 1649.73 1617.84 1582.35 1547.57 1507.37 1468.01 1403.63 1341.91 1294.09 1231.03 1124.8 1027.44 974.315 896.794 853.035 804.013 759.495 703.382 663.307 596.682 536.019 478.255 448.084 417.64 383.32 344.776 333.857 313.808 319.082 322.856 337.07 351.779 367.023 382.313 398.471 413.951 430.601 447.721 466.999 487.574 509.346 532.921 558.224 583.98 #spbio; first value is SSB_virgin (virgin)
1 0 0 0 0 0 0 0 0 0 0 0 0 0 0 0 0 0 0 0 0 0 0 0 0 0 0 0 0 0 0 0 0 0 0 0 0 0 0 0 0 0 0 0 0 0 0 0 0 0 0 0 0 0 0 0 0 0 0 0 0 0 0 0 0 0 0 0 0 0 0 0 0 0 0 0 0 0 0 0 0 0 0 0 0 0 0 0 0 0 0 0 0 0 0 0 0 0 0 0 0 0 0 0 0 0 0 0 0 0 0 0 0 0 0 0 0 0 0 0 0 0 0 0 0 0 0 0 0  # in Bzero
0 1 1 1 1 1 1 1 1 1 1 1 1 1 1 1 1 1 1 1 1 1 1 1 1 1 1 1 1 1 1 1 1 1 1 1 1 1 1 1 1 1 1 1 1 1 1 1 1 1 1 1 1 1 1 1 1 1 1 1 1 1 1 1 1 1 1 1 1 1 1 1 1 1 1 1 1 1 1 1 1 1 1 1 1 1 1 1 1 1 1 1 1 1 1 1 1 1 1 1 1 1 1 1 1 1 1 1 1 1 1 1 1 1 1 1 1 1 1 1 1 1 1 1 1 1  0 0 0 # in R project
0 1 1 1 1 1 1 1 1 1 1 1 1 1 1 1 1 1 1 1 1 1 1 1 1 1 1 1 1 1 1 1 1 1 1 1 1 1 1 1 1 1 1 1 1 1 1 1 1 1 1 1 1 1 1 1 1 1 1 1 1 1 1 1 1 1 1 1 1 1 1 1 1 1 1 1 1 1 1 1 1 1 1 1 1 1 1 1 1 1 1 1 1 1 1 1 1 1 1 1 1 1 1 1 1 1 1 1 1 1 1 1 1 1 1 1 1 1 1 1 1 1 1 1 1 1  0 0 0 # in R/S project
# Number of years with pre-specified catches
0
# catches for years with pre-specified catches go next
# Number of future recruitments to override
-2
# Process for overiding (-1 for average otherwise index in data list)
# Which probability to product detailed results for (1=0.5; 2=0.6; etc.)
3
# Steepness sigma-R Auto-correlation
0.718 0.5 0
# Target SPR rate (FMSY Proxy); manually change to SPR_MSY if not using SPR_target
0.5
# Discount rate (for cumulative catch)
0.1
# Truncate the series when 0.4B0 is reached (1=Yes)
0
# Set F to FMSY once 0.4B0 is reached (1=Yes)
0
# Maximum possible F for projection (-1 to set to FMSY)
-1
# Defintion of recovery (1=now only;2=now or before)
2
# Projection type
4
# Definition of the 40-10 rule
10 40
# Calculate coefficients of variation (1=Yes)
0
# Number of replicates to use
10
# Random number seed
-99004
# File with multiple parameter vectors 
rebuild.SSO
# User-specific projection (1=Yes); Output replaced (1->9)
0  5
# Catches and Fs (Year; 1/2/3 (F or C or SPR); value); Final row is -1
2016 1 1
-1 -1 -1
# Fixed catch project (1=Yes); Output replaced (1->9); Approach (-1=Read in else 1-9)
0 2 -1
# Split of Fs
2011  0.000537994
 0
 0.167519
 0.00700962
 0.267882
 0.241383
 0.315668
-1  1 1 1 1 1 1 1 1 1 1 1 1
# Yrs to define T_target for projection type 4 (a.k.a. 5 pre-specified inputs)
2022 2023 2024 2025 2026 
# Year for probability of recovery
2026 2027 2028 2029 2030 2031 2032 2033
# Time varying weight-at-age (1=Yes;0=No)
0
# File with time series of weight-at-age data
none
# Use bisection (0) or linear interpolation (1)
1
# Target Depletion
0.4
# CV of implementation error
0
