#Title, #runnumber: 255 yelloweye_data.ss yelloweye_control.ss 5568.86 2204.11 592.982 StartTime: Thu Jun 15 14:54:09 2017
SSv3_default_rebuild.dat
# Number of sexes
1
# Age range to consider (minimum age; maximum age)
0 100
# Number of fleets
12
# First year of projection (Yinit)
2011
# First Year of rebuilding period (Ydecl)
2013
# Number of simulations
1000
# Maximum number of years
500
# Conduct projections with multiple starting values (0=No;else yes)
0
# Number of parameter vectors
1000
# Is the maximum age a plus-group (1=Yes;2=No)
1
# Generate future recruitments using historical recruitments (1)  historical recruits/spawner (2)  or a stock-recruitment (3)
3
# Constant fishing mortality (1) or constant Catch (2) projections
1
# Fishing mortality based on SPR (1) or actual rate (2)
1
# Pre-specify the year of recovery (or -1) to ignore
-1
# Fecundity-at-age
# 0 1 2 3 4 5 6 7 8 9 10 11 12 13 14 15 16 17 18 19 20 21 22 23 24 25 26 27 28 29 30 31 32 33 34 35 36 37 38 39 40 41 42 43 44 45 46 47 48 49 50 51 52 53 54 55 56 57 58 59 60 61 62 63 64 65 66 67 68 69 70 71 72 73 74 75 76 77 78 79 80 81 82 83 84 85 86 87 88 89 90 91 92 93 94 95 96 97 98 99 100 #runnumber: 255 yelloweye_data.ss yelloweye_control.ss 5568.86 2204.11 592.982
 0 0 7.47168e-008 8.51223e-007 6.8796e-006 4.28459e-005 0.000213699 0.000862993 0.00282809 0.00760052 0.0171209 0.0332136 0.056993 0.0885677 0.127119 0.171221 0.219216 0.269513 0.320773 0.371973 0.422394 0.471577 0.519254 0.565287 0.609626 0.652267 0.693234 0.732562 0.770288 0.806453 0.841094 0.874247 0.905948 0.936232 0.965135 0.992693 1.01894 1.04392 1.06768 1.09024 1.11165 1.13196 1.1512 1.16942 1.18667 1.20297 1.21838 1.23293 1.24667 1.25963 1.27185 1.28337 1.29422 1.30444 1.31407 1.32312 1.33164 1.33966 1.34719 1.35427 1.36093 1.36718 1.37306 1.37857 1.38375 1.38861 1.39318 1.39746 1.40148 1.40525 1.40878 1.41219 1.41538 1.41837 1.42118 1.42381 1.42627 1.42858 1.43075 1.43278 1.43469 1.43647 1.43814 1.43971 1.44118 1.44255 1.44384 1.44505 1.44618 1.44724 1.44823 1.44916 1.45003 1.45085 1.45161 1.45233 1.453 1.45362 1.45421 1.45476 1.45562 #female fecundity; weighted by N in year Y_init across morphs and areas
# Age specific selectivity and weight adjusted for discard and discard mortality
 #wt and selex for gender,fleet: 1 1
 0.0108446 0.0216524 0.061032 0.119684 0.197096 0.290101 0.395066 0.50872 0.6284 0.752075 0.878311 1.00624 1.13551 1.26612 1.39828 1.53218 1.66789 1.80524 1.94382 2.08299 2.22198 2.35998 2.49618 2.62986 2.76039 2.88729 3.01018 3.12878 3.24292 3.35251 3.45749 3.55788 3.65371 3.74506 3.83202 3.91471 3.99325 4.06776 4.1384 4.20531 4.26862 4.3285 4.38509 4.43854 4.48899 4.53658 4.58146 4.62376 4.6636 4.70112 4.73644 4.76968 4.80094 4.83035 4.85799 4.88396 4.90838 4.93131 4.95284 4.97307 4.99206 5.00988 5.02661 5.0423 5.05703 5.07084 5.0838 5.09596 5.10735 5.11804 5.12816 5.13773 5.14671 5.15512 5.16301 5.1704 5.17732 5.18382 5.1899 5.1956 5.20094 5.20594 5.21063 5.21502 5.21913 5.22298 5.22659 5.22998 5.23314 5.23611 5.23889 5.24149 5.24393 5.24621 5.24835 5.25035 5.25222 5.25398 5.25562 5.25716 5.25956
 0 0 0 0 0 0 0 0 0 0 0 0 0 0 0 0 0 0 0 0 0 0 0 0 0 0 0 0 0 0 0 0 0 0 0 0 0 0 0 0 0 0 0 0 0 0 0 0 0 0 0 0 0 0 0 0 0 0 0 0 0 0 0 0 0 0 0 0 0 0 0 0 0 0 0 0 0 0 0 0 0 0 0 0 0 0 0 0 0 0 0 0 0 0 0 0 0 0 0 1 0
 #wt and selex for gender,fleet: 1 3
 0.0107567 0.0200964 0.0546113 0.107125 0.177095 0.262165 0.359429 0.466129 0.57992 0.698979 0.822081 0.9486 1.07837 1.21145 1.34785 1.4874 1.62959 1.77368 1.91872 2.0637 2.20762 2.34959 2.48886 2.62482 2.75699 2.88504 3.0087 3.12783 3.24231 3.35212 3.45724 3.55772 3.65361 3.745 3.83198 3.91469 3.99323 4.06775 4.13839 4.2053 4.26862 4.3285 4.38509 4.43854 4.48899 4.53658 4.58146 4.62375 4.6636 4.70112 4.73644 4.76968 4.80094 4.83035 4.85799 4.88396 4.90838 4.93131 4.95284 4.97307 4.99206 5.00988 5.02661 5.0423 5.05703 5.07084 5.0838 5.09596 5.10735 5.11804 5.12816 5.13773 5.14671 5.15512 5.16301 5.1704 5.17732 5.18381 5.1899 5.1956 5.20094 5.20594 5.21063 5.21502 5.21913 5.22298 5.22659 5.22997 5.23314 5.23611 5.23889 5.24149 5.24393 5.24621 5.24835 5.25035 5.25222 5.25398 5.25562 5.25716 5.25956
 0 0 0 0 0 0 0 0 0 0 0 0 0 0 0 0 0 0 0 0 0 0 0 0 0 0 0 0 0 0 0 0 0 0 0 0 0 0 0 0 0 0 0 0 0 0 0 0 0 0 0 0 0 0 0 0 0 0 0 0 0 0 0 0 0 0 0 0 0 0 0 0 0 0 0 0 0 0 0 0 0 0 0 0 0 0 0 0 0 0 0 0 0 0 0 0 0 0 0 1 0
 #wt and selex for gender,fleet: 1 4
 0.0106872 0.0188499 0.0491983 0.0974665 0.163765 0.246816 0.344543 0.454606 0.574707 0.70273 0.836808 0.975325 1.1169 1.26037 1.40478 1.54934 1.69341 1.83649 1.97818 2.11812 2.256 2.39154 2.52445 2.65445 2.78128 2.90466 3.02439 3.14024 3.25207 3.35973 3.46316 3.56231 3.65716 3.74774 3.83411 3.91633 3.99451 4.06875 4.13918 4.20592 4.26911 4.32889 4.3854 4.43879 4.48919 4.53675 4.5816 4.62387 4.6637 4.7012 4.73651 4.76974 4.80099 4.83039 4.85802 4.884 4.9084 4.93133 4.95287 4.97309 4.99207 5.0099 5.02662 5.04232 5.05704 5.07086 5.08381 5.09597 5.10736 5.11805 5.12816 5.13774 5.14671 5.15513 5.16301 5.17041 5.17733 5.18382 5.1899 5.1956 5.20094 5.20595 5.21063 5.21502 5.21914 5.22299 5.2266 5.22998 5.23315 5.23611 5.23889 5.2415 5.24393 5.24621 5.24835 5.25035 5.25223 5.25398 5.25563 5.25717 5.25957
 0 0 0 0 0 0 0 0 0 0 0 0 0 0 0 0 0 0 0 0 0 0 0 0 0 0 0 0 0 0 0 0 0 0 0 0 0 0 0 0 0 0 0 0 0 0 0 0 0 0 0 0 0 0 0 0 0 0 0 0 0 0 0 0 0 0 0 0 0 0 0 0 0 0 0 0 0 0 0 0 0 0 0 0 0 0 0 0 0 0 0 0 0 0 0 0 0 0 0 1 0
 #wt and selex for gender,fleet: 1 5
 0.0107658 0.0202792 0.0558395 0.11073 0.184959 0.276384 0.382038 0.498916 0.624303 0.755897 0.891804 1.0305 1.17079 1.31172 1.4526 1.59291 1.73229 1.8705 2.00735 2.14268 2.27632 2.40805 2.53765 2.66484 2.78933 2.91083 3.02904 3.14372 3.25463 3.36161 3.46453 3.56329 3.65786 3.74824 3.83446 3.91658 3.99469 4.06887 4.13926 4.20598 4.26915 4.32892 4.38542 4.4388 4.4892 4.53675 4.5816 4.62387 4.66369 4.7012 4.73651 4.76974 4.80099 4.83039 4.85802 4.884 4.9084 4.93133 4.95287 4.97309 4.99207 5.00989 5.02662 5.04231 5.05704 5.07085 5.08381 5.09597 5.10736 5.11805 5.12816 5.13774 5.14671 5.15513 5.16301 5.1704 5.17733 5.18382 5.1899 5.1956 5.20094 5.20595 5.21063 5.21502 5.21914 5.22299 5.2266 5.22998 5.23315 5.23611 5.23889 5.24149 5.24393 5.24621 5.24835 5.25035 5.25223 5.25398 5.25563 5.25717 5.25957
 0 0 0 0 0 0 0 0 0 0 0 0 0 0 0 0 0 0 0 0 0 0 0 0 0 0 0 0 0 0 0 0 0 0 0 0 0 0 0 0 0 0 0 0 0 0 0 0 0 0 0 0 0 0 0 0 0 0 0 0 0 0 0 0 0 0 0 0 0 0 0 0 0 0 0 0 0 0 0 0 0 0 0 0 0 0 0 0 0 0 0 0 0 0 0 0 0 0 0 1 0
 #wt and selex for gender,fleet: 1 6
 0.0112445 0.0277435 0.0778534 0.145626 0.22819 0.319817 0.416082 0.514383 0.614101 0.716337 0.823095 0.936342 1.05734 1.18634 1.32261 1.4647 1.61083 1.75917 1.90808 2.05621 2.20251 2.34616 2.48655 2.62322 2.75582 2.88412 3.00792 3.12711 3.24163 3.35144 3.45656 3.55702 3.6529 3.74427 3.83124 3.91393 3.99246 4.06697 4.1376 4.2045 4.26781 4.32768 4.38426 4.4377 4.48815 4.53574 4.58061 4.6229 4.66274 4.70026 4.73558 4.76881 4.80007 4.82947 4.85711 4.88308 4.90749 4.93042 4.95196 4.97218 4.99117 5.00899 5.02571 5.04141 5.05614 5.06995 5.08291 5.09506 5.10646 5.11714 5.12726 5.13683 5.1458 5.15421 5.16209 5.16948 5.17641 5.1829 5.18898 5.19467 5.20001 5.20501 5.2097 5.21409 5.2182 5.22205 5.22566 5.22904 5.2322 5.23517 5.23795 5.24055 5.24298 5.24527 5.2474 5.2494 5.25128 5.25303 5.25468 5.25622 5.25861
 0 0 0 0 0 0 0 0 0 0 0 0 0 0 0 0 0 0 0 0 0 0 0 0 0 0 0 0 0 0 0 0 0 0 0 0 0 0 0 0 0 0 0 0 0 0 0 0 0 0 0 0 0 0 0 0 0 0 0 0 0 0 0 0 0 0 0 0 0 0 0 0 0 0 0 0 0 0 0 0 0 0 0 0 0 0 0 0 0 0 0 0 0 0 0 0 0 0 0 1 0
 #wt and selex for gender,fleet: 1 7
 0.0105879 0.0170049 0.0390185 0.0756019 0.127567 0.194791 0.276656 0.372128 0.479884 0.598429 0.726189 0.861584 1.00307 1.1492 1.29859 1.45 1.6023 1.7545 1.9057 2.05513 2.20215 2.34619 2.48679 2.62359 2.75627 2.88462 3.00846 3.12769 3.24224 3.35208 3.45722 3.55771 3.6536 3.74499 3.83198 3.91468 3.99323 4.06775 4.13839 4.2053 4.26862 4.3285 4.38509 4.43854 4.48899 4.53658 4.58146 4.62375 4.6636 4.70112 4.73644 4.76968 4.80094 4.83034 4.85799 4.88396 4.90837 4.93131 4.95284 4.97307 4.99206 5.00988 5.02661 5.0423 5.05703 5.07084 5.0838 5.09596 5.10735 5.11804 5.12816 5.13773 5.14671 5.15512 5.16301 5.1704 5.17732 5.18381 5.1899 5.1956 5.20094 5.20594 5.21063 5.21502 5.21913 5.22298 5.22659 5.22997 5.23314 5.23611 5.23889 5.24149 5.24393 5.24621 5.24835 5.25035 5.25222 5.25398 5.25562 5.25716 5.25956
 0 0 0 0 0 0 0 0 0 0 0 0 0 0 0 0 0 0 0 0 0 0 0 0 0 0 0 0 0 0 0 0 0 0 0 0 0 0 0 0 0 0 0 0 0 0 0 0 0 0 0 0 0 0 0 0 0 0 0 0 0 0 0 0 0 0 0 0 0 0 0 0 0 0 0 0 0 0 0 0 0 0 0 0 0 0 0 0 0 0 0 0 0 0 0 0 0 0 0 1 0
# M and current age-structure in year Yinit: 2011
 # gender = 1
 0.0439034 0.0439034 0.0439034 0.0439034 0.0439034 0.0439034 0.0439034 0.0439034 0.0439034 0.0439034 0.0439034 0.0439034 0.0439034 0.0439034 0.0439034 0.0439034 0.0439034 0.0439034 0.0439034 0.0439034 0.0439034 0.0439034 0.0439034 0.0439034 0.0439034 0.0439034 0.0439034 0.0439034 0.0439034 0.0439034 0.0439034 0.0439034 0.0439034 0.0439034 0.0439034 0.0439034 0.0439034 0.0439034 0.0439034 0.0439034 0.0439034 0.0439034 0.0439034 0.0439034 0.0439034 0.0439034 0.0439034 0.0439034 0.0439034 0.0439034 0.0439034 0.0439034 0.0439034 0.0439034 0.0439034 0.0439034 0.0439034 0.0439034 0.0439034 0.0439034 0.0439034 0.0439034 0.0439034 0.0439034 0.0439034 0.0439034 0.0439034 0.0439034 0.0439034 0.0439034 0.0439034 0.0439034 0.0439034 0.0439034 0.0439034 0.0439034 0.0439034 0.0439034 0.0439034 0.0439034 0.0439034 0.0439034 0.0439034 0.0439034 0.0439034 0.0439034 0.0439034 0.0439034 0.0439034 0.0439034 0.0439034 0.0439034 0.0439034 0.0439034 0.0439034 0.0439034 0.0439034 0.0439034 0.0439034 0.0439034 0.0439034
 217.247 222.711 195.532 254.354 159.443 118.839 88.5919 65.5024 134.376 269.82 91.6921 66.2955 132.867 65.7369 38.6472 31.6718 31.6839 66.6043 88.6965 32.1856 24.5508 25.9304 27.8806 28.2427 28.6022 27.3623 31.2182 37.4966 28.9853 34.9263 21.949 15.0735 11.1087 8.35194 8.82696 8.28755 7.82519 4.92739 4.54692 5.46322 8.18968 5.52205 4.10582 3.02004 2.29648 1.85818 1.41453 1.14441 1.07622 1.14587 1.28058 1.35383 1.26592 1.09601 0.940623 0.831249 0.77099 0.754257 0.776174 0.834803 0.924047 1.01861 1.06205 1.00854 0.891295 0.77142 0.674131 0.601102 0.547332 0.506719 0.475096 0.449633 0.428587 0.410617 0.394299 0.378389 0.362019 0.345043 0.327847 0.311126 0.295507 0.281374 0.2688 0.257707 0.247841 0.238895 0.23059 0.222697 0.215029 0.207469 0.199949 0.192435 0.184936 0.177508 0.170146 0.162815 0.155702 0.148842 0.142252 0.135947 3.03011
# Age-structure at Ydeclare= 2013
 112.261 104.841 198.896 203.815 178.922 232.72 145.85 108.669 80.9689 59.8289 122.655 246.125 83.5915 60.4095 121.024 59.8593 35.1836 28.8284 28.8357 60.611 80.7094 29.2857 22.3378 23.5923 25.3659 25.6946 26.0209 24.8922 28.3993 34.1099 26.3666 31.7699 19.9649 13.7105 10.104 7.59642 8.02832 7.53759 7.11696 4.48136 4.13528 4.96855 7.44803 5.0219 3.73389 2.74643 2.0884 1.68979 1.28634 1.04068 0.978666 1.04199 1.16449 1.23109 1.15115 0.996643 0.85534 0.755881 0.701085 0.685868 0.705797 0.759109 0.840259 0.92625 0.965745 0.91709 0.810475 0.701468 0.613001 0.546594 0.4977 0.460769 0.432013 0.40886 0.389722 0.373381 0.358543 0.344075 0.32919 0.313753 0.298117 0.282912 0.268709 0.255858 0.244425 0.234337 0.225366 0.217232 0.20968 0.202503 0.19553 0.188656 0.181818 0.174985 0.168166 0.161412 0.154718 0.148051 0.141583 0.135345 3.00832
# Year for Tmin Age-structure (set to Ydecl by SS)
2013
#  recruitment and biomass
# Number of historical assessment years
129
# Historical data
# year recruitment spawner in B0 in R project in R/S project
1888  1889 1890 1891 1892 1893 1894 1895 1896 1897 1898 1899 1900 1901 1902 1903 1904 1905 1906 1907 1908 1909 1910 1911 1912 1913 1914 1915 1916 1917 1918 1919 1920 1921 1922 1923 1924 1925 1926 1927 1928 1929 1930 1931 1932 1933 1934 1935 1936 1937 1938 1939 1940 1941 1942 1943 1944 1945 1946 1947 1948 1949 1950 1951 1952 1953 1954 1955 1956 1957 1958 1959 1960 1961 1962 1963 1964 1965 1966 1967 1968 1969 1970 1971 1972 1973 1974 1975 1976 1977 1978 1979 1980 1981 1982 1983 1984 1985 1986 1987 1988 1989 1990 1991 1992 1993 1994 1995 1996 1997 1998 1999 2000 2001 2002 2003 2004 2005 2006 2007 2008 2009 2010 2011 2012 2013 2014 2015 2016 #years (with first value representing R0)
213.421 210.256 210.153 210.047 209.937 209.818 209.694 209.567 209.443 209.316 209.185 209.052 208.912 208.772 208.631 208.476 208.32 208.164 208.01 207.867 207.727 207.587 207.452 207.318 207.181 207.023 206.824 206.548 206.162 205.619 204.705 203.493 202.012 200.228 198.157 195.851 193.385 190.857 188.404 186.169 184.304 182.947 182.171 181.919 182.052 182.278 182.231 181.589 180.249 178.381 176.443 174.963 174.43 175.197 177.669 182.509 190.65 203.383 221.391 243.317 261.867 262.246 239.156 206.248 177.097 156.458 144.417 140.155 143.378 153.817 169.743 185.433 187.246 166.883 140.335 123.479 122.54 140.708 170.835 193.979 232.847 286.908 347.181 459.792 271.862 199.108 188.568 259.949 237.549 217.047 175.349 198.257 227.661 279.555 374.296 261.272 284.881 200.925 150.356 135.609 116.835 101.848 84.6082 72.233 86.4349 219.752 153.889 68.74 64.8268 74.8197 120.464 230.915 109.338 143.635 403.491 191.954 89.3944 115.561 148.262 190.264 290.362 213.547 232.707 217.247 109.546 112.261 115.728 133.868 166.16  #recruits; first value is R0 (virgin)
2204.11  2204.11 2204.1 2204.09 2204.07 2203.2 2202.36 2201.53 2201.33 2201.3 2201.27 2201.24 2201.16 2201.03 2200.82 2200.53 2200.15 2199.66 2199.1 2198.46 2197.73 2196.69 2195.8 2194.85 2193.82 2192.73 2191.59 2190.38 2188.98 2187.16 2184.95 2178.57 2175.32 2172.26 2169.29 2166.85 2164.21 2160.44 2155.92 2149.75 2142.09 2134.58 2127.95 2120.6 2115.25 2110.17 2105.04 2098.79 2092.43 2084.06 2076.19 2067.68 2060.41 2050.83 2038.23 2024.96 2002.69 1979.15 1945.22 1914.08 1898.72 1882.05 1868.95 1854.47 1837.01 1822.19 1811.12 1798.15 1786.13 1774.25 1760.28 1747.87 1737.65 1729.7 1725.41 1719.78 1717.57 1718.01 1699.2 1694.89 1687.35 1679.53 1653.71 1637.44 1614.92 1586.1 1554.51 1519.39 1485.45 1446.06 1407.91 1344.09 1282.25 1234.51 1171.77 1066.51 970.376 919.14 843.301 801.125 752.495 708.37 652.582 613.633 550.862 493.356 438.633 410.209 381.497 348.907 312.08 303.206 284.877 292.158 298.354 312.842 327.943 344.002 360.24 377.096 393.342 410.632 428.246 447.904 468.695 490.653 514.215 539.589 565.526 #spbio; first value is SSB_virgin (virgin)
1 0 0 0 0 0 0 0 0 0 0 0 0 0 0 0 0 0 0 0 0 0 0 0 0 0 0 0 0 0 0 0 0 0 0 0 0 0 0 0 0 0 0 0 0 0 0 0 0 0 0 0 0 0 0 0 0 0 0 0 0 0 0 0 0 0 0 0 0 0 0 0 0 0 0 0 0 0 0 0 0 0 0 0 0 0 0 0 0 0 0 0 0 0 0 0 0 0 0 0 0 0 0 0 0 0 0 0 0 0 0 0 0 0 0 0 0 0 0 0 0 0 0 0 0 0 0 0 0  # in Bzero
0 1 1 1 1 1 1 1 1 1 1 1 1 1 1 1 1 1 1 1 1 1 1 1 1 1 1 1 1 1 1 1 1 1 1 1 1 1 1 1 1 1 1 1 1 1 1 1 1 1 1 1 1 1 1 1 1 1 1 1 1 1 1 1 1 1 1 1 1 1 1 1 1 1 1 1 1 1 1 1 1 1 1 1 1 1 1 1 1 1 1 1 1 1 1 1 1 1 1 1 1 1 1 1 1 1 1 1 1 1 1 1 1 1 1 1 1 1 1 1 1 1 1 1 1 1  0 0 0 # in R project
0 1 1 1 1 1 1 1 1 1 1 1 1 1 1 1 1 1 1 1 1 1 1 1 1 1 1 1 1 1 1 1 1 1 1 1 1 1 1 1 1 1 1 1 1 1 1 1 1 1 1 1 1 1 1 1 1 1 1 1 1 1 1 1 1 1 1 1 1 1 1 1 1 1 1 1 1 1 1 1 1 1 1 1 1 1 1 1 1 1 1 1 1 1 1 1 1 1 1 1 1 1 1 1 1 1 1 1 1 1 1 1 1 1 1 1 1 1 1 1 1 1 1 1 1 1  0 0 0 # in R/S project
# Number of years with pre-specified catches
0
# catches for years with pre-specified catches go next
# Number of future recruitments to override
-2
# Process for overiding (-1 for average otherwise index in data list)
# Which probability to product detailed results for (1=0.5; 2=0.6; etc.)
3
# Steepness sigma-R Auto-correlation
0.718 0.5 0
# Target SPR rate (FMSY Proxy); manually change to SPR_MSY if not using SPR_target
0.5
# Discount rate (for cumulative catch)
0.1
# Truncate the series when 0.4B0 is reached (1=Yes)
0
# Set F to FMSY once 0.4B0 is reached (1=Yes)
0
# Maximum possible F for projection (-1 to set to FMSY)
-1
# Defintion of recovery (1=now only;2=now or before)
2
# Projection type
4
# Definition of the 40-10 rule
10 40
# Calculate coefficients of variation (1=Yes)
0
# Number of replicates to use
10
# Random number seed
-99004
# File with multiple parameter vectors 
rebuild.SSO
# User-specific projection (1=Yes); Output replaced (1->9)
0  5
# Catches and Fs (Year; 1/2/3 (F or C or SPR); value); Final row is -1
2016 1 1
-1 -1 -1
# Fixed catch project (1=Yes); Output replaced (1->9); Approach (-1=Read in else 1-9)
0 2 -1
# Split of Fs
2011  0.000580581
 0
 0.183562
 0.00846484
 0.326319
 0.296137
 0.184936
-1  1 1 1 1 1 1 1 1 1 1 1 1
# Yrs to define T_target for projection type 4 (a.k.a. 5 pre-specified inputs)
2022 2023 2024 2025 2026 
# Year for probability of recovery
2026 2027 2028 2029 2030 2031 2032 2033
# Time varying weight-at-age (1=Yes;0=No)
0
# File with time series of weight-at-age data
none
# Use bisection (0) or linear interpolation (1)
1
# Target Depletion
0.4
# CV of implementation error
0
