#Title, #runnumber: 271 yelloweye_data.ss yelloweye_control.ss 5696.08 2268.34 817.526 StartTime: Fri Jul 21 12:40:33 2017
SSv3_default_rebuild.dat
# Number of sexes
1
# Age range to consider (minimum age; maximum age)
0 100
# Number of fleets
12
# First year of projection (Yinit)
2011
# First Year of rebuilding period (Ydecl)
2013
# Number of simulations
1000
# Maximum number of years
500
# Conduct projections with multiple starting values (0=No;else yes)
0
# Number of parameter vectors
1000
# Is the maximum age a plus-group (1=Yes;2=No)
1
# Generate future recruitments using historical recruitments (1)  historical recruits/spawner (2)  or a stock-recruitment (3)
3
# Constant fishing mortality (1) or constant Catch (2) projections
1
# Fishing mortality based on SPR (1) or actual rate (2)
1
# Pre-specify the year of recovery (or -1) to ignore
-1
# Fecundity-at-age
# 0 1 2 3 4 5 6 7 8 9 10 11 12 13 14 15 16 17 18 19 20 21 22 23 24 25 26 27 28 29 30 31 32 33 34 35 36 37 38 39 40 41 42 43 44 45 46 47 48 49 50 51 52 53 54 55 56 57 58 59 60 61 62 63 64 65 66 67 68 69 70 71 72 73 74 75 76 77 78 79 80 81 82 83 84 85 86 87 88 89 90 91 92 93 94 95 96 97 98 99 100 #runnumber: 271 yelloweye_data.ss yelloweye_control.ss 5696.08 2268.34 817.526
 0 0 3.17667e-008 3.96955e-007 3.54093e-006 2.43662e-005 0.000134059 0.00059385 0.0021116 0.00607197 0.0144327 0.0291921 0.0517235 0.0823675 0.120432 0.164499 0.212827 0.263706 0.315673 0.367606 0.418724 0.468534 0.516759 0.56327 0.60803 0.651056 0.692388 0.732076 0.770171 0.80672 0.841766 0.875347 0.907501 0.938262 0.967663 0.995739 1.02252 1.04805 1.07236 1.09549 1.11748 1.13836 1.15818 1.17698 1.19479 1.21165 1.22762 1.24271 1.25699 1.27047 1.28321 1.29523 1.30657 1.31726 1.32734 1.33684 1.34579 1.35422 1.36216 1.36963 1.37666 1.38327 1.38949 1.39534 1.40083 1.406 1.41086 1.41542 1.41971 1.42373 1.42751 1.43116 1.43458 1.43779 1.44081 1.44364 1.44629 1.44879 1.45113 1.45332 1.45538 1.45732 1.45913 1.46083 1.46243 1.46393 1.46533 1.46665 1.46788 1.46904 1.47013 1.47115 1.4721 1.473 1.47384 1.47463 1.47537 1.47606 1.47671 1.47732 1.47828 #female fecundity; weighted by N in year Y_init across morphs and areas
# Age specific selectivity and weight adjusted for discard and discard mortality
 #wt and selex for gender,fleet: 1 1
 0.0111542 0.0232847 0.0626261 0.120821 0.197416 0.289492 0.393649 0.506764 0.626235 0.750021 0.876619 1.00503 1.13474 1.26558 1.39765 1.53111 1.66604 1.80235 1.93976 2.07777 2.21573 2.35293 2.48862 2.6221 2.75275 2.88008 3.00365 3.12318 3.23845 3.34932 3.45572 3.55764 3.65509 3.74813 3.83683 3.92129 4.00163 4.07797 4.15043 4.21916 4.28429 4.34597 4.40434 4.45954 4.51172 4.561 4.60754 4.65146 4.69288 4.73194 4.76876 4.80345 4.83612 4.86688 4.89584 4.92309 4.94873 4.97285 4.99553 5.01685 5.03689 5.05572 5.07342 5.09005 5.10567 5.12034 5.13412 5.14705 5.1592 5.1706 5.18141 5.19165 5.20126 5.21028 5.21875 5.22669 5.23414 5.24113 5.24769 5.25384 5.25961 5.26503 5.2701 5.27487 5.27933 5.28352 5.28745 5.29113 5.29459 5.29783 5.30087 5.30371 5.30638 5.30889 5.31123 5.31344 5.3155 5.31743 5.31925 5.32095 5.32362
 0 0 0 0 0 0 0 0 0 0 0 0 0 0 0 0 0 0 0 0 0 0 0 0 0 0 0 0 0 0 0 0 0 0 0 0 0 0 0 0 0 0 0 0 0 0 0 0 0 0 0 0 0 0 0 0 0 0 0 0 0 0 0 0 0 0 0 0 0 0 0 0 0 0 0 0 0 0 0 0 0 0 0 0 0 0 0 0 0 0 0 0 0 0 0 0 0 0 0 1 0
 #wt and selex for gender,fleet: 1 3
 0.011055 0.0216913 0.0567339 0.1094 0.179211 0.263919 0.360745 0.467027 0.580465 0.699233 0.822041 0.948152 1.0773 1.20948 1.34473 1.48294 1.62373 1.76648 1.91036 2.05444 2.19778 2.33949 2.4788 2.61509 2.74785 2.8767 3.00136 3.12164 3.23743 3.34864 3.45528 3.55735 3.6549 3.748 3.83675 3.92124 4.00159 4.07794 4.15041 4.21915 4.28428 4.34596 4.40433 4.45954 4.51171 4.561 4.60754 4.65146 4.69288 4.73194 4.76876 4.80345 4.83612 4.86689 4.89584 4.9231 4.94873 4.97285 4.99553 5.01685 5.03689 5.05572 5.07342 5.09005 5.10567 5.12034 5.13412 5.14705 5.1592 5.1706 5.18141 5.19165 5.20126 5.21028 5.21875 5.22669 5.23414 5.24113 5.24769 5.25384 5.25961 5.26503 5.27011 5.27487 5.27933 5.28352 5.28745 5.29114 5.29459 5.29783 5.30087 5.30371 5.30638 5.30889 5.31124 5.31344 5.3155 5.31744 5.31925 5.32095 5.32362
 0 0 0 0 0 0 0 0 0 0 0 0 0 0 0 0 0 0 0 0 0 0 0 0 0 0 0 0 0 0 0 0 0 0 0 0 0 0 0 0 0 0 0 0 0 0 0 0 0 0 0 0 0 0 0 0 0 0 0 0 0 0 0 0 0 0 0 0 0 0 0 0 0 0 0 0 0 0 0 0 0 0 0 0 0 0 0 0 0 0 0 0 0 0 0 0 0 0 0 1 0
 #wt and selex for gender,fleet: 1 4
 0.0109749 0.0203862 0.0518112 0.100829 0.167512 0.250535 0.347823 0.457069 0.576026 0.70264 0.835103 0.971861 1.11159 1.25321 1.39581 1.53868 1.68127 1.82315 1.96394 2.10334 2.24104 2.37674 2.51014 2.64092 2.76876 2.89338 3.01449 3.13188 3.24533 3.35471 3.45991 3.56087 3.65757 3.75003 3.83828 3.92241 4.00248 4.07862 4.15093 4.21955 4.28459 4.34621 4.40453 4.45969 4.51183 4.5611 4.60762 4.65152 4.69293 4.73199 4.7688 4.80348 4.83615 4.86691 4.89586 4.92311 4.94875 4.97286 4.99554 5.01686 5.0369 5.05573 5.07343 5.09005 5.10567 5.12034 5.13412 5.14706 5.1592 5.17061 5.18141 5.19165 5.20126 5.21028 5.21875 5.22669 5.23414 5.24113 5.24769 5.25384 5.25962 5.26503 5.27011 5.27487 5.27934 5.28352 5.28745 5.29114 5.29459 5.29783 5.30087 5.30372 5.30639 5.30889 5.31124 5.31344 5.3155 5.31744 5.31925 5.32095 5.32362
 0 0 0 0 0 0 0 0 0 0 0 0 0 0 0 0 0 0 0 0 0 0 0 0 0 0 0 0 0 0 0 0 0 0 0 0 0 0 0 0 0 0 0 0 0 0 0 0 0 0 0 0 0 0 0 0 0 0 0 0 0 0 0 0 0 0 0 0 0 0 0 0 0 0 0 0 0 0 0 0 0 0 0 0 0 0 0 0 0 0 0 0 0 0 0 0 0 0 0 1 0
 #wt and selex for gender,fleet: 1 5
 0.011069 0.0219463 0.0581467 0.113268 0.187332 0.278269 0.383235 0.499332 0.623928 0.75477 0.889995 1.0281 1.16786 1.30836 1.44885 1.58883 1.72791 1.86585 2.00244 2.13755 2.271 2.40262 2.5322 2.65948 2.78421 2.90609 3.02485 3.14025 3.25204 3.36006 3.46415 3.56422 3.66022 3.75211 3.83992 3.9237 4.0035 4.07943 4.15157 4.22006 4.285 4.34653 4.40479 4.45991 4.51201 4.56124 4.60774 4.65162 4.69302 4.73206 4.76886 4.80353 4.83619 4.86695 4.8959 4.92314 4.94877 4.97288 4.99556 5.01688 5.03691 5.05575 5.07344 5.09007 5.10569 5.12036 5.13413 5.14707 5.15921 5.17062 5.18142 5.19166 5.20127 5.21029 5.21876 5.2267 5.23415 5.24114 5.2477 5.25385 5.25962 5.26504 5.27011 5.27488 5.27934 5.28353 5.28746 5.29114 5.2946 5.29784 5.30087 5.30372 5.30639 5.3089 5.31124 5.31344 5.31551 5.31744 5.31926 5.32096 5.32363
 0 0 0 0 0 0 0 0 0 0 0 0 0 0 0 0 0 0 0 0 0 0 0 0 0 0 0 0 0 0 0 0 0 0 0 0 0 0 0 0 0 0 0 0 0 0 0 0 0 0 0 0 0 0 0 0 0 0 0 0 0 0 0 0 0 0 0 0 0 0 0 0 0 0 0 0 0 0 0 0 0 0 0 0 0 0 0 0 0 0 0 0 0 0 0 0 0 0 0 1 0
 #wt and selex for gender,fleet: 1 6
 0.0116902 0.03042 0.0806555 0.148409 0.230607 0.321749 0.417557 0.51545 0.614724 0.716349 0.822225 0.934289 1.05385 1.18126 1.31594 1.45657 1.60146 1.74885 1.89711 2.04489 2.19111 2.33492 2.47569 2.61295 2.74632 2.87555 3.00043 3.12083 3.23668 3.34792 3.45456 3.55663 3.65417 3.74725 3.83598 3.92046 4.0008 4.07714 4.1496 4.21832 4.28344 4.34512 4.40348 4.45867 4.51084 4.56012 4.60665 4.65057 4.69199 4.73104 4.76786 4.80254 4.83521 4.86597 4.89493 4.92218 4.94781 4.97192 4.9946 5.01592 5.03596 5.05479 5.07249 5.08912 5.10473 5.1194 5.13318 5.14612 5.15826 5.16966 5.18047 5.1907 5.20031 5.20933 5.21779 5.22573 5.23318 5.24017 5.24672 5.25287 5.25864 5.26405 5.26913 5.27389 5.27835 5.28254 5.28647 5.29015 5.2936 5.29684 5.29988 5.30272 5.30539 5.3079 5.31024 5.31244 5.31451 5.31644 5.31825 5.31995 5.32262
 0 0 0 0 0 0 0 0 0 0 0 0 0 0 0 0 0 0 0 0 0 0 0 0 0 0 0 0 0 0 0 0 0 0 0 0 0 0 0 0 0 0 0 0 0 0 0 0 0 0 0 0 0 0 0 0 0 0 0 0 0 0 0 0 0 0 0 0 0 0 0 0 0 0 0 0 0 0 0 0 0 0 0 0 0 0 0 0 0 0 0 0 0 0 0 0 0 0 0 1 0
 #wt and selex for gender,fleet: 1 7
 0.0116722 0.030425 0.0826222 0.155831 0.247749 0.352719 0.465712 0.582942 0.701836 0.820862 0.939402 1.05762 1.17621 1.29617 1.41843 1.5437 1.6723 1.80413 1.93867 2.07511 2.21245 2.34964 2.48567 2.61963 2.7508 2.87859 3.00255 3.12239 3.23789 3.34893 3.45545 3.55746 3.65497 3.74804 3.83677 3.92125 4.0016 4.07795 4.15042 4.21915 4.28428 4.34596 4.40434 4.45954 4.51171 4.561 4.60754 4.65146 4.69288 4.73194 4.76876 4.80345 4.83612 4.86689 4.89584 4.9231 4.94873 4.97285 4.99553 5.01685 5.03689 5.05572 5.07342 5.09005 5.10567 5.12034 5.13412 5.14705 5.1592 5.1706 5.18141 5.19165 5.20126 5.21028 5.21875 5.22669 5.23414 5.24113 5.24769 5.25384 5.25961 5.26503 5.27011 5.27487 5.27933 5.28352 5.28745 5.29114 5.29459 5.29783 5.30087 5.30371 5.30638 5.30889 5.31124 5.31344 5.3155 5.31744 5.31925 5.32095 5.32362
 0 0 0 0 0 0 0 0 0 0 0 0 0 0 0 0 0 0 0 0 0 0 0 0 0 0 0 0 0 0 0 0 0 0 0 0 0 0 0 0 0 0 0 0 0 0 0 0 0 0 0 0 0 0 0 0 0 0 0 0 0 0 0 0 0 0 0 0 0 0 0 0 0 0 0 0 0 0 0 0 0 0 0 0 0 0 0 0 0 0 0 0 0 0 0 0 0 0 0 1 0
# M and current age-structure in year Yinit: 2011
 # gender = 1
 0.0439034 0.0439034 0.0439034 0.0439034 0.0439034 0.0439034 0.0439034 0.0439034 0.0439034 0.0439034 0.0439034 0.0439034 0.0439034 0.0439034 0.0439034 0.0439034 0.0439034 0.0439034 0.0439034 0.0439034 0.0439034 0.0439034 0.0439034 0.0439034 0.0439034 0.0439034 0.0439034 0.0439034 0.0439034 0.0439034 0.0439034 0.0439034 0.0439034 0.0439034 0.0439034 0.0439034 0.0439034 0.0439034 0.0439034 0.0439034 0.0439034 0.0439034 0.0439034 0.0439034 0.0439034 0.0439034 0.0439034 0.0439034 0.0439034 0.0439034 0.0439034 0.0439034 0.0439034 0.0439034 0.0439034 0.0439034 0.0439034 0.0439034 0.0439034 0.0439034 0.0439034 0.0439034 0.0439034 0.0439034 0.0439034 0.0439034 0.0439034 0.0439034 0.0439034 0.0439034 0.0439034 0.0439034 0.0439034 0.0439034 0.0439034 0.0439034 0.0439034 0.0439034 0.0439034 0.0439034 0.0439034 0.0439034 0.0439034 0.0439034 0.0439034 0.0439034 0.0439034 0.0439034 0.0439034 0.0439034 0.0439034 0.0439034 0.0439034 0.0439034 0.0439034 0.0439034 0.0439034 0.0439034 0.0439034 0.0439034 0.0439034
 315.789 320.887 287.519 368.666 230.685 173.335 129.013 96.8224 202.636 359.538 143.277 103.281 176.231 97.9034 55.6029 44.652 44.3955 88.6562 115.927 44.4461 33.2273 34.9938 38.17 39.0651 39.2509 37.6821 42.9095 52.4257 40.8763 46.3839 31.4127 21.0478 14.8748 11.4388 12.1111 11.2521 10.6037 6.75311 6.25929 7.49716 11.3815 7.75828 5.72045 4.19074 3.17133 2.56273 1.95728 1.58722 1.49253 1.58686 1.77163 1.87777 1.76667 1.53638 1.32007 1.16567 1.07953 1.05446 1.08369 1.1638 1.2857 1.41466 1.47504 1.40531 1.24784 1.08309 0.947884 0.84605 0.77074 0.713944 0.669704 0.634172 0.604873 0.579817 0.557005 0.534616 0.511466 0.487341 0.462864 0.439051 0.416821 0.396715 0.378874 0.363158 0.349211 0.336612 0.324963 0.31392 0.303214 0.292662 0.282152 0.271635 0.261117 0.250651 0.240297 0.229969 0.21994 0.210256 0.200945 0.192029 4.24951
# Age-structure at Ydeclare= 2013
 160.71 152.048 289.242 293.907 263.335 337.63 211.231 158.673 118.051 88.5486 185.207 328.405 130.791 94.2293 160.711 89.2476 50.6717 40.6825 40.4418 80.7504 105.579 40.476 30.2578 31.8652 34.7563 35.5705 35.7387 34.3094 39.0678 47.7305 37.2142 42.2269 28.5965 19.1602 13.5404 10.4123 11.024 10.2419 9.65147 6.14651 5.69691 6.82341 10.3584 7.06076 5.20604 3.81382 2.88604 2.33215 1.78115 1.44438 1.35819 1.44402 1.61214 1.70871 1.60761 1.39805 1.20121 1.0607 0.982317 0.959503 0.986097 1.059 1.16992 1.28726 1.3422 1.27875 1.13545 0.985546 0.862515 0.769852 0.701324 0.649642 0.609387 0.577054 0.550394 0.527595 0.506837 0.486464 0.465399 0.443447 0.421174 0.399507 0.379279 0.360984 0.34475 0.330449 0.317758 0.306294 0.295695 0.285646 0.275904 0.266303 0.25674 0.24717 0.2376 0.228077 0.218655 0.209257 0.200131 0.19132 4.22437
# Year for Tmin Age-structure (set to Ydecl by SS)
2013
#  recruitment and biomass
# Number of historical assessment years
129
# Historical data
# year recruitment spawner in B0 in R project in R/S project
1888  1889 1890 1891 1892 1893 1894 1895 1896 1897 1898 1899 1900 1901 1902 1903 1904 1905 1906 1907 1908 1909 1910 1911 1912 1913 1914 1915 1916 1917 1918 1919 1920 1921 1922 1923 1924 1925 1926 1927 1928 1929 1930 1931 1932 1933 1934 1935 1936 1937 1938 1939 1940 1941 1942 1943 1944 1945 1946 1947 1948 1949 1950 1951 1952 1953 1954 1955 1956 1957 1958 1959 1960 1961 1962 1963 1964 1965 1966 1967 1968 1969 1970 1971 1972 1973 1974 1975 1976 1977 1978 1979 1980 1981 1982 1983 1984 1985 1986 1987 1988 1989 1990 1991 1992 1993 1994 1995 1996 1997 1998 1999 2000 2001 2002 2003 2004 2005 2006 2007 2008 2009 2010 2011 2012 2013 2014 2015 2016 #years (with first value representing R0)
219.065 217.977 217.927 217.874 217.818 217.759 217.696 217.629 217.559 217.484 217.406 217.324 217.233 217.14 217.046 216.937 216.824 216.711 216.597 216.492 216.389 216.285 216.182 216.077 215.967 215.829 215.643 215.371 214.977 214.415 213.457 212.208 210.645 208.757 206.565 204.128 201.533 198.894 196.355 194.077 192.214 190.903 190.215 190.103 190.401 190.803 190.912 190.377 189.064 187.159 185.134 183.566 182.97 183.748 186.328 191.373 199.89 213.106 231.721 254.036 272.212 271.818 247.969 214.328 184.467 163.282 150.978 146.82 150.503 161.683 178.337 194.102 194.965 173.486 146.194 128.975 128.182 147.077 178.307 203.157 245.653 304.791 373.153 490.662 287.66 212.29 201.138 275.662 253.877 235.945 191.522 213.168 257.298 326.817 410.363 307.862 337.332 237.183 180.351 164.2 144.355 125.986 104.363 90.5264 111.781 271.668 195.118 92.3083 88.0938 104.376 175.182 300.887 168.376 223.14 535.138 288.349 131.767 167.961 215.921 274.989 420.575 313.907 335.289 315.789 158.872 160.71 163.556 187.254 213.182  #recruits; first value is R0 (virgin)
2268.34  2268.34 2268.33 2268.3 2268.25 2267.32 2266.4 2265.47 2265.16 2265.01 2264.84 2264.67 2264.45 2264.19 2263.87 2263.5 2263.07 2262.56 2262.01 2261.4 2260.74 2259.78 2259.01 2258.17 2257.29 2256.36 2255.37 2254.34 2253.11 2251.98 2250.49 2244.83 2242.32 2240.01 2237.8 2236.12 2234.25 2231.25 2227.5 2222.09 2215.2 2208.44 2202.57 2195.95 2191.34 2186.98 2182.55 2176.97 2171.28 2163.54 2156.27 2148.33 2141.6 2132.52 2120.39 2107.56 2085.69 2062.53 2028.96 1998.15 1983.14 1966.35 1953.31 1939.09 1921.91 1907.15 1896.27 1883.32 1871.4 1859.6 1845.71 1833.31 1823.15 1815.35 1811.34 1806.05 1804.06 1804.84 1786.37 1782.38 1775.12 1767.47 1741.79 1725.62 1703.15 1674.35 1642.75 1607.55 1572.96 1532.78 1493.22 1428.44 1365.13 1316.97 1253.88 1148.58 1052.51 1000.94 925.488 883.835 834.114 789.744 732.136 693.311 629.542 572.146 518.17 492.25 466.824 438.073 405.421 400.266 386.135 397.186 406.851 427.017 447.905 469.595 491.567 514.567 537.008 560.74 585.126 612.009 640.72 671.362 704.678 740.648 778 #spbio; first value is SSB_virgin (virgin)
1 0 0 0 0 0 0 0 0 0 0 0 0 0 0 0 0 0 0 0 0 0 0 0 0 0 0 0 0 0 0 0 0 0 0 0 0 0 0 0 0 0 0 0 0 0 0 0 0 0 0 0 0 0 0 0 0 0 0 0 0 0 0 0 0 0 0 0 0 0 0 0 0 0 0 0 0 0 0 0 0 0 0 0 0 0 0 0 0 0 0 0 0 0 0 0 0 0 0 0 0 0 0 0 0 0 0 0 0 0 0 0 0 0 0 0 0 0 0 0 0 0 0 0 0 0 0 0 0  # in Bzero
0 1 1 1 1 1 1 1 1 1 1 1 1 1 1 1 1 1 1 1 1 1 1 1 1 1 1 1 1 1 1 1 1 1 1 1 1 1 1 1 1 1 1 1 1 1 1 1 1 1 1 1 1 1 1 1 1 1 1 1 1 1 1 1 1 1 1 1 1 1 1 1 1 1 1 1 1 1 1 1 1 1 1 1 1 1 1 1 1 1 1 1 1 1 1 1 1 1 1 1 1 1 1 1 1 1 1 1 1 1 1 1 1 1 1 1 1 1 1 1 1 1 1 1 1 1  0 0 0 # in R project
0 1 1 1 1 1 1 1 1 1 1 1 1 1 1 1 1 1 1 1 1 1 1 1 1 1 1 1 1 1 1 1 1 1 1 1 1 1 1 1 1 1 1 1 1 1 1 1 1 1 1 1 1 1 1 1 1 1 1 1 1 1 1 1 1 1 1 1 1 1 1 1 1 1 1 1 1 1 1 1 1 1 1 1 1 1 1 1 1 1 1 1 1 1 1 1 1 1 1 1 1 1 1 1 1 1 1 1 1 1 1 1 1 1 1 1 1 1 1 1 1 1 1 1 1 1  0 0 0 # in R/S project
# Number of years with pre-specified catches
0
# catches for years with pre-specified catches go next
# Number of future recruitments to override
-2
# Process for overiding (-1 for average otherwise index in data list)
# Which probability to product detailed results for (1=0.5; 2=0.6; etc.)
3
# Steepness sigma-R Auto-correlation
0.945503 0.5 0
# Target SPR rate (FMSY Proxy); manually change to SPR_MSY if not using SPR_target
0.5
# Discount rate (for cumulative catch)
0.1
# Truncate the series when 0.4B0 is reached (1=Yes)
0
# Set F to FMSY once 0.4B0 is reached (1=Yes)
0
# Maximum possible F for projection (-1 to set to FMSY)
-1
# Defintion of recovery (1=now only;2=now or before)
2
# Projection type
4
# Definition of the 40-10 rule
10 40
# Calculate coefficients of variation (1=Yes)
0
# Number of replicates to use
10
# Random number seed
-99004
# File with multiple parameter vectors 
rebuild.SSO
# User-specific projection (1=Yes); Output replaced (1->9)
0  5
# Catches and Fs (Year; 1/2/3 (F or C or SPR); value); Final row is -1
2016 1 1
-1 -1 -1
# Fixed catch project (1=Yes); Output replaced (1->9); Approach (-1=Read in else 1-9)
0 2 -1
# Split of Fs
2011  0.000529162
 0
 0.166338
 0.00692
 0.270441
 0.243193
 0.312579
-1  1 1 1 1 1 1 1 1 1 1 1 1
# Yrs to define T_target for projection type 4 (a.k.a. 5 pre-specified inputs)
2022 2023 2024 2025 2026 
# Year for probability of recovery
2026 2027 2028 2029 2030 2031 2032 2033
# Time varying weight-at-age (1=Yes;0=No)
0
# File with time series of weight-at-age data
none
# Use bisection (0) or linear interpolation (1)
1
# Target Depletion
0.4
# CV of implementation error
0
