#Title, #runnumber: 255 yelloweye_data.ss yelloweye_control.ss 5538.41 2270.92 663.638 StartTime: Thu Jun 15 15:04:57 2017
SSv3_default_rebuild.dat
# Number of sexes
1
# Age range to consider (minimum age; maximum age)
0 100
# Number of fleets
12
# First year of projection (Yinit)
2011
# First Year of rebuilding period (Ydecl)
2013
# Number of simulations
1000
# Maximum number of years
500
# Conduct projections with multiple starting values (0=No;else yes)
0
# Number of parameter vectors
1000
# Is the maximum age a plus-group (1=Yes;2=No)
1
# Generate future recruitments using historical recruitments (1)  historical recruits/spawner (2)  or a stock-recruitment (3)
3
# Constant fishing mortality (1) or constant Catch (2) projections
1
# Fishing mortality based on SPR (1) or actual rate (2)
1
# Pre-specify the year of recovery (or -1) to ignore
-1
# Fecundity-at-age
# 0 1 2 3 4 5 6 7 8 9 10 11 12 13 14 15 16 17 18 19 20 21 22 23 24 25 26 27 28 29 30 31 32 33 34 35 36 37 38 39 40 41 42 43 44 45 46 47 48 49 50 51 52 53 54 55 56 57 58 59 60 61 62 63 64 65 66 67 68 69 70 71 72 73 74 75 76 77 78 79 80 81 82 83 84 85 86 87 88 89 90 91 92 93 94 95 96 97 98 99 100 #runnumber: 255 yelloweye_data.ss yelloweye_control.ss 5538.41 2270.92 663.638
 0 0 5.93957e-008 7.19694e-007 6.08673e-006 3.92907e-005 0.000201838 0.000835128 0.00278902 0.00759824 0.0172719 0.0336953 0.0580032 0.0902751 0.12963 0.174573 0.223386 0.274444 0.326388 0.378195 0.429155 0.478817 0.526925 0.573349 0.618045 0.661013 0.702279 0.741878 0.77985 0.816233 0.851066 0.884385 0.916226 0.946626 0.97562 1.00325 1.02954 1.05455 1.07831 1.10087 1.12226 1.14253 1.16172 1.17988 1.19705 1.21328 1.2286 1.24306 1.2567 1.26955 1.28167 1.29308 1.30382 1.31393 1.32345 1.33239 1.3408 1.3487 1.35613 1.3631 1.36965 1.3758 1.38157 1.38698 1.39207 1.39683 1.4013 1.4055 1.40943 1.41311 1.41657 1.41989 1.42301 1.42592 1.42866 1.43122 1.43362 1.43587 1.43797 1.43994 1.44179 1.44352 1.44514 1.44666 1.44808 1.44941 1.45066 1.45182 1.45291 1.45393 1.45489 1.45579 1.45662 1.45741 1.45814 1.45883 1.45947 1.46008 1.46064 1.46117 1.46198 #female fecundity; weighted by N in year Y_init across morphs and areas
# Age specific selectivity and weight adjusted for discard and discard mortality
 #wt and selex for gender,fleet: 1 1
 0.0104223 0.0189434 0.0565457 0.11391 0.190689 0.283834 0.389659 0.504783 0.626413 0.75239 0.881155 1.01172 1.14359 1.2767 1.41118 1.54719 1.68479 1.82384 1.96393 2.10449 2.24476 2.38395 2.52126 2.65598 2.78748 2.91527 3.03897 3.1583 3.27308 3.38321 3.48865 3.58941 3.68553 3.77709 3.86419 3.94694 4.02549 4.09995 4.17049 4.23725 4.30038 4.36004 4.41638 4.46955 4.5197 4.56697 4.61152 4.65347 4.69296 4.73012 4.76507 4.79794 4.82883 4.85786 4.88514 4.91075 4.9348 4.95738 4.97857 4.99846 5.01711 5.03461 5.05102 5.06641 5.08083 5.09436 5.10704 5.11892 5.13005 5.14049 5.15036 5.15969 5.16844 5.17663 5.1843 5.19149 5.19822 5.20452 5.21043 5.21595 5.22113 5.22597 5.23051 5.23475 5.23873 5.24245 5.24593 5.2492 5.25225 5.25511 5.25778 5.26028 5.26263 5.26482 5.26687 5.26879 5.27059 5.27227 5.27384 5.27532 5.2776
 0 0 0 0 0 0 0 0 0 0 0 0 0 0 0 0 0 0 0 0 0 0 0 0 0 0 0 0 0 0 0 0 0 0 0 0 0 0 0 0 0 0 0 0 0 0 0 0 0 0 0 0 0 0 0 0 0 0 0 0 0 0 0 0 0 0 0 0 0 0 0 0 0 0 0 0 0 0 0 0 0 0 0 0 0 0 0 0 0 0 0 0 0 0 0 0 0 0 0 1 0
 #wt and selex for gender,fleet: 1 3
 0.0103725 0.0179089 0.0511582 0.102914 0.172668 0.258079 0.356149 0.464006 0.579197 0.699815 0.824575 0.952817 1.08437 1.21928 1.35757 1.49903 1.64316 1.78917 1.93609 2.08287 2.22849 2.37205 2.51278 2.65007 2.78344 2.91256 3.03717 3.15711 3.27231 3.38271 3.48833 3.5892 3.68539 3.777 3.86413 3.94691 4.02546 4.09994 4.17048 4.23724 4.30038 4.36004 4.41638 4.46955 4.51969 4.56697 4.61151 4.65346 4.69296 4.73012 4.76507 4.79794 4.82883 4.85786 4.88514 4.91075 4.9348 4.95738 4.97857 4.99845 5.01711 5.03461 5.05102 5.06641 5.08083 5.09436 5.10704 5.11892 5.13005 5.14049 5.15035 5.15969 5.16844 5.17663 5.1843 5.19149 5.19822 5.20452 5.21042 5.21595 5.22113 5.22597 5.23051 5.23475 5.23873 5.24245 5.24593 5.2492 5.25225 5.2551 5.25778 5.26028 5.26263 5.26482 5.26687 5.26879 5.27059 5.27227 5.27384 5.27532 5.2776
 0 0 0 0 0 0 0 0 0 0 0 0 0 0 0 0 0 0 0 0 0 0 0 0 0 0 0 0 0 0 0 0 0 0 0 0 0 0 0 0 0 0 0 0 0 0 0 0 0 0 0 0 0 0 0 0 0 0 0 0 0 0 0 0 0 0 0 0 0 0 0 0 0 0 0 0 0 0 0 0 0 0 0 0 0 0 0 0 0 0 0 0 0 0 0 0 0 0 0 1 0
 #wt and selex for gender,fleet: 1 4
 0.0103281 0.016986 0.0461096 0.0935239 0.159366 0.24238 0.340435 0.451116 0.572045 0.701044 0.83619 0.975831 1.11856 1.26322 1.40884 1.55468 1.70012 1.84469 1.988 2.12969 2.26944 2.40691 2.54178 2.67371 2.80239 2.92753 3.04885 3.16614 3.27923 3.38799 3.49233 3.59223 3.68768 3.77873 3.86544 3.9479 4.02622 4.10051 4.17092 4.23758 4.30064 4.36024 4.41654 4.46967 4.5198 4.56705 4.61158 4.65352 4.693 4.73015 4.7651 4.79796 4.82885 4.85788 4.88515 4.91077 4.93482 4.95739 4.97858 4.99846 5.01712 5.03461 5.05102 5.06641 5.08084 5.09436 5.10704 5.11892 5.13006 5.14049 5.15036 5.15969 5.16844 5.17663 5.18431 5.19149 5.19822 5.20453 5.21043 5.21595 5.22113 5.22597 5.23051 5.23476 5.23873 5.24245 5.24594 5.2492 5.25225 5.25511 5.25778 5.26029 5.26263 5.26482 5.26687 5.26879 5.27059 5.27227 5.27385 5.27532 5.2776
 0 0 0 0 0 0 0 0 0 0 0 0 0 0 0 0 0 0 0 0 0 0 0 0 0 0 0 0 0 0 0 0 0 0 0 0 0 0 0 0 0 0 0 0 0 0 0 0 0 0 0 0 0 0 0 0 0 0 0 0 0 0 0 0 0 0 0 0 0 0 0 0 0 0 0 0 0 0 0 0 0 0 0 0 0 0 0 0 0 0 0 0 0 0 0 0 0 0 0 1 0
 #wt and selex for gender,fleet: 1 5
 0.010385 0.0181776 0.0529179 0.1074 0.181593 0.273221 0.379122 0.496135 0.621453 0.752733 0.888085 1.02603 1.16544 1.3055 1.44567 1.58563 1.72516 1.86414 2.00242 2.13982 2.27607 2.41083 2.5437 2.67425 2.80203 2.92664 3.04771 3.16493 3.27806 3.38692 3.49139 3.59142 3.68701 3.77818 3.86499 3.94753 4.02592 4.10028 4.17073 4.23743 4.30052 4.36014 4.41646 4.46961 4.51974 4.56701 4.61155 4.65349 4.69298 4.73013 4.76508 4.79795 4.82884 4.85787 4.88514 4.91076 4.93481 4.95739 4.97857 4.99846 5.01711 5.03461 5.05102 5.06641 5.08084 5.09436 5.10704 5.11892 5.13005 5.14049 5.15036 5.15969 5.16844 5.17663 5.1843 5.19149 5.19822 5.20452 5.21043 5.21595 5.22113 5.22597 5.23051 5.23475 5.23873 5.24245 5.24594 5.2492 5.25225 5.25511 5.25778 5.26028 5.26263 5.26482 5.26687 5.26879 5.27059 5.27227 5.27385 5.27532 5.2776
 0 0 0 0 0 0 0 0 0 0 0 0 0 0 0 0 0 0 0 0 0 0 0 0 0 0 0 0 0 0 0 0 0 0 0 0 0 0 0 0 0 0 0 0 0 0 0 0 0 0 0 0 0 0 0 0 0 0 0 0 0 0 0 0 0 0 0 0 0 0 0 0 0 0 0 0 0 0 0 0 0 0 0 0 0 0 0 0 0 0 0 0 0 0 0 0 0 0 0 1 0
 #wt and selex for gender,fleet: 1 6
 0.010699 0.0241155 0.0736565 0.140792 0.223026 0.314357 0.410183 0.507946 0.607308 0.709741 0.817509 0.932643 1.05627 1.18839 1.32796 1.47329 1.62241 1.77344 1.92474 2.07499 2.22316 2.36849 2.51039 2.64841 2.78223 2.9116 3.03635 3.15636 3.27159 3.38199 3.4876 3.58846 3.68464 3.77624 3.86335 3.94611 4.02465 4.09912 4.16965 4.2364 4.29952 4.35917 4.41551 4.46867 4.51881 4.56608 4.61062 4.65257 4.69205 4.72921 4.76416 4.79702 4.82791 4.85694 4.88422 4.90983 4.93388 4.95645 4.97764 4.99752 5.01618 5.03367 5.05008 5.06547 5.0799 5.09342 5.1061 5.11798 5.12911 5.13955 5.14941 5.15874 5.16749 5.17568 5.18335 5.19053 5.19726 5.20356 5.20946 5.21498 5.22016 5.225 5.22953 5.23378 5.23775 5.24147 5.24495 5.24821 5.25127 5.25412 5.2568 5.2593 5.26164 5.26383 5.26588 5.2678 5.2696 5.27128 5.27285 5.27433 5.27661
 0 0 0 0 0 0 0 0 0 0 0 0 0 0 0 0 0 0 0 0 0 0 0 0 0 0 0 0 0 0 0 0 0 0 0 0 0 0 0 0 0 0 0 0 0 0 0 0 0 0 0 0 0 0 0 0 0 0 0 0 0 0 0 0 0 0 0 0 0 0 0 0 0 0 0 0 0 0 0 0 0 0 0 0 0 0 0 0 0 0 0 0 0 0 0 0 0 0 0 1 0
 #wt and selex for gender,fleet: 1 7
 0.0107058 0.0243544 0.0762081 0.14945 0.242383 0.348705 0.462875 0.580845 0.699986 0.818896 0.937236 1.05552 1.1748 1.29625 1.42093 1.54945 1.68194 1.81801 1.95684 2.09734 2.23829 2.37851 2.51694 2.65269 2.78507 2.91355 3.03776 3.15747 3.27252 3.38284 3.4884 3.58924 3.68542 3.77702 3.86414 3.94691 4.02547 4.09994 4.17048 4.23724 4.30038 4.36004 4.41638 4.46955 4.5197 4.56697 4.61151 4.65346 4.69296 4.73012 4.76507 4.79794 4.82883 4.85786 4.88514 4.91075 4.9348 4.95738 4.97857 4.99845 5.01711 5.03461 5.05102 5.06641 5.08083 5.09436 5.10704 5.11892 5.13005 5.14049 5.15035 5.15969 5.16844 5.17663 5.1843 5.19149 5.19822 5.20452 5.21042 5.21595 5.22113 5.22597 5.23051 5.23475 5.23873 5.24245 5.24593 5.2492 5.25225 5.2551 5.25778 5.26028 5.26263 5.26482 5.26687 5.26879 5.27059 5.27227 5.27384 5.27532 5.2776
 0 0 0 0 0 0 0 0 0 0 0 0 0 0 0 0 0 0 0 0 0 0 0 0 0 0 0 0 0 0 0 0 0 0 0 0 0 0 0 0 0 0 0 0 0 0 0 0 0 0 0 0 0 0 0 0 0 0 0 0 0 0 0 0 0 0 0 0 0 0 0 0 0 0 0 0 0 0 0 0 0 0 0 0 0 0 0 0 0 0 0 0 0 0 0 0 0 0 0 1 0
# M and current age-structure in year Yinit: 2011
 # gender = 1
 0.0439034 0.0439034 0.0439034 0.0439034 0.0439034 0.0439034 0.0439034 0.0439034 0.0439034 0.0439034 0.0439034 0.0439034 0.0439034 0.0439034 0.0439034 0.0439034 0.0439034 0.0439034 0.0439034 0.0439034 0.0439034 0.0439034 0.0439034 0.0439034 0.0439034 0.0439034 0.0439034 0.0439034 0.0439034 0.0439034 0.0439034 0.0439034 0.0439034 0.0439034 0.0439034 0.0439034 0.0439034 0.0439034 0.0439034 0.0439034 0.0439034 0.0439034 0.0439034 0.0439034 0.0439034 0.0439034 0.0439034 0.0439034 0.0439034 0.0439034 0.0439034 0.0439034 0.0439034 0.0439034 0.0439034 0.0439034 0.0439034 0.0439034 0.0439034 0.0439034 0.0439034 0.0439034 0.0439034 0.0439034 0.0439034 0.0439034 0.0439034 0.0439034 0.0439034 0.0439034 0.0439034 0.0439034 0.0439034 0.0439034 0.0439034 0.0439034 0.0439034 0.0439034 0.0439034 0.0439034 0.0439034 0.0439034 0.0439034 0.0439034 0.0439034 0.0439034 0.0439034 0.0439034 0.0439034 0.0439034 0.0439034 0.0439034 0.0439034 0.0439034 0.0439034 0.0439034 0.0439034 0.0439034 0.0439034 0.0439034 0.0439034
 239.501 253.628 221.657 282.532 183.059 134.458 99.1821 73.6173 157.915 254.475 93.5521 67.0735 112.61 66.3773 39.0906 32.4558 33.1608 68.7719 94.1907 35.456 26.9857 28.4596 30.726 31.3829 32.1679 31.1274 35.4615 43.5035 33.1969 39.4229 26.7322 18.2937 12.9427 9.90448 10.5997 9.98742 9.48189 5.97115 5.57217 6.76198 10.3812 6.97497 5.21565 3.85017 2.94261 2.38724 1.82016 1.4796 1.39954 1.49766 1.67897 1.77623 1.66162 1.44161 1.24083 1.09986 1.02309 1.00366 1.03565 1.117 1.24005 1.37108 1.43297 1.36181 1.20325 1.04139 0.910445 0.812419 0.740381 0.686055 0.64381 0.609833 0.581761 0.557762 0.535902 0.514496 0.492396 0.469436 0.446168 0.423547 0.402428 0.383336 0.366368 0.351412 0.338122 0.326076 0.314889 0.304243 0.293877 0.28363 0.273409 0.26317 0.252929 0.242767 0.232685 0.222636 0.212882 0.203474 0.194437 0.18579 4.12343
# Age-structure at Ydeclare= 2013
 127.041 116.306 219.366 232.302 203.01 258.738 167.606 123.061 90.7246 67.2916 144.229 232.231 85.309 61.1224 102.561 60.4276 35.5747 29.5291 30.1651 62.5511 85.6629 32.2438 24.5398 25.8792 27.9393 28.5358 29.2487 28.3017 32.2414 39.5517 30.1802 35.8392 24.3012 16.6296 11.765 9.00295 9.63463 9.07791 8.61823 5.42716 5.06442 6.14569 9.43489 6.33903 4.74004 3.49901 2.67419 2.16945 1.65409 1.34459 1.27182 1.36098 1.52573 1.61411 1.50995 1.31002 1.12757 0.999464 0.929699 0.912037 0.941104 1.01503 1.12684 1.24591 1.30215 1.23749 1.0934 0.946318 0.827325 0.738247 0.672786 0.62342 0.585031 0.554156 0.528647 0.506838 0.486974 0.467522 0.44744 0.426576 0.405433 0.384877 0.365686 0.348338 0.332919 0.319328 0.307252 0.296305 0.28614 0.276466 0.267046 0.257735 0.248448 0.239143 0.229837 0.220603 0.211441 0.202309 0.193447 0.184898 4.0925
# Year for Tmin Age-structure (set to Ydecl by SS)
2013
#  recruitment and biomass
# Number of historical assessment years
129
# Historical data
# year recruitment spawner in B0 in R project in R/S project
1888  1889 1890 1891 1892 1893 1894 1895 1896 1897 1898 1899 1900 1901 1902 1903 1904 1905 1906 1907 1908 1909 1910 1911 1912 1913 1914 1915 1916 1917 1918 1919 1920 1921 1922 1923 1924 1925 1926 1927 1928 1929 1930 1931 1932 1933 1934 1935 1936 1937 1938 1939 1940 1941 1942 1943 1944 1945 1946 1947 1948 1949 1950 1951 1952 1953 1954 1955 1956 1957 1958 1959 1960 1961 1962 1963 1964 1965 1966 1967 1968 1969 1970 1971 1972 1973 1974 1975 1976 1977 1978 1979 1980 1981 1982 1983 1984 1985 1986 1987 1988 1989 1990 1991 1992 1993 1994 1995 1996 1997 1998 1999 2000 2001 2002 2003 2004 2005 2006 2007 2008 2009 2010 2011 2012 2013 2014 2015 2016 #years (with first value representing R0)
217.737 215.672 215.606 215.539 215.469 215.39 215.309 215.226 215.146 215.065 214.982 214.898 214.808 214.719 214.631 214.531 214.432 214.334 214.241 214.16 214.085 214.012 213.944 213.878 213.81 213.72 213.586 213.371 213.039 212.541 211.652 210.446 208.955 207.14 205.02 202.648 200.101 197.484 194.941 192.623 190.686 189.275 188.466 188.203 188.343 188.583 188.547 187.898 186.52 184.58 182.545 180.963 180.344 181.062 183.54 188.465 196.805 209.909 228.531 251.328 270.723 271.102 246.826 212.394 181.998 160.494 147.897 143.309 146.385 156.825 172.887 188.894 191.158 170.774 143.668 126.29 125.19 143.83 175.392 199.959 240.574 297.752 361.379 484.732 282.564 206.954 195.822 272.87 250.748 230.892 186.196 208.894 252.23 313.495 391.944 279.402 310.354 215.188 161.724 144.34 122.888 106.222 87.9595 75.4993 90.8962 223.749 152.824 69.4325 64.367 73.6724 119.136 192.714 109.537 145.874 379.059 224.814 100.21 129.138 167.499 218.218 322.314 242 265.011 239.501 121.526 127.041 130.211 148.641 173.912  #recruits; first value is R0 (virgin)
2270.92  2270.92 2270.91 2270.9 2270.88 2270.01 2269.17 2268.33 2268.14 2268.11 2268.08 2268.06 2268 2267.9 2267.74 2267.53 2267.25 2266.89 2266.48 2266.01 2265.47 2264.65 2264.01 2263.31 2262.56 2261.76 2260.92 2260.04 2258.97 2257.49 2255.65 2249.64 2246.76 2244.09 2241.51 2239.48 2237.25 2233.9 2229.81 2224.07 2216.86 2209.79 2203.6 2196.69 2191.77 2187.12 2182.41 2176.57 2170.61 2162.63 2155.11 2146.94 2139.98 2130.69 2118.36 2105.33 2083.28 2059.89 2026.08 1995.03 1979.76 1963.15 1950.09 1935.64 1918.19 1903.36 1892.28 1879.3 1867.28 1855.43 1841.53 1829.24 1819.19 1811.48 1807.46 1802.07 1800.07 1800.65 1781.86 1777.49 1769.8 1761.71 1735.52 1718.82 1695.79 1666.4 1634.18 1598.37 1563.24 1522.63 1482.81 1417.9 1355.75 1307.68 1244.7 1139.07 1042.54 990.41 914.198 871.795 824.317 781.404 726.925 688.565 623.915 565.242 509.476 481.364 453.029 420.896 384.285 375.024 356.462 363.248 368.491 384.389 400.853 417.886 434.912 452.658 469.405 486.925 504.413 523.583 543.602 564.489 587.069 611.474 636.647 #spbio; first value is SSB_virgin (virgin)
1 0 0 0 0 0 0 0 0 0 0 0 0 0 0 0 0 0 0 0 0 0 0 0 0 0 0 0 0 0 0 0 0 0 0 0 0 0 0 0 0 0 0 0 0 0 0 0 0 0 0 0 0 0 0 0 0 0 0 0 0 0 0 0 0 0 0 0 0 0 0 0 0 0 0 0 0 0 0 0 0 0 0 0 0 0 0 0 0 0 0 0 0 0 0 0 0 0 0 0 0 0 0 0 0 0 0 0 0 0 0 0 0 0 0 0 0 0 0 0 0 0 0 0 0 0 0 0 0  # in Bzero
0 1 1 1 1 1 1 1 1 1 1 1 1 1 1 1 1 1 1 1 1 1 1 1 1 1 1 1 1 1 1 1 1 1 1 1 1 1 1 1 1 1 1 1 1 1 1 1 1 1 1 1 1 1 1 1 1 1 1 1 1 1 1 1 1 1 1 1 1 1 1 1 1 1 1 1 1 1 1 1 1 1 1 1 1 1 1 1 1 1 1 1 1 1 1 1 1 1 1 1 1 1 1 1 1 1 1 1 1 1 1 1 1 1 1 1 1 1 1 1 1 1 1 1 1 1  0 0 0 # in R project
0 1 1 1 1 1 1 1 1 1 1 1 1 1 1 1 1 1 1 1 1 1 1 1 1 1 1 1 1 1 1 1 1 1 1 1 1 1 1 1 1 1 1 1 1 1 1 1 1 1 1 1 1 1 1 1 1 1 1 1 1 1 1 1 1 1 1 1 1 1 1 1 1 1 1 1 1 1 1 1 1 1 1 1 1 1 1 1 1 1 1 1 1 1 1 1 1 1 1 1 1 1 1 1 1 1 1 1 1 1 1 1 1 1 1 1 1 1 1 1 1 1 1 1 1 1  0 0 0 # in R/S project
# Number of years with pre-specified catches
0
# catches for years with pre-specified catches go next
# Number of future recruitments to override
-2
# Process for overiding (-1 for average otherwise index in data list)
# Which probability to product detailed results for (1=0.5; 2=0.6; etc.)
3
# Steepness sigma-R Auto-correlation
0.718 0.5 0
# Target SPR rate (FMSY Proxy); manually change to SPR_MSY if not using SPR_target
0.5
# Discount rate (for cumulative catch)
0.1
# Truncate the series when 0.4B0 is reached (1=Yes)
0
# Set F to FMSY once 0.4B0 is reached (1=Yes)
0
# Maximum possible F for projection (-1 to set to FMSY)
-1
# Defintion of recovery (1=now only;2=now or before)
2
# Projection type
4
# Definition of the 40-10 rule
10 40
# Calculate coefficients of variation (1=Yes)
0
# Number of replicates to use
10
# Random number seed
-99004
# File with multiple parameter vectors 
rebuild.SSO
# User-specific projection (1=Yes); Output replaced (1->9)
0  5
# Catches and Fs (Year; 1/2/3 (F or C or SPR); value); Final row is -1
2016 1 1
-1 -1 -1
# Fixed catch project (1=Yes); Output replaced (1->9); Approach (-1=Read in else 1-9)
0 2 -1
# Split of Fs
2011  0.000567197
 0
 0.178296
 0.00677747
 0.256789
 0.240345
 0.317225
-1  1 1 1 1 1 1 1 1 1 1 1 1
# Yrs to define T_target for projection type 4 (a.k.a. 5 pre-specified inputs)
2022 2023 2024 2025 2026 
# Year for probability of recovery
2026 2027 2028 2029 2030 2031 2032 2033
# Time varying weight-at-age (1=Yes;0=No)
0
# File with time series of weight-at-age data
none
# Use bisection (0) or linear interpolation (1)
1
# Target Depletion
0.4
# CV of implementation error
0
