#Title, #runnumber: 255 yelloweye_data.ss yelloweye_control.ss 5547.64 2268.31 592.104 StartTime: Thu Jun 15 14:25:39 2017
SSv3_default_rebuild.dat
# Number of sexes
1
# Age range to consider (minimum age; maximum age)
0 100
# Number of fleets
12
# First year of projection (Yinit)
2011
# First Year of rebuilding period (Ydecl)
2013
# Number of simulations
1000
# Maximum number of years
500
# Conduct projections with multiple starting values (0=No;else yes)
0
# Number of parameter vectors
1000
# Is the maximum age a plus-group (1=Yes;2=No)
1
# Generate future recruitments using historical recruitments (1)  historical recruits/spawner (2)  or a stock-recruitment (3)
3
# Constant fishing mortality (1) or constant Catch (2) projections
1
# Fishing mortality based on SPR (1) or actual rate (2)
1
# Pre-specify the year of recovery (or -1) to ignore
-1
# Fecundity-at-age
# 0 1 2 3 4 5 6 7 8 9 10 11 12 13 14 15 16 17 18 19 20 21 22 23 24 25 26 27 28 29 30 31 32 33 34 35 36 37 38 39 40 41 42 43 44 45 46 47 48 49 50 51 52 53 54 55 56 57 58 59 60 61 62 63 64 65 66 67 68 69 70 71 72 73 74 75 76 77 78 79 80 81 82 83 84 85 86 87 88 89 90 91 92 93 94 95 96 97 98 99 100 #runnumber: 255 yelloweye_data.ss yelloweye_control.ss 5547.64 2268.31 592.104
 0 0 8.44554e-008 9.22693e-007 7.2345e-006 4.40579e-005 0.000216295 0.000865196 0.00282358 0.00758381 0.017102 0.0332285 0.0570981 0.0888201 0.127557 0.171857 0.220037 0.270494 0.321887 0.373199 0.423722 0.473008 0.520797 0.566958 0.611445 0.654255 0.695411 0.734948 0.772901 0.809309 0.844206 0.877626 0.909604 0.940171 0.969363 0.997214 1.02376 1.04904 1.07308 1.09594 1.11765 1.13824 1.15777 1.17627 1.19379 1.21036 1.22603 1.24084 1.25483 1.26803 1.28049 1.29224 1.30332 1.31375 1.32358 1.33284 1.34155 1.34975 1.35746 1.36472 1.37154 1.37795 1.38398 1.38964 1.39495 1.39995 1.40464 1.40904 1.41318 1.41706 1.4207 1.42421 1.42749 1.43058 1.43347 1.43619 1.43873 1.44112 1.44336 1.44546 1.44743 1.44928 1.45101 1.45263 1.45415 1.45558 1.45692 1.45817 1.45934 1.46044 1.46148 1.46244 1.46335 1.4642 1.46499 1.46574 1.46644 1.46709 1.4677 1.46828 1.46918 #female fecundity; weighted by N in year Y_init across morphs and areas
# Age specific selectivity and weight adjusted for discard and discard mortality
 #wt and selex for gender,fleet: 1 1
 0.0109433 0.0214613 0.0570828 0.111841 0.185946 0.277509 0.383793 0.501923 0.629221 0.763347 0.902326 1.04453 1.18861 1.3335 1.47832 1.62235 1.76507 1.90604 2.04495 2.18156 2.31569 2.44716 2.57586 2.70162 2.82432 2.94381 3.05994 3.17258 3.28158 3.38685 3.48828 3.58582 3.67942 3.76908 3.85479 3.93661 4.01459 4.0888 4.15933 4.2263 4.28981 4.34998 4.40695 4.46082 4.51175 4.55985 4.60525 4.64809 4.68848 4.72655 4.76242 4.79619 4.82799 4.85791 4.88606 4.91253 4.93743 4.96083 4.98282 5.00348 5.02288 5.04111 5.05823 5.0743 5.08939 5.10355 5.11684 5.12931 5.14101 5.15199 5.16238 5.17222 5.18145 5.19011 5.19823 5.20584 5.21298 5.21967 5.22595 5.23183 5.23734 5.24251 5.24735 5.25189 5.25615 5.26014 5.26388 5.26738 5.27066 5.27374 5.27662 5.27932 5.28185 5.28422 5.28644 5.28852 5.29047 5.2923 5.29401 5.29562 5.29813
 0 0 0 0 0 0 0 0 0 0 0 0 0 0 0 0 0 0 0 0 0 0 0 0 0 0 0 0 0 0 0 0 0 0 0 0 0 0 0 0 0 0 0 0 0 0 0 0 0 0 0 0 0 0 0 0 0 0 0 0 0 0 0 0 0 0 0 0 0 0 0 0 0 0 0 0 0 0 0 0 0 0 0 0 0 0 0 0 0 0 0 0 0 0 0 0 0 0 0 1 0
 #wt and selex for gender,fleet: 1 3
 0.0109159 0.0209577 0.0548783 0.107053 0.177466 0.264332 0.365121 0.477196 0.59811 0.725726 0.85824 0.994169 1.13233 1.27181 1.41195 1.5523 1.69255 1.83244 1.97175 2.11021 2.24749 2.38321 2.51695 2.64826 2.77673 2.90195 3.02357 3.14132 3.25498 3.36437 3.46942 3.57007 3.66632 3.7582 3.84578 3.92914 4.0084 4.08366 4.15506 4.22274 4.28683 4.34748 4.40483 4.45903 4.51022 4.55854 4.60413 4.64712 4.68763 4.72581 4.76177 4.79562 4.82748 4.85746 4.88565 4.91217 4.93709 4.96052 4.98254 5.00322 5.02265 5.04089 5.05803 5.07411 5.08921 5.10338 5.11668 5.12916 5.14087 5.15185 5.16225 5.17209 5.18133 5.18999 5.19811 5.20573 5.21287 5.21956 5.22584 5.23172 5.23723 5.2424 5.24725 5.25179 5.25605 5.26004 5.26377 5.26728 5.27056 5.27364 5.27652 5.27922 5.28175 5.28413 5.28635 5.28843 5.29038 5.29221 5.29392 5.29553 5.29803
 0 0 0 0 0 0 0 0 0 0 0 0 0 0 0 0 0 0 0 0 0 0 0 0 0 0 0 0 0 0 0 0 0 0 0 0 0 0 0 0 0 0 0 0 0 0 0 0 0 0 0 0 0 0 0 0 0 0 0 0 0 0 0 0 0 0 0 0 0 0 0 0 0 0 0 0 0 0 0 0 0 0 0 0 0 0 0 0 0 0 0 0 0 0 0 0 0 0 0 1 0
 #wt and selex for gender,fleet: 1 4
 0.010888 0.020435 0.0524197 0.101452 0.167164 0.247787 0.340989 0.444412 0.555936 0.673839 0.796922 0.924526 1.05638 1.19234 1.33214 1.47527 1.62094 1.76817 1.9159 2.06308 2.20875 2.35212 2.49252 2.62941 2.76242 2.89123 3.01564 3.1355 3.25073 3.3613 3.4672 3.56847 3.66517 3.75737 3.84518 3.92871 4.00808 4.08343 4.15489 4.22261 4.28674 4.34741 4.40478 4.45899 4.51019 4.55852 4.60411 4.6471 4.68762 4.7258 4.76176 4.79561 4.82747 4.85745 4.88565 4.91216 4.93709 4.96052 4.98253 5.00322 5.02265 5.04089 5.05802 5.07411 5.08921 5.10338 5.11668 5.12916 5.14087 5.15185 5.16225 5.17209 5.18133 5.18999 5.19811 5.20573 5.21287 5.21956 5.22584 5.23172 5.23723 5.2424 5.24725 5.25179 5.25605 5.26004 5.26377 5.26728 5.27056 5.27364 5.27652 5.27922 5.28175 5.28412 5.28635 5.28843 5.29038 5.29221 5.29392 5.29553 5.29803
 0 0 0 0 0 0 0 0 0 0 0 0 0 0 0 0 0 0 0 0 0 0 0 0 0 0 0 0 0 0 0 0 0 0 0 0 0 0 0 0 0 0 0 0 0 0 0 0 0 0 0 0 0 0 0 0 0 0 0 0 0 0 0 0 0 0 0 0 0 0 0 0 0 0 0 0 0 0 0 0 0 0 0 0 0 0 0 0 0 0 0 0 0 0 0 0 0 0 0 1 0
 #wt and selex for gender,fleet: 1 5
 0.0109648 0.0218313 0.0582803 0.113519 0.187446 0.277807 0.381652 0.496059 0.61843 0.746582 0.878747 1.01354 1.14991 1.28713 1.42477 1.56255 1.70035 1.83806 1.97552 2.11249 2.24866 2.38359 2.51681 2.64783 2.77615 2.90133 3.02298 3.14078 3.25451 3.36398 3.4691 3.56981 3.66611 3.75804 3.84565 3.92905 4.00832 4.0836 4.15502 4.2227 4.2868 4.34746 4.40482 4.45902 4.51021 4.55853 4.60412 4.64711 4.68763 4.72581 4.76176 4.79562 4.82748 4.85745 4.88565 4.91216 4.93709 4.96052 4.98254 5.00322 5.02265 5.04089 5.05803 5.07411 5.08921 5.10338 5.11668 5.12916 5.14087 5.15185 5.16225 5.17209 5.18133 5.18999 5.19811 5.20573 5.21287 5.21956 5.22584 5.23172 5.23723 5.2424 5.24725 5.25179 5.25605 5.26004 5.26377 5.26728 5.27056 5.27364 5.27652 5.27922 5.28175 5.28412 5.28635 5.28843 5.29038 5.29221 5.29392 5.29553 5.29803
 0 0 0 0 0 0 0 0 0 0 0 0 0 0 0 0 0 0 0 0 0 0 0 0 0 0 0 0 0 0 0 0 0 0 0 0 0 0 0 0 0 0 0 0 0 0 0 0 0 0 0 0 0 0 0 0 0 0 0 0 0 0 0 0 0 0 0 0 0 0 0 0 0 0 0 0 0 0 0 0 0 0 0 0 0 0 0 0 0 0 0 0 0 0 0 0 0 0 0 1 0
 #wt and selex for gender,fleet: 1 6
 0.0115083 0.0298948 0.0797095 0.146866 0.228267 0.318416 0.413094 0.509884 0.608398 0.709967 0.816735 0.930666 1.05288 1.18338 1.32119 1.46468 1.61196 1.76119 1.9108 2.0595 2.20629 2.35042 2.4913 2.62848 2.76164 2.89054 3.01498 3.13485 3.25007 3.36062 3.4665 3.56775 3.66443 3.75661 3.8444 3.92792 4.00727 4.08261 4.15406 4.22177 4.28588 4.34654 4.4039 4.45811 4.5093 4.55762 4.6032 4.64619 4.68671 4.72488 4.76083 4.79468 4.82654 4.85652 4.88471 4.91122 4.93615 4.95957 4.98159 5.00227 5.0217 5.03994 5.05707 5.07315 5.08825 5.10242 5.11572 5.1282 5.1399 5.15089 5.16128 5.17113 5.18036 5.18901 5.19713 5.20474 5.21188 5.21857 5.22485 5.23073 5.23624 5.24141 5.24625 5.25079 5.25504 5.25903 5.26277 5.26627 5.26955 5.27263 5.27551 5.27821 5.28074 5.28311 5.28533 5.28741 5.28937 5.29119 5.2929 5.29451 5.29702
 0 0 0 0 0 0 0 0 0 0 0 0 0 0 0 0 0 0 0 0 0 0 0 0 0 0 0 0 0 0 0 0 0 0 0 0 0 0 0 0 0 0 0 0 0 0 0 0 0 0 0 0 0 0 0 0 0 0 0 0 0 0 0 0 0 0 0 0 0 0 0 0 0 0 0 0 0 0 0 0 0 0 0 0 0 0 0 0 0 0 0 0 0 0 0 0 0 0 0 1 0
 #wt and selex for gender,fleet: 1 7
 0.0116337 0.0316699 0.0857435 0.160921 0.254164 0.359308 0.47118 0.586077 0.701659 0.816787 0.931393 1.04624 1.16256 1.28166 1.40458 1.5319 1.66361 1.79919 1.93767 2.07786 2.2185 2.35837 2.49642 2.63181 2.76386 2.89208 3.01614 3.13579 3.2509 3.3614 3.46726 3.5685 3.66518 3.75738 3.84519 3.92871 4.00808 4.08343 4.15489 4.22261 4.28674 4.34741 4.40478 4.45899 4.51019 4.55852 4.60411 4.6471 4.68762 4.7258 4.76176 4.79561 4.82747 4.85745 4.88565 4.91216 4.93709 4.96052 4.98253 5.00322 5.02265 5.04089 5.05802 5.07411 5.08921 5.10338 5.11668 5.12916 5.14086 5.15185 5.16225 5.17209 5.18133 5.18999 5.19811 5.20573 5.21287 5.21956 5.22583 5.23172 5.23723 5.2424 5.24725 5.25179 5.25605 5.26004 5.26377 5.26728 5.27056 5.27364 5.27652 5.27922 5.28175 5.28412 5.28635 5.28843 5.29038 5.29221 5.29392 5.29553 5.29803
 0 0 0 0 0 0 0 0 0 0 0 0 0 0 0 0 0 0 0 0 0 0 0 0 0 0 0 0 0 0 0 0 0 0 0 0 0 0 0 0 0 0 0 0 0 0 0 0 0 0 0 0 0 0 0 0 0 0 0 0 0 0 0 0 0 0 0 0 0 0 0 0 0 0 0 0 0 0 0 0 0 0 0 0 0 0 0 0 0 0 0 0 0 0 0 0 0 0 0 1 0
# M and current age-structure in year Yinit: 2011
 # gender = 1
 0.0439034 0.0439034 0.0439034 0.0439034 0.0439034 0.0439034 0.0439034 0.0439034 0.0439034 0.0439034 0.0439034 0.0439034 0.0439034 0.0439034 0.0439034 0.0439034 0.0439034 0.0439034 0.0439034 0.0439034 0.0439034 0.0439034 0.0439034 0.0439034 0.0439034 0.0439034 0.0439034 0.0439034 0.0439034 0.0439034 0.0439034 0.0439034 0.0439034 0.0439034 0.0439034 0.0439034 0.0439034 0.0439034 0.0439034 0.0439034 0.0439034 0.0439034 0.0439034 0.0439034 0.0439034 0.0439034 0.0439034 0.0439034 0.0439034 0.0439034 0.0439034 0.0439034 0.0439034 0.0439034 0.0439034 0.0439034 0.0439034 0.0439034 0.0439034 0.0439034 0.0439034 0.0439034 0.0439034 0.0439034 0.0439034 0.0439034 0.0439034 0.0439034 0.0439034 0.0439034 0.0439034 0.0439034 0.0439034 0.0439034 0.0439034 0.0439034 0.0439034 0.0439034 0.0439034 0.0439034 0.0439034 0.0439034 0.0439034 0.0439034 0.0439034 0.0439034 0.0439034 0.0439034 0.0439034 0.0439034 0.0439034 0.0439034 0.0439034 0.0439034 0.0439034 0.0439034 0.0439034 0.0439034 0.0439034 0.0439034 0.0439034
 200.032 204.334 183.452 244.444 151.643 115.001 86.4712 63.6158 131.356 271.778 89.0036 65.0085 132.12 62.9536 37.1179 30.0976 29.7673 60.1089 88.0356 31.3766 23.3507 23.9866 25.3992 26.1296 27.9922 25.8359 28.1435 41.5955 18.6429 51.5282 16.6056 14.6537 11.6575 8.29283 9.21337 8.52843 8.13219 5.0019 4.75747 5.80176 9.53284 5.90042 4.45808 3.23926 2.46086 1.99033 1.52407 1.24546 1.18072 1.26282 1.41348 1.50063 1.42101 1.24901 1.08531 0.96833 0.904819 0.890201 0.919734 0.991244 1.0967 1.20544 1.25467 1.19709 1.06707 0.930311 0.816965 0.73073 0.666711 0.618067 0.579989 0.549089 0.523242 0.500917 0.480608 0.46101 0.441169 0.420881 0.400511 0.380786 0.362383 0.345723 0.330874 0.317736 0.306008 0.295326 0.285368 0.275865 0.266603 0.257454 0.248343 0.239239 0.230155 0.221163 0.212259 0.2034 0.194807 0.186517 0.178548 0.170917 3.92899
# Age-structure at Ydeclare= 2013
 101.354 94.9595 183.215 187.152 168.02 223.857 138.836 105.236 79.0684 58.1173 119.89 247.831 81.0942 59.1886 120.218 57.2539 33.7439 27.3533 27.047 54.6069 79.9687 28.4998 21.2093 21.7871 23.0709 23.7352 25.4279 23.4699 25.5671 37.7887 16.9371 46.814 15.0865 13.3133 10.5912 7.5343 8.37064 7.74838 7.3884 4.54444 4.32239 5.27121 8.66113 5.36089 4.05045 2.94308 2.23586 1.80836 1.38473 1.13159 1.07277 1.14737 1.28426 1.36344 1.2911 1.13482 0.986091 0.879806 0.822102 0.808821 0.835654 0.900626 0.996443 1.09524 1.13997 1.08765 0.969524 0.845264 0.742279 0.663928 0.605762 0.561565 0.526968 0.498893 0.475408 0.455125 0.436672 0.418866 0.400839 0.382405 0.363898 0.345976 0.329255 0.314118 0.300626 0.288689 0.278033 0.268328 0.25928 0.250646 0.242231 0.233918 0.22564 0.217368 0.209114 0.200945 0.192855 0.184806 0.176998 0.169466 3.88731
# Year for Tmin Age-structure (set to Ydecl by SS)
2013
#  recruitment and biomass
# Number of historical assessment years
129
# Historical data
# year recruitment spawner in B0 in R project in R/S project
1888  1889 1890 1891 1892 1893 1894 1895 1896 1897 1898 1899 1900 1901 1902 1903 1904 1905 1906 1907 1908 1909 1910 1911 1912 1913 1914 1915 1916 1917 1918 1919 1920 1921 1922 1923 1924 1925 1926 1927 1928 1929 1930 1931 1932 1933 1934 1935 1936 1937 1938 1939 1940 1941 1942 1943 1944 1945 1946 1947 1948 1949 1950 1951 1952 1953 1954 1955 1956 1957 1958 1959 1960 1961 1962 1963 1964 1965 1966 1967 1968 1969 1970 1971 1972 1973 1974 1975 1976 1977 1978 1979 1980 1981 1982 1983 1984 1985 1986 1987 1988 1989 1990 1991 1992 1993 1994 1995 1996 1997 1998 1999 2000 2001 2002 2003 2004 2005 2006 2007 2008 2009 2010 2011 2012 2013 2014 2015 2016 #years (with first value representing R0)
218.405 209.945 209.672 209.39 209.101 208.796 208.483 208.161 207.837 207.504 207.165 206.817 206.458 206.094 205.725 205.34 204.95 204.558 204.164 203.779 203.397 203.012 202.631 202.251 201.873 201.481 201.061 200.579 200.007 199.303 198.273 196.987 195.473 193.703 191.692 189.486 187.148 184.767 182.465 180.375 178.632 177.362 176.633 176.397 176.523 176.738 176.707 176.14 174.94 173.253 171.473 170.066 169.499 170.155 172.462 177.056 184.787 196.794 213.522 233.38 249.484 249.149 228.049 197.625 170.107 150.282 138.466 133.944 136.387 145.395 159.096 172.031 172.574 154.313 130.764 115.837 115.59 133.522 164.201 190.547 234.464 300.13 367.311 544.854 302.029 223.659 210.613 304.559 282.681 269.284 212.824 261.368 285.434 279.349 743.648 229.026 431.616 244.923 188.193 171.016 134.192 109.733 87.5482 72.9528 85.9469 217.271 136.6 63.1924 60.2416 70.4182 113.541 226.869 106.401 138.966 405.104 187.058 86.6069 112.596 143.267 180.771 278.865 200.29 213.504 200.032 99.2214 101.354 104.236 121.191 168.631  #recruits; first value is R0 (virgin)
2268.31  2268.31 2268.3 2268.29 2268.27 2267.41 2266.57 2265.73 2265.53 2265.49 2265.42 2265.33 2265.13 2264.81 2264.31 2263.63 2262.75 2261.63 2260.31 2258.8 2257.08 2254.96 2252.88 2250.65 2248.26 2245.73 2243.08 2240.3 2237.25 2233.77 2229.85 2221.7 2216.57 2211.59 2206.64 2202.16 2197.45 2191.58 2184.93 2176.6 2166.74 2156.96 2148.03 2138.36 2130.67 2123.26 2115.71 2107.07 2098.38 2087.71 2077.52 2066.74 2057.25 2045.48 2030.8 2015.52 1991.35 1966.17 1930.97 1898.31 1880.69 1861.87 1846.42 1829.62 1809.93 1792.96 1779.82 1764.98 1751.05 1737.34 1721.7 1707.54 1695.61 1686.07 1680.23 1673.06 1669.35 1668.32 1648.25 1642.49 1633.56 1624.35 1597.2 1579.47 1555.52 1525.27 1492.32 1456.04 1420.54 1379.87 1340.33 1276.54 1216.7 1171.13 1115.78 1010.51 917.594 867.582 795.345 757.03 714.77 677.551 630.537 600.346 549.08 500.336 451.253 427.707 403.577 374.637 340.543 330.855 311.397 316.155 319.354 332.659 346.57 361.109 375.74 391.21 406.004 421.777 437.906 455.964 475.208 495.577 517.703 541.602 566.124 #spbio; first value is SSB_virgin (virgin)
1 0 0 0 0 0 0 0 0 0 0 0 0 0 0 0 0 0 0 0 0 0 0 0 0 0 0 0 0 0 0 0 0 0 0 0 0 0 0 0 0 0 0 0 0 0 0 0 0 0 0 0 0 0 0 0 0 0 0 0 0 0 0 0 0 0 0 0 0 0 0 0 0 0 0 0 0 0 0 0 0 0 0 0 0 0 0 0 0 0 0 0 0 0 0 0 0 0 0 0 0 0 0 0 0 0 0 0 0 0 0 0 0 0 0 0 0 0 0 0 0 0 0 0 0 0 0 0 0  # in Bzero
0 1 1 1 1 1 1 1 1 1 1 1 1 1 1 1 1 1 1 1 1 1 1 1 1 1 1 1 1 1 1 1 1 1 1 1 1 1 1 1 1 1 1 1 1 1 1 1 1 1 1 1 1 1 1 1 1 1 1 1 1 1 1 1 1 1 1 1 1 1 1 1 1 1 1 1 1 1 1 1 1 1 1 1 1 1 1 1 1 1 1 1 1 1 1 1 1 1 1 1 1 1 1 1 1 1 1 1 1 1 1 1 1 1 1 1 1 1 1 1 1 1 1 1 1 1  0 0 0 # in R project
0 1 1 1 1 1 1 1 1 1 1 1 1 1 1 1 1 1 1 1 1 1 1 1 1 1 1 1 1 1 1 1 1 1 1 1 1 1 1 1 1 1 1 1 1 1 1 1 1 1 1 1 1 1 1 1 1 1 1 1 1 1 1 1 1 1 1 1 1 1 1 1 1 1 1 1 1 1 1 1 1 1 1 1 1 1 1 1 1 1 1 1 1 1 1 1 1 1 1 1 1 1 1 1 1 1 1 1 1 1 1 1 1 1 1 1 1 1 1 1 1 1 1 1 1 1  0 0 0 # in R/S project
# Number of years with pre-specified catches
0
# catches for years with pre-specified catches go next
# Number of future recruitments to override
-2
# Process for overiding (-1 for average otherwise index in data list)
# Which probability to product detailed results for (1=0.5; 2=0.6; etc.)
3
# Steepness sigma-R Auto-correlation
0.718 0.5 0
# Target SPR rate (FMSY Proxy); manually change to SPR_MSY if not using SPR_target
0.5
# Discount rate (for cumulative catch)
0.1
# Truncate the series when 0.4B0 is reached (1=Yes)
0
# Set F to FMSY once 0.4B0 is reached (1=Yes)
0
# Maximum possible F for projection (-1 to set to FMSY)
-1
# Defintion of recovery (1=now only;2=now or before)
2
# Projection type
4
# Definition of the 40-10 rule
10 40
# Calculate coefficients of variation (1=Yes)
0
# Number of replicates to use
10
# Random number seed
-99004
# File with multiple parameter vectors 
rebuild.SSO
# User-specific projection (1=Yes); Output replaced (1->9)
0  5
# Catches and Fs (Year; 1/2/3 (F or C or SPR); value); Final row is -1
2016 1 1
-1 -1 -1
# Fixed catch project (1=Yes); Output replaced (1->9); Approach (-1=Read in else 1-9)
0 2 -1
# Split of Fs
2011  0.000864218
 0
 0.246238
 0.00579441
 0.233166
 0.222466
 0.291472
-1  1 1 1 1 1 1 1 1 1 1 1 1
# Yrs to define T_target for projection type 4 (a.k.a. 5 pre-specified inputs)
2022 2023 2024 2025 2026 
# Year for probability of recovery
2026 2027 2028 2029 2030 2031 2032 2033
# Time varying weight-at-age (1=Yes;0=No)
0
# File with time series of weight-at-age data
none
# Use bisection (0) or linear interpolation (1)
1
# Target Depletion
0.4
# CV of implementation error
0
