#Title, #runnumber: 271 yelloweye_data.ss yelloweye_control.ss 5639.67 6625.98 4824.46 StartTime: Fri Jul 21 13:52:06 2017
SSv3_default_rebuild.dat
# Number of sexes
1
# Age range to consider (minimum age; maximum age)
0 100
# Number of fleets
12
# First year of projection (Yinit)
2011
# First Year of rebuilding period (Ydecl)
2013
# Number of simulations
1000
# Maximum number of years
500
# Conduct projections with multiple starting values (0=No;else yes)
0
# Number of parameter vectors
1000
# Is the maximum age a plus-group (1=Yes;2=No)
1
# Generate future recruitments using historical recruitments (1)  historical recruits/spawner (2)  or a stock-recruitment (3)
3
# Constant fishing mortality (1) or constant Catch (2) projections
1
# Fishing mortality based on SPR (1) or actual rate (2)
1
# Pre-specify the year of recovery (or -1) to ignore
-1
# Fecundity-at-age
# 0 1 2 3 4 5 6 7 8 9 10 11 12 13 14 15 16 17 18 19 20 21 22 23 24 25 26 27 28 29 30 31 32 33 34 35 36 37 38 39 40 41 42 43 44 45 46 47 48 49 50 51 52 53 54 55 56 57 58 59 60 61 62 63 64 65 66 67 68 69 70 71 72 73 74 75 76 77 78 79 80 81 82 83 84 85 86 87 88 89 90 91 92 93 94 95 96 97 98 99 100 #runnumber: 271 yelloweye_data.ss yelloweye_control.ss 5639.67 6625.98 4824.46
 0 0 8.76546e-009 1.60319e-007 1.90874e-006 1.65431e-005 0.000109924 0.000564557 0.00222786 0.0068345 0.0168275 0.0345778 0.0615126 0.0976968 0.14198 0.192478 0.247098 0.303927 0.361431 0.418509 0.474446 0.528824 0.581435 0.632199 0.68111 0.728196 0.773498 0.817061 0.858921 0.899115 0.937672 0.974622 1.00999 1.04381 1.07611 1.10693 1.13629 1.16423 1.19081 1.21605 1.24 1.26271 1.28422 1.30459 1.32385 1.34205 1.35924 1.37547 1.39078 1.40521 1.41881 1.43162 1.44368 1.45503 1.46571 1.47575 1.48519 1.49406 1.50239 1.51022 1.51756 1.52446 1.53094 1.53701 1.54271 1.54805 1.55307 1.55777 1.56217 1.5663 1.57017 1.5739 1.57739 1.58067 1.58373 1.5866 1.58929 1.59181 1.59417 1.59638 1.59845 1.60039 1.6022 1.6039 1.60549 1.60698 1.60837 1.60968 1.6109 1.61204 1.61311 1.61411 1.61504 1.61592 1.61674 1.61751 1.61823 1.6189 1.61953 1.62011 1.62103 #female fecundity; weighted by N in year Y_init across morphs and areas
# Age specific selectivity and weight adjusted for discard and discard mortality
 #wt and selex for gender,fleet: 1 1
 0.00955209 0.0125443 0.0484262 0.10787 0.189147 0.288098 0.39965 0.519475 0.644349 0.772194 0.902053 1.03394 1.16851 1.30661 1.44891 1.59567 1.74662 1.90104 2.05781 2.21566 2.37327 2.52945 2.68315 2.83353 2.97993 3.12189 3.25905 3.3912 3.5182 3.63997 3.75652 3.86787 3.97408 4.07525 4.17149 4.26294 4.34973 4.43201 4.50996 4.58374 4.6535 4.71942 4.78168 4.84042 4.89583 4.94806 4.99727 5.0436 5.08722 5.12825 5.16685 5.20313 5.23723 5.26928 5.29937 5.32763 5.35417 5.37907 5.40244 5.42436 5.44492 5.46421 5.48229 5.49924 5.51514 5.53003 5.54399 5.55707 5.56932 5.5808 5.59167 5.60194 5.61157 5.62059 5.62903 5.63694 5.64434 5.65127 5.65776 5.66384 5.66952 5.67485 5.67983 5.68449 5.68886 5.69294 5.69676 5.70034 5.70369 5.70682 5.70976 5.7125 5.71507 5.71747 5.71972 5.72182 5.72379 5.72563 5.72735 5.72897 5.73146
 0 0 0 0 0 0 0 0 0 0 0 0 0 0 0 0 0 0 0 0 0 0 0 0 0 0 0 0 0 0 0 0 0 0 0 0 0 0 0 0 0 0 0 0 0 0 0 0 0 0 0 0 0 0 0 0 0 0 0 0 0 0 0 0 0 0 0 0 0 0 0 0 0 0 0 0 0 0 0 0 0 0 0 0 0 0 0 0 0 0 0 0 0 0 0 0 0 0 0 1 0
 #wt and selex for gender,fleet: 1 3
 0.00953087 0.0120305 0.0392007 0.0879809 0.157334 0.245339 0.348808 0.464439 0.589285 0.720931 0.857537 0.997827 1.14099 1.28652 1.43397 1.58288 1.73264 1.88256 2.03187 2.17981 2.32568 2.46885 2.60883 2.74522 2.8777 3.00606 3.13012 3.24979 3.36499 3.4757 3.58191 3.68365 3.78096 3.8739 3.96256 4.04703 4.12741 4.20382 4.27637 4.3452 4.41044 4.47222 4.53068 4.58595 4.63818 4.6875 4.73404 4.77794 4.81932 4.8583 4.89501 4.92957 4.96209 4.99268 5.02144 5.04847 5.07387 5.09773 5.12013 5.14117 5.16092 5.17945 5.19683 5.21314 5.22844 5.24278 5.25623 5.26884 5.28065 5.29173 5.30173 5.31075 5.31919 5.32709 5.33449 5.34141 5.34789 5.35396 5.35964 5.36496 5.36994 5.3746 5.37896 5.38304 5.38685 5.39043 5.39377 5.3969 5.39983 5.40257 5.40513 5.40753 5.40978 5.41188 5.41384 5.41568 5.4174 5.41901 5.42052 5.42192 5.4241
 0 0 0 0 0 0 0 0 0 0 0 0 0 0 0 0 0 0 0 0 0 0 0 0 0 0 0 0 0 0 0 0 0 0 0 0 0 0 0 0 0 0 0 0 0 0 0 0 0 0 0 0 0 0 0 0 0 0 0 0 0 0 0 0 0 0 0 0 0 0 0 0 0 0 0 0 0 0 0 0 0 0 0 0 0 0 0 0 0 0 0 0 0 0 0 0 0 0 0 1 0
 #wt and selex for gender,fleet: 1 4
 0.00953193 0.0120549 0.0394724 0.0875678 0.154485 0.237737 0.333926 0.439927 0.553462 0.673387 0.799455 0.931711 1.06996 1.21353 1.36136 1.51216 1.66461 1.8175 1.96979 2.12063 2.26932 2.41529 2.55808 2.69733 2.83273 2.96404 3.09108 3.21372 3.33184 3.44541 3.55439 3.65879 3.75865 3.85402 3.94499 4.03163 4.11406 4.19239 4.26675 4.33727 4.4041 4.46736 4.5272 4.58377 4.63721 4.68765 4.73524 4.78011 4.8224 4.86223 4.89974 4.93503 4.96824 4.99946 5.02882 5.05641 5.08232 5.10666 5.12952 5.15098 5.17111 5.19001 5.20773 5.22436 5.23995 5.25457 5.26828 5.28112 5.29316 5.30445 5.31466 5.32389 5.33252 5.34061 5.34818 5.35527 5.3619 5.36811 5.37393 5.37937 5.38447 5.38924 5.3937 5.39788 5.40178 5.40544 5.40887 5.41207 5.41507 5.41787 5.4205 5.42296 5.42525 5.4274 5.42942 5.4313 5.43306 5.43471 5.43625 5.43769 5.43993
 0 0 0 0 0 0 0 0 0 0 0 0 0 0 0 0 0 0 0 0 0 0 0 0 0 0 0 0 0 0 0 0 0 0 0 0 0 0 0 0 0 0 0 0 0 0 0 0 0 0 0 0 0 0 0 0 0 0 0 0 0 0 0 0 0 0 0 0 0 0 0 0 0 0 0 0 0 0 0 0 0 0 0 0 0 0 0 0 0 0 0 0 0 0 0 0 0 0 0 1 0
 #wt and selex for gender,fleet: 1 5
 0.00953945 0.0122372 0.0433089 0.0974165 0.173238 0.268011 0.377649 0.498241 0.62652 0.75997 0.896782 1.03575 1.17612 1.31732 1.45884 1.6001 1.74046 1.87922 2.01576 2.14951 2.28005 2.40706 2.53035 2.64982 2.7654 2.87709 2.98492 3.0889 3.18907 3.28547 3.37814 3.46712 3.55245 3.63419 3.71239 3.78713 3.85846 3.92647 3.99124 4.05287 4.11144 4.16705 4.21981 4.26982 4.31718 4.36201 4.40439 4.44445 4.48228 4.51799 4.55167 4.58343 4.61335 4.64154 4.66808 4.69306 4.71655 4.73865 4.75942 4.77894 4.79728 4.81451 4.83068 4.84587 4.86012 4.87349 4.88604 4.8978 4.90884 4.91919 4.92802 4.93546 4.94242 4.94893 4.95503 4.96074 4.96608 4.97108 4.97576 4.98013 4.98423 4.98806 4.99165 4.99501 4.99815 5.00109 5.00383 5.00641 5.00881 5.01107 5.01317 5.01515 5.01699 5.01872 5.02033 5.02184 5.02325 5.02458 5.02581 5.02697 5.02876
 0 0 0 0 0 0 0 0 0 0 0 0 0 0 0 0 0 0 0 0 0 0 0 0 0 0 0 0 0 0 0 0 0 0 0 0 0 0 0 0 0 0 0 0 0 0 0 0 0 0 0 0 0 0 0 0 0 0 0 0 0 0 0 0 0 0 0 0 0 0 0 0 0 0 0 0 0 0 0 0 0 0 0 0 0 0 0 0 0 0 0 0 0 0 0 0 0 0 0 1 0
 #wt and selex for gender,fleet: 1 6
 0.00960633 0.0138809 0.0625996 0.131742 0.218524 0.315258 0.416049 0.517884 0.620582 0.725785 0.835484 0.951009 1.07268 1.19992 1.33158 1.46628 1.60267 1.73959 1.87608 2.01142 2.14502 2.27643 2.40527 2.53124 2.65408 2.77359 2.88958 3.00191 3.11047 3.21518 3.31599 3.41287 3.50583 3.59487 3.68003 3.76138 3.83897 3.91289 3.98324 4.0501 4.11359 4.17382 4.23091 4.28497 4.33612 4.38448 4.43018 4.47333 4.51406 4.55246 4.58866 4.62277 4.65489 4.68513 4.71358 4.74034 4.7655 4.78915 4.81137 4.83224 4.85185 4.87025 4.88753 4.90374 4.91895 4.93322 4.9466 4.95915 4.97091 4.98194 4.99145 4.99954 5.00712 5.01421 5.02086 5.02707 5.03289 5.03834 5.04344 5.04821 5.05268 5.05686 5.06077 5.06443 5.06786 5.07106 5.07406 5.07687 5.07949 5.08195 5.08425 5.0864 5.08841 5.0903 5.09206 5.09371 5.09525 5.09669 5.09804 5.09931 5.10126
 0 0 0 0 0 0 0 0 0 0 0 0 0 0 0 0 0 0 0 0 0 0 0 0 0 0 0 0 0 0 0 0 0 0 0 0 0 0 0 0 0 0 0 0 0 0 0 0 0 0 0 0 0 0 0 0 0 0 0 0 0 0 0 0 0 0 0 0 0 0 0 0 0 0 0 0 0 0 0 0 0 0 0 0 0 0 0 0 0 0 0 0 0 0 0 0 0 0 0 1 0
 #wt and selex for gender,fleet: 1 7
 0.00960771 0.0148549 0.095849 0.19136 0.300087 0.410678 0.517048 0.617735 0.714667 0.811506 0.912098 1.01955 1.13582 1.26156 1.39627 1.53852 1.68636 1.83773 1.99069 2.14362 2.29524 2.44456 2.59088 2.73364 2.87245 3.00702 3.13714 3.26265 3.38346 3.4995 3.61078 3.71729 3.81909 3.91624 4.00883 4.09695 4.18074 4.2603 4.33579 4.40734 4.47509 4.5392 4.59982 4.65709 4.71116 4.76218 4.8103 4.85565 4.89838 4.93861 4.97648 5.01211 5.04561 5.07711 5.10672 5.13454 5.16066 5.1852 5.20823 5.22985 5.25014 5.26917 5.28702 5.30376 5.31946 5.33418 5.34797 5.3609 5.37302 5.38438 5.39479 5.40432 5.41324 5.42159 5.42942 5.43674 5.4436 5.45002 5.45603 5.46166 5.46693 5.47186 5.47647 5.48079 5.48483 5.48861 5.49215 5.49546 5.49856 5.50146 5.50418 5.50672 5.50909 5.51132 5.5134 5.51534 5.51717 5.51887 5.52046 5.52196 5.52427
 0 0 0 0 0 0 0 0 0 0 0 0 0 0 0 0 0 0 0 0 0 0 0 0 0 0 0 0 0 0 0 0 0 0 0 0 0 0 0 0 0 0 0 0 0 0 0 0 0 0 0 0 0 0 0 0 0 0 0 0 0 0 0 0 0 0 0 0 0 0 0 0 0 0 0 0 0 0 0 0 0 0 0 0 0 0 0 0 0 0 0 0 0 0 0 0 0 0 0 1 0
# M and current age-structure in year Yinit: 2011
 # gender = 1
 0.0439034 0.0439034 0.0439034 0.0439034 0.0439034 0.0439034 0.0439034 0.0439034 0.0439034 0.0439034 0.0439034 0.0439034 0.0439034 0.0439034 0.0439034 0.0439034 0.0439034 0.0439034 0.0439034 0.0439034 0.0439034 0.0439034 0.0439034 0.0439034 0.0439034 0.0439034 0.0439034 0.0439034 0.0439034 0.0439034 0.0439034 0.0439034 0.0439034 0.0439034 0.0439034 0.0439034 0.0439034 0.0439034 0.0439034 0.0439034 0.0439034 0.0439034 0.0439034 0.0439034 0.0439034 0.0439034 0.0439034 0.0439034 0.0439034 0.0439034 0.0439034 0.0439034 0.0439034 0.0439034 0.0439034 0.0439034 0.0439034 0.0439034 0.0439034 0.0439034 0.0439034 0.0439034 0.0439034 0.0439034 0.0439034 0.0439034 0.0439034 0.0439034 0.0439034 0.0439034 0.0439034 0.0439034 0.0439034 0.0439034 0.0439034 0.0439034 0.0439034 0.0439034 0.0439034 0.0439034 0.0439034 0.0439034 0.0439034 0.0439034 0.0439034 0.0439034 0.0439034 0.0439034 0.0439034 0.0439034 0.0439034 0.0439034 0.0439034 0.0439034 0.0439034 0.0439034 0.0439034 0.0439034 0.0439034 0.0439034 0.0439034
 847.902 892.18 728.329 820.739 571.004 405.786 298.325 234.244 474.212 772.378 348.983 261.113 413.52 250.687 145.254 119.178 122.452 256.18 320.093 129.676 102.001 110.848 123.037 129.576 139.056 145.171 172.84 218.453 184.52 222.177 172.575 131.306 90.8655 77.537 86.6602 87.0671 85.8875 59.0016 60.0225 76.7651 118.916 89.8617 69.3478 53.9982 43.5462 36.6192 29.0298 24.7474 24.5023 27.2583 31.5064 34.2021 32.9268 29.4567 26.072 23.7021 22.5848 22.6881 23.9879 26.5425 30.2876 34.4605 36.7807 35.0196 30.7857 26.6456 23.4292 21.0922 19.4036 18.146 17.1756 16.4034 15.7704 15.2243 14.7092 14.1769 13.6016 12.9878 12.3614 11.7555 11.1958 10.696 10.2577 9.87521 9.5378 9.23293 8.94919 8.677 8.409 8.14049 7.86874 7.59285 7.31357 7.03316 6.75345 6.4726 6.19883 5.93357 5.67782 5.43229 121.754
# Age-structure at Ydeclare= 2013
 485.484 438.331 776.625 817.177 667.094 751.714 522.949 371.59 273.13 214.404 433.916 706.536 319.151 238.743 378.037 229.154 132.771 108.934 111.927 234.17 292.604 118.547 93.2534 101.35 112.503 118.493 127.173 132.778 158.099 199.839 168.811 203.278 157.906 120.152 83.1514 70.9579 79.3103 79.6857 78.6087 54.0029 54.9388 70.2651 108.849 82.2561 63.4796 49.4296 39.8625 33.5219 26.5748 22.6547 22.4306 24.9538 28.843 31.311 30.1436 26.967 23.8685 21.6991 20.6762 20.7709 21.961 24.2998 27.7285 31.5489 33.6732 32.061 28.1849 24.3946 21.4499 19.3104 17.7644 16.6131 15.7248 15.0178 14.4383 13.9384 13.4667 12.9795 12.4528 11.8908 11.3173 10.7626 10.2501 9.79261 9.39127 9.04113 8.73222 8.4531 8.19333 7.94414 7.69878 7.45294 7.20415 6.95156 6.69587 6.43914 6.18306 5.92593 5.67528 5.43243 121.643
# Year for Tmin Age-structure (set to Ydecl by SS)
2013
#  recruitment and biomass
# Number of historical assessment years
129
# Historical data
# year recruitment spawner in B0 in R project in R/S project
1888  1889 1890 1891 1892 1893 1894 1895 1896 1897 1898 1899 1900 1901 1902 1903 1904 1905 1906 1907 1908 1909 1910 1911 1912 1913 1914 1915 1916 1917 1918 1919 1920 1921 1922 1923 1924 1925 1926 1927 1928 1929 1930 1931 1932 1933 1934 1935 1936 1937 1938 1939 1940 1941 1942 1943 1944 1945 1946 1947 1948 1949 1950 1951 1952 1953 1954 1955 1956 1957 1958 1959 1960 1961 1962 1963 1964 1965 1966 1967 1968 1969 1970 1971 1972 1973 1974 1975 1976 1977 1978 1979 1980 1981 1982 1983 1984 1985 1986 1987 1988 1989 1990 1991 1992 1993 1994 1995 1996 1997 1998 1999 2000 2001 2002 2003 2004 2005 2006 2007 2008 2009 2010 2011 2012 2013 2014 2015 2016 #years (with first value representing R0)
575.142 577.712 577.842 577.981 578.131 578.287 578.458 578.642 578.846 579.066 579.307 579.574 579.845 580.134 580.46 580.807 581.191 581.619 582.099 582.651 583.27 583.946 584.691 585.493 586.332 587.143 587.855 588.358 588.538 588.267 586.879 584.634 581.482 577.353 572.3 566.479 560.135 553.595 547.29 541.707 537.348 534.683 534.01 535.295 538.179 541.794 544.902 546.189 544.846 541.033 536.001 531.576 529.552 531.307 538.15 551.987 575.858 614.173 670.937 744.891 814.513 822.623 741.392 627.036 528.977 460.4 419.542 402.555 407.405 432.343 471.441 508.783 510.379 454.118 379.495 329.443 321.211 363.471 441.837 505.635 602.362 741.62 919.015 1159.68 711.577 527.02 488.977 669.548 636.538 592.738 495.266 541.249 728.405 890.33 1064.38 819.662 899.025 658.846 513.011 456.355 395.903 351.057 296.42 256.602 308.082 720.773 548.428 249.795 232.025 270.13 445.563 702.629 424.225 542.222 1147.82 674.155 318.613 388.282 505.422 680.636 936.287 795.173 932.222 847.902 458.004 485.484 496.093 538.651 554.321  #recruits; first value is R0 (virgin)
6625.98  6625.98 6625.97 6625.94 6625.88 6624.95 6624.01 6623.02 6622.63 6622.4 6622.16 6621.95 6621.73 6621.53 6621.36 6621.21 6621.11 6621.03 6621.01 6621.04 6621.1 6620.98 6621.12 6621.29 6621.5 6621.75 6622.04 6622.37 6622.61 6623.03 6623.17 6619.28 6618.52 6618.04 6617.75 6618.12 6618.45 6617.79 6616.49 6613.65 6609.37 6605.21 6601.89 6597.78 6595.54 6593.41 6591.05 6587.25 6582.9 6576.04 6569.05 6560.74 6552.96 6542.22 6527.8 6512.06 6486.73 6459.32 6420.87 6384.64 6364.04 6341.46 6322.58 6302.47 6279.32 6258.71 6242.36 6224.78 6209.55 6196.4 6183.92 6176.01 6173.77 6176.95 6186.08 6194.84 6206.27 6218.79 6209.35 6210.66 6205.12 6195.7 6164.82 6140.29 6106.5 6063.25 6014.17 5958.35 5900.41 5834.91 5769.27 5678.09 5591.15 5523.48 5443.99 5325.09 5220.81 5161.78 5079.67 5031.69 4975.24 4923.94 4860.06 4816.91 4750.15 4693.32 4643.39 4625.9 4611.08 4593.81 4571.48 4576.58 4568.85 4584.89 4595.07 4614.07 4630.41 4644.34 4655.61 4665.3 4671.86 4677.88 4683.62 4692.08 4703.65 4719.11 4739.52 4764.54 4792.57 #spbio; first value is SSB_virgin (virgin)
1 0 0 0 0 0 0 0 0 0 0 0 0 0 0 0 0 0 0 0 0 0 0 0 0 0 0 0 0 0 0 0 0 0 0 0 0 0 0 0 0 0 0 0 0 0 0 0 0 0 0 0 0 0 0 0 0 0 0 0 0 0 0 0 0 0 0 0 0 0 0 0 0 0 0 0 0 0 0 0 0 0 0 0 0 0 0 0 0 0 0 0 0 0 0 0 0 0 0 0 0 0 0 0 0 0 0 0 0 0 0 0 0 0 0 0 0 0 0 0 0 0 0 0 0 0 0 0 0  # in Bzero
0 1 1 1 1 1 1 1 1 1 1 1 1 1 1 1 1 1 1 1 1 1 1 1 1 1 1 1 1 1 1 1 1 1 1 1 1 1 1 1 1 1 1 1 1 1 1 1 1 1 1 1 1 1 1 1 1 1 1 1 1 1 1 1 1 1 1 1 1 1 1 1 1 1 1 1 1 1 1 1 1 1 1 1 1 1 1 1 1 1 1 1 1 1 1 1 1 1 1 1 1 1 1 1 1 1 1 1 1 1 1 1 1 1 1 1 1 1 1 1 1 1 1 1 1 1  0 0 0 # in R project
0 1 1 1 1 1 1 1 1 1 1 1 1 1 1 1 1 1 1 1 1 1 1 1 1 1 1 1 1 1 1 1 1 1 1 1 1 1 1 1 1 1 1 1 1 1 1 1 1 1 1 1 1 1 1 1 1 1 1 1 1 1 1 1 1 1 1 1 1 1 1 1 1 1 1 1 1 1 1 1 1 1 1 1 1 1 1 1 1 1 1 1 1 1 1 1 1 1 1 1 1 1 1 1 1 1 1 1 1 1 1 1 1 1 1 1 1 1 1 1 1 1 1 1 1 1  0 0 0 # in R/S project
# Number of years with pre-specified catches
0
# catches for years with pre-specified catches go next
# Number of future recruitments to override
-2
# Process for overiding (-1 for average otherwise index in data list)
# Which probability to product detailed results for (1=0.5; 2=0.6; etc.)
3
# Steepness sigma-R Auto-correlation
0.718 0.5 0
# Target SPR rate (FMSY Proxy); manually change to SPR_MSY if not using SPR_target
0.5
# Discount rate (for cumulative catch)
0.1
# Truncate the series when 0.4B0 is reached (1=Yes)
0
# Set F to FMSY once 0.4B0 is reached (1=Yes)
0
# Maximum possible F for projection (-1 to set to FMSY)
-1
# Defintion of recovery (1=now only;2=now or before)
2
# Projection type
4
# Definition of the 40-10 rule
10 40
# Calculate coefficients of variation (1=Yes)
0
# Number of replicates to use
10
# Random number seed
-99004
# File with multiple parameter vectors 
rebuild.SSO
# User-specific projection (1=Yes); Output replaced (1->9)
0  5
# Catches and Fs (Year; 1/2/3 (F or C or SPR); value); Final row is -1
2016 1 1
-1 -1 -1
# Fixed catch project (1=Yes); Output replaced (1->9); Approach (-1=Read in else 1-9)
0 2 -1
# Split of Fs
2011  0.00118015
 0
 0.456483
 0.0033366
 0.159363
 0.223995
 0.155642
-1  1 1 1 1 1 1 1 1 1 1 1 1
# Yrs to define T_target for projection type 4 (a.k.a. 5 pre-specified inputs)
2022 2023 2024 2025 2026 
# Year for probability of recovery
2026 2027 2028 2029 2030 2031 2032 2033
# Time varying weight-at-age (1=Yes;0=No)
0
# File with time series of weight-at-age data
none
# Use bisection (0) or linear interpolation (1)
1
# Target Depletion
0.4
# CV of implementation error
0
