#Title, #runnumber: 272 yelloweye_data.ss yelloweye_control.ss 5728.1 2141.28 540.343 StartTime: Fri Jul 21 12:08:04 2017
SSv3_default_rebuild.dat
# Number of sexes
1
# Age range to consider (minimum age; maximum age)
0 100
# Number of fleets
12
# First year of projection (Yinit)
2011
# First Year of rebuilding period (Ydecl)
2013
# Number of simulations
1000
# Maximum number of years
500
# Conduct projections with multiple starting values (0=No;else yes)
0
# Number of parameter vectors
1000
# Is the maximum age a plus-group (1=Yes;2=No)
1
# Generate future recruitments using historical recruitments (1)  historical recruits/spawner (2)  or a stock-recruitment (3)
3
# Constant fishing mortality (1) or constant Catch (2) projections
1
# Fishing mortality based on SPR (1) or actual rate (2)
1
# Pre-specify the year of recovery (or -1) to ignore
-1
# Fecundity-at-age
# 0 1 2 3 4 5 6 7 8 9 10 11 12 13 14 15 16 17 18 19 20 21 22 23 24 25 26 27 28 29 30 31 32 33 34 35 36 37 38 39 40 41 42 43 44 45 46 47 48 49 50 51 52 53 54 55 56 57 58 59 60 61 62 63 64 65 66 67 68 69 70 71 72 73 74 75 76 77 78 79 80 81 82 83 84 85 86 87 88 89 90 91 92 93 94 95 96 97 98 99 100 #runnumber: 272 yelloweye_data.ss yelloweye_control.ss 5728.1 2141.28 540.343
 0 0 1.10482e-008 1.86432e-007 2.07559e-006 1.70178e-005 0.000108296 0.000541911 0.00212175 0.00653706 0.0162448 0.0337004 0.0604158 0.0964647 0.140618 0.190869 0.245015 0.301077 0.357511 0.41324 0.467594 0.520204 0.570906 0.619655 0.666472 0.711406 0.754511 0.795843 0.835451 0.873378 0.909664 0.944345 0.977456 1.00904 1.03912 1.06775 1.09496 1.1208 1.14531 1.16853 1.19052 1.21133 1.23099 1.24956 1.26709 1.28362 1.2992 1.31387 1.32769 1.34068 1.35291 1.3644 1.3752 1.38534 1.39487 1.40381 1.41219 1.42006 1.42744 1.43435 1.44084 1.44691 1.4526 1.45793 1.46292 1.4676 1.47197 1.47607 1.4799 1.48349 1.48684 1.49006 1.49307 1.49589 1.49852 1.50099 1.50329 1.50544 1.50746 1.50934 1.5111 1.51275 1.51429 1.51572 1.51707 1.51832 1.5195 1.5206 1.52162 1.52258 1.52347 1.52431 1.52509 1.52582 1.5265 1.52714 1.52774 1.52829 1.52881 1.5293 1.53004 #female fecundity; weighted by N in year Y_init across morphs and areas
# Age specific selectivity and weight adjusted for discard and discard mortality
 #wt and selex for gender,fleet: 1 1
 0.00960578 0.013528 0.0463976 0.100936 0.176806 0.271292 0.380541 0.500831 0.628993 0.762515 0.899529 1.03881 1.17971 1.32209 1.46605 1.61175 1.7592 1.90816 2.05813 2.20837 2.35801 2.50614 2.6519 2.79451 2.93336 3.06793 3.19786 3.32291 3.44292 3.5578 3.66756 3.77222 3.87185 3.96656 4.05646 4.14171 4.22245 4.29885 4.37106 4.43927 4.50365 4.56435 4.62156 4.67545 4.72617 4.77389 4.81876 4.86094 4.90056 4.93778 4.97271 5.00549 5.03625 5.06509 5.09214 5.11749 5.14125 5.16351 5.18436 5.20389 5.22218 5.2393 5.25532 5.27032 5.28436 5.29749 5.30978 5.32128 5.33203 5.34209 5.35158 5.36054 5.36892 5.37676 5.38408 5.39093 5.39733 5.40331 5.40891 5.41413 5.41902 5.42359 5.42785 5.43184 5.43557 5.43905 5.44231 5.44535 5.44819 5.45084 5.45332 5.45564 5.4578 5.45983 5.46172 5.46348 5.46513 5.46667 5.46811 5.46946 5.47152
 0 0 0 0 0 0 0 0 0 0 0 0 0 0 0 0 0 0 0 0 0 0 0 0 0 0 0 0 0 0 0 0 0 0 0 0 0 0 0 0 0 0 0 0 0 0 0 0 0 0 0 0 0 0 0 0 0 0 0 0 0 0 0 0 0 0 0 0 0 0 0 0 0 0 0 0 0 0 0 0 0 0 0 0 0 0 0 0 0 0 0 0 0 0 0 0 0 0 0 1 0
 #wt and selex for gender,fleet: 1 3
 0.00959726 0.0132222 0.0423985 0.0918895 0.161146 0.248072 0.34953 0.462359 0.583777 0.711562 0.844173 0.98079 1.12117 1.26536 1.41333 1.5648 1.71909 1.87525 2.03213 2.18854 2.34336 2.49563 2.64454 2.78947 2.92997 3.06568 3.19639 3.32196 3.4423 3.55741 3.6673 3.77205 3.87174 3.96649 4.05642 4.14168 4.22243 4.29884 4.37106 4.43927 4.50364 4.56435 4.62156 4.67545 4.72617 4.77389 4.81876 4.86094 4.90056 4.93778 4.97271 5.00549 5.03625 5.06509 5.09214 5.11749 5.14125 5.16351 5.18436 5.20389 5.22218 5.2393 5.25532 5.27032 5.28436 5.2975 5.30978 5.32128 5.33203 5.34209 5.35158 5.36054 5.36892 5.37676 5.38408 5.39093 5.39733 5.40331 5.40891 5.41413 5.41902 5.42359 5.42785 5.43184 5.43557 5.43905 5.44231 5.44535 5.44819 5.45084 5.45332 5.45564 5.45781 5.45983 5.46172 5.46348 5.46513 5.46667 5.46811 5.46946 5.47152
 0 0 0 0 0 0 0 0 0 0 0 0 0 0 0 0 0 0 0 0 0 0 0 0 0 0 0 0 0 0 0 0 0 0 0 0 0 0 0 0 0 0 0 0 0 0 0 0 0 0 0 0 0 0 0 0 0 0 0 0 0 0 0 0 0 0 0 0 0 0 0 0 0 0 0 0 0 0 0 0 0 0 0 0 0 0 0 0 0 0 0 0 0 0 0 0 0 0 0 1 0
 #wt and selex for gender,fleet: 1 4
 0.00958669 0.0128465 0.0370738 0.0806001 0.144079 0.226936 0.327462 0.443367 0.572172 0.711437 0.858894 1.01249 1.17043 1.33112 1.49319 1.65548 1.81697 1.97681 2.13428 2.28878 2.43984 2.58704 2.73009 2.86873 3.0028 3.13217 3.25675 3.3765 3.49142 3.60151 3.70682 3.8074 3.90333 3.99471 4.08164 4.16423 4.24262 4.31693 4.38731 4.45389 4.51683 4.57628 4.63239 4.6853 4.73516 4.78212 4.82632 4.86791 4.90701 4.94375 4.97827 5.01069 5.04112 5.06967 5.09645 5.12157 5.14512 5.16719 5.18787 5.20724 5.22539 5.24238 5.25829 5.27319 5.28713 5.30018 5.31238 5.32381 5.33449 5.34449 5.35393 5.36286 5.37121 5.37901 5.38631 5.39313 5.39951 5.40547 5.41104 5.41625 5.42112 5.42567 5.42992 5.4339 5.43761 5.44108 5.44433 5.44736 5.45019 5.45283 5.45531 5.45762 5.45977 5.46179 5.46367 5.46543 5.46708 5.46861 5.47005 5.47139 5.47344
 0 0 0 0 0 0 0 0 0 0 0 0 0 0 0 0 0 0 0 0 0 0 0 0 0 0 0 0 0 0 0 0 0 0 0 0 0 0 0 0 0 0 0 0 0 0 0 0 0 0 0 0 0 0 0 0 0 0 0 0 0 0 0 0 0 0 0 0 0 0 0 0 0 0 0 0 0 0 0 0 0 0 0 0 0 0 0 0 0 0 0 0 0 0 0 0 0 0 0 1 0
 #wt and selex for gender,fleet: 1 5
 0.00959836 0.0132628 0.0431818 0.0945614 0.167482 0.260175 0.369516 0.49214 0.624916 0.765143 0.910579 1.05941 1.2102 1.36185 1.51352 1.66467 1.81492 1.96399 2.1117 2.25785 2.40218 2.54441 2.68419 2.82114 2.95489 3.08505 3.21129 3.33332 3.45092 3.56391 3.6722 3.77573 3.87451 3.96857 4.058 4.14288 4.22335 4.29953 4.3716 4.43969 4.50397 4.56461 4.62177 4.67561 4.7263 4.774 4.81885 4.86101 4.90063 4.93783 4.97275 5.00553 5.03628 5.06512 5.09217 5.11751 5.14127 5.16353 5.18438 5.20391 5.22219 5.23931 5.25534 5.27033 5.28437 5.2975 5.30979 5.32129 5.33204 5.3421 5.35159 5.36055 5.36893 5.37676 5.38409 5.39093 5.39734 5.40332 5.40891 5.41414 5.41903 5.42359 5.42786 5.43185 5.43557 5.43906 5.44231 5.44535 5.44819 5.45085 5.45333 5.45565 5.45781 5.45983 5.46172 5.46349 5.46514 5.46668 5.46812 5.46946 5.47152
 0 0 0 0 0 0 0 0 0 0 0 0 0 0 0 0 0 0 0 0 0 0 0 0 0 0 0 0 0 0 0 0 0 0 0 0 0 0 0 0 0 0 0 0 0 0 0 0 0 0 0 0 0 0 0 0 0 0 0 0 0 0 0 0 0 0 0 0 0 0 0 0 0 0 0 0 0 0 0 0 0 0 0 0 0 0 0 0 0 0 0 0 0 0 0 0 0 0 0 1 0
 #wt and selex for gender,fleet: 1 6
 0.00965281 0.0152016 0.0602172 0.124879 0.207615 0.30213 0.403056 0.507032 0.613103 0.722538 0.837759 0.961042 1.09363 1.23542 1.38515 1.54081 1.70022 1.86129 2.02229 2.18185 2.33891 2.49267 2.64253 2.78805 2.92887 3.06477 3.19558 3.32118 3.44154 3.55664 3.66652 3.77125 3.87092 3.96565 4.05556 4.14081 4.22154 4.29793 4.37014 4.43834 4.5027 4.5634 4.6206 4.67448 4.72519 4.77291 4.81777 4.85994 4.89956 4.93677 4.9717 5.00448 5.03523 5.06407 5.09111 5.11646 5.14022 5.16247 5.18332 5.20285 5.22114 5.23825 5.25428 5.26928 5.28331 5.29645 5.30873 5.32023 5.33098 5.34103 5.35052 5.35948 5.36786 5.37569 5.38301 5.38986 5.39625 5.40224 5.40783 5.41305 5.41794 5.4225 5.42677 5.43075 5.43448 5.43796 5.44121 5.44425 5.44709 5.44974 5.45222 5.45454 5.4567 5.45873 5.46061 5.46238 5.46403 5.46557 5.46701 5.46835 5.47041
 0 0 0 0 0 0 0 0 0 0 0 0 0 0 0 0 0 0 0 0 0 0 0 0 0 0 0 0 0 0 0 0 0 0 0 0 0 0 0 0 0 0 0 0 0 0 0 0 0 0 0 0 0 0 0 0 0 0 0 0 0 0 0 0 0 0 0 0 0 0 0 0 0 0 0 0 0 0 0 0 0 0 0 0 0 0 0 0 0 0 0 0 0 0 0 0 0 0 0 1 0
 #wt and selex for gender,fleet: 1 7
 0.00957976 0.0126021 0.0333001 0.446223 0.519328 0.548153 0.585535 0.631685 0.689273 0.76167 0.851572 0.960016 1.08591 1.22634 1.37742 1.5353 1.69676 1.85937 2.02138 2.18156 2.33897 2.49294 2.64293 2.78853 2.92942 3.06537 3.19621 3.32186 3.44224 3.55738 3.66729 3.77204 3.87174 3.96648 4.05642 4.14168 4.22243 4.29884 4.37106 4.43927 4.50364 4.56435 4.62156 4.67545 4.72617 4.77389 4.81876 4.86094 4.90056 4.93778 4.97271 5.00549 5.03625 5.06509 5.09214 5.11749 5.14125 5.16351 5.18436 5.20389 5.22218 5.2393 5.25532 5.27032 5.28436 5.2975 5.30978 5.32128 5.33203 5.34209 5.35158 5.36054 5.36892 5.37676 5.38408 5.39093 5.39733 5.40331 5.40891 5.41413 5.41902 5.42359 5.42785 5.43184 5.43557 5.43905 5.44231 5.44535 5.44819 5.45084 5.45332 5.45564 5.45781 5.45983 5.46172 5.46348 5.46513 5.46667 5.46811 5.46946 5.47152
 0 0 0 0 0 0 0 0 0 0 0 0 0 0 0 0 0 0 0 0 0 0 0 0 0 0 0 0 0 0 0 0 0 0 0 0 0 0 0 0 0 0 0 0 0 0 0 0 0 0 0 0 0 0 0 0 0 0 0 0 0 0 0 0 0 0 0 0 0 0 0 0 0 0 0 0 0 0 0 0 0 0 0 0 0 0 0 0 0 0 0 0 0 0 0 0 0 0 0 1 0
# M and current age-structure in year Yinit: 2011
 # gender = 1
 0.0439034 0.0439034 0.0439034 0.0439034 0.0439034 0.0439034 0.0439034 0.0439034 0.0439034 0.0439034 0.0439034 0.0439034 0.0439034 0.0439034 0.0439034 0.0439034 0.0439034 0.0439034 0.0439034 0.0439034 0.0439034 0.0439034 0.0439034 0.0439034 0.0439034 0.0439034 0.0439034 0.0439034 0.0439034 0.0439034 0.0439034 0.0439034 0.0439034 0.0439034 0.0439034 0.0439034 0.0439034 0.0439034 0.0439034 0.0439034 0.0439034 0.0439034 0.0439034 0.0439034 0.0439034 0.0439034 0.0439034 0.0439034 0.0439034 0.0439034 0.0439034 0.0439034 0.0439034 0.0439034 0.0439034 0.0439034 0.0439034 0.0439034 0.0439034 0.0439034 0.0439034 0.0439034 0.0439034 0.0439034 0.0439034 0.0439034 0.0439034 0.0439034 0.0439034 0.0439034 0.0439034 0.0439034 0.0439034 0.0439034 0.0439034 0.0439034 0.0439034 0.0439034 0.0439034 0.0439034 0.0439034 0.0439034 0.0439034 0.0439034 0.0439034 0.0439034 0.0439034 0.0439034 0.0439034 0.0439034 0.0439034 0.0439034 0.0439034 0.0439034 0.0439034 0.0439034 0.0439034 0.0439034 0.0439034 0.0439034 0.0439034
 189.627 206.811 169.037 210.291 144.282 101.743 75.8899 57.6649 118.409 236.762 78.8187 59.0843 112.321 52.6977 33.3144 27.788 27.9015 62.0965 64.9524 25.8117 21.0546 23.3201 25.9886 26.1706 25.0061 25.3544 33.8514 42.2695 21.8402 24.2315 14.964 10.449 7.83424 6.66782 8.10583 8.00623 7.29834 4.30447 5.0493 5.29341 4.54383 2.8601 2.10514 1.78371 1.62127 1.34464 1.05947 0.956132 0.986859 1.04635 1.03168 0.968386 0.904481 0.844336 0.804067 0.80455 0.849243 0.908275 0.901705 0.797663 0.668281 0.561135 0.484121 0.432455 0.398113 0.373985 0.354359 0.336211 0.318915 0.302518 0.287666 0.274792 0.264036 0.255073 0.247059 0.238994 0.230025 0.219845 0.208668 0.197083 0.185715 0.17504 0.16528 0.156513 0.148682 0.141674 0.135363 0.129624 0.124329 0.119372 0.114662 0.110129 0.105727 0.10145 0.0972642 0.0931307 0.0891377 0.0852947 0.0816089 0.0780843 1.79279
# Age-structure at Ydeclare= 2013
 104.2 93.6428 173.686 189.422 154.817 192.579 132.098 93.107 69.3929 52.67 108.02 215.743 71.7541 53.7502 102.127 47.8975 30.2717 25.2453 25.345 56.4012 58.9911 23.4415 19.1205 21.1772 23.5997 23.764 22.7057 23.0207 30.7339 38.3745 19.8265 21.9959 13.5826 9.48382 7.11022 6.05133 7.35611 7.26547 6.62287 3.90597 4.58171 4.80308 4.12281 2.59502 1.90998 1.61831 1.4709 1.21991 0.961176 0.867413 0.895278 0.949236 0.935919 0.878496 0.820518 0.765953 0.72942 0.729856 0.770398 0.823947 0.817987 0.723603 0.606233 0.509034 0.43917 0.392301 0.361147 0.339259 0.321455 0.304992 0.289302 0.274427 0.260954 0.249276 0.239518 0.231387 0.224117 0.216801 0.208665 0.19943 0.189291 0.178782 0.16847 0.158786 0.149932 0.14198 0.134876 0.128519 0.122795 0.117588 0.112785 0.108288 0.104016 0.0999032 0.0959104 0.092031 0.0882336 0.0844839 0.0808617 0.0773756 1.77122
# Year for Tmin Age-structure (set to Ydecl by SS)
2013
#  recruitment and biomass
# Number of historical assessment years
129
# Historical data
# year recruitment spawner in B0 in R project in R/S project
1888  1889 1890 1891 1892 1893 1894 1895 1896 1897 1898 1899 1900 1901 1902 1903 1904 1905 1906 1907 1908 1909 1910 1911 1912 1913 1914 1915 1916 1917 1918 1919 1920 1921 1922 1923 1924 1925 1926 1927 1928 1929 1930 1931 1932 1933 1934 1935 1936 1937 1938 1939 1940 1941 1942 1943 1944 1945 1946 1947 1948 1949 1950 1951 1952 1953 1954 1955 1956 1957 1958 1959 1960 1961 1962 1963 1964 1965 1966 1967 1968 1969 1970 1971 1972 1973 1974 1975 1976 1977 1978 1979 1980 1981 1982 1983 1984 1985 1986 1987 1988 1989 1990 1991 1992 1993 1994 1995 1996 1997 1998 1999 2000 2001 2002 2003 2004 2005 2006 2007 2008 2009 2010 2011 2012 2013 2014 2015 2016 #years (with first value representing R0)
193.138 184.692 184.42 184.14 183.852 183.549 183.238 182.919 182.596 182.266 181.928 181.582 181.224 180.854 180.475 180.088 179.695 179.298 178.899 178.502 178.108 177.715 177.329 176.942 176.554 176.151 175.719 175.232 174.667 173.999 173.076 171.98 170.776 169.475 168.135 166.84 165.678 164.733 164.097 163.836 163.998 164.604 165.611 166.856 168.082 168.874 168.793 167.526 165.097 161.889 158.563 155.741 153.832 152.872 152.641 152.804 152.983 153.124 153.468 155.127 159.977 169.98 186.941 211.17 238.967 255.979 244.17 216.021 193.451 182.527 180.686 182.137 183.106 182.706 173.033 151.855 136.338 139.308 162.165 178.236 177.572 188.442 228.596 321.949 330.143 275.273 203.73 297.925 280.122 241.658 168.429 166.738 186.344 222.48 299.117 223.35 358.492 239.031 150.216 125.559 112.664 97.133 76.7029 61.7796 68.5144 158.091 140.31 59.1071 55.5904 63.1993 95.0508 192.918 96.7394 123.109 353.015 168.649 78.5092 98.8166 126.747 171.994 239.901 184.551 216.093 189.627 97.8456 104.2 107.888 120.798 147.383  #recruits; first value is R0 (virgin)
2141.28  2141.28 2141.27 2141.24 2141.19 2140.24 2139.31 2138.36 2138.05 2137.88 2137.67 2137.42 2137.03 2136.49 2135.74 2134.76 2133.54 2132.04 2130.31 2128.35 2126.15 2123.52 2120.91 2118.12 2115.17 2112.05 2108.79 2105.38 2101.7 2098.04 2093.95 2085.54 2080.29 2075.2 2070.16 2065.62 2060.85 2054.89 2048.14 2039.68 2029.68 2019.82 2010.86 2001.15 1993.52 1986.19 1978.86 1970.47 1962.09 1951.81 1942.22 1932.21 1923.73 1913.19 1899.91 1886.31 1863.88 1840.48 1806.85 1776.42 1762.28 1746.53 1734.69 1721.68 1705.6 1691.84 1681.76 1669.14 1656.94 1644 1627.92 1612.29 1598.06 1585.75 1577.49 1568.84 1565.26 1566.67 1550.98 1552.4 1552.56 1553.88 1538.23 1532.74 1521.29 1503.61 1482.96 1458.35 1433.86 1402.9 1371.42 1312.72 1253.42 1207.34 1144.46 1037.24 939.012 887.153 811.389 770.865 722.819 679.67 622.664 584.201 519.887 460.757 404.386 375.546 346.561 314.324 277.864 268.7 250.131 256.364 261.026 275.406 290.278 305.771 321.283 337.495 352.825 369.056 385.429 403.717 423.093 443.586 465.84 489.88 514.42 #spbio; first value is SSB_virgin (virgin)
1 0 0 0 0 0 0 0 0 0 0 0 0 0 0 0 0 0 0 0 0 0 0 0 0 0 0 0 0 0 0 0 0 0 0 0 0 0 0 0 0 0 0 0 0 0 0 0 0 0 0 0 0 0 0 0 0 0 0 0 0 0 0 0 0 0 0 0 0 0 0 0 0 0 0 0 0 0 0 0 0 0 0 0 0 0 0 0 0 0 0 0 0 0 0 0 0 0 0 0 0 0 0 0 0 0 0 0 0 0 0 0 0 0 0 0 0 0 0 0 0 0 0 0 0 0 0 0 0  # in Bzero
0 1 1 1 1 1 1 1 1 1 1 1 1 1 1 1 1 1 1 1 1 1 1 1 1 1 1 1 1 1 1 1 1 1 1 1 1 1 1 1 1 1 1 1 1 1 1 1 1 1 1 1 1 1 1 1 1 1 1 1 1 1 1 1 1 1 1 1 1 1 1 1 1 1 1 1 1 1 1 1 1 1 1 1 1 1 1 1 1 1 1 1 1 1 1 1 1 1 1 1 1 1 1 1 1 1 1 1 1 1 1 1 1 1 1 1 1 1 1 1 1 1 1 1 1 1  0 0 0 # in R project
0 1 1 1 1 1 1 1 1 1 1 1 1 1 1 1 1 1 1 1 1 1 1 1 1 1 1 1 1 1 1 1 1 1 1 1 1 1 1 1 1 1 1 1 1 1 1 1 1 1 1 1 1 1 1 1 1 1 1 1 1 1 1 1 1 1 1 1 1 1 1 1 1 1 1 1 1 1 1 1 1 1 1 1 1 1 1 1 1 1 1 1 1 1 1 1 1 1 1 1 1 1 1 1 1 1 1 1 1 1 1 1 1 1 1 1 1 1 1 1 1 1 1 1 1 1  0 0 0 # in R/S project
# Number of years with pre-specified catches
0
# catches for years with pre-specified catches go next
# Number of future recruitments to override
-2
# Process for overiding (-1 for average otherwise index in data list)
# Which probability to product detailed results for (1=0.5; 2=0.6; etc.)
3
# Steepness sigma-R Auto-correlation
0.718 0.5 0
# Target SPR rate (FMSY Proxy); manually change to SPR_MSY if not using SPR_target
0.5
# Discount rate (for cumulative catch)
0.1
# Truncate the series when 0.4B0 is reached (1=Yes)
0
# Set F to FMSY once 0.4B0 is reached (1=Yes)
0
# Maximum possible F for projection (-1 to set to FMSY)
-1
# Defintion of recovery (1=now only;2=now or before)
2
# Projection type
4
# Definition of the 40-10 rule
10 40
# Calculate coefficients of variation (1=Yes)
0
# Number of replicates to use
10
# Random number seed
-99004
# File with multiple parameter vectors 
rebuild.SSO
# User-specific projection (1=Yes); Output replaced (1->9)
0  5
# Catches and Fs (Year; 1/2/3 (F or C or SPR); value); Final row is -1
2016 1 1
-1 -1 -1
# Fixed catch project (1=Yes); Output replaced (1->9); Approach (-1=Read in else 1-9)
0 2 -1
# Split of Fs
2011  0.000519961
 0
 0.164062
 0.00813327
 0.283057
 0.25972
 0.284509
-1  1 1 1 1 1 1 1 1 1 1 1 1
# Yrs to define T_target for projection type 4 (a.k.a. 5 pre-specified inputs)
2022 2023 2024 2025 2026 
# Year for probability of recovery
2026 2027 2028 2029 2030 2031 2032 2033
# Time varying weight-at-age (1=Yes;0=No)
0
# File with time series of weight-at-age data
none
# Use bisection (0) or linear interpolation (1)
1
# Target Depletion
0.4
# CV of implementation error
0
