#Title, #runnumber: 256 yelloweye_data.ss yelloweye_control.ss 5646.43 2279.44 654.43 StartTime: Thu Jun 15 14:03:17 2017
SSv3_default_rebuild.dat
# Number of sexes
1
# Age range to consider (minimum age; maximum age)
0 100
# Number of fleets
12
# First year of projection (Yinit)
2011
# First Year of rebuilding period (Ydecl)
2013
# Number of simulations
1000
# Maximum number of years
500
# Conduct projections with multiple starting values (0=No;else yes)
0
# Number of parameter vectors
1000
# Is the maximum age a plus-group (1=Yes;2=No)
1
# Generate future recruitments using historical recruitments (1)  historical recruits/spawner (2)  or a stock-recruitment (3)
3
# Constant fishing mortality (1) or constant Catch (2) projections
1
# Fishing mortality based on SPR (1) or actual rate (2)
1
# Pre-specify the year of recovery (or -1) to ignore
-1
# Fecundity-at-age
# 0 1 2 3 4 5 6 7 8 9 10 11 12 13 14 15 16 17 18 19 20 21 22 23 24 25 26 27 28 29 30 31 32 33 34 35 36 37 38 39 40 41 42 43 44 45 46 47 48 49 50 51 52 53 54 55 56 57 58 59 60 61 62 63 64 65 66 67 68 69 70 71 72 73 74 75 76 77 78 79 80 81 82 83 84 85 86 87 88 89 90 91 92 93 94 95 96 97 98 99 100 #runnumber: 256 yelloweye_data.ss yelloweye_control.ss 5646.43 2279.44 654.43
 0 0 7.72634e-008 8.7028e-007 6.98087e-006 4.32631e-005 0.000215141 0.000867557 0.00284176 0.0076374 0.0172061 0.0333805 0.0572757 0.0889924 0.127701 0.171964 0.220118 0.270575 0.321995 0.373362 0.423962 0.473339 0.521226 0.567487 0.61207 0.65497 0.696208 0.735818 0.773837 0.8103 0.845245 0.878705 0.910714 0.941308 0.970519 0.998383 1.02494 1.05022 1.07426 1.09712 1.11881 1.1394 1.15891 1.1774 1.1949 1.21145 1.2271 1.24189 1.25585 1.26903 1.28146 1.29318 1.30423 1.31464 1.32445 1.33368 1.34236 1.35053 1.35822 1.36545 1.37224 1.37863 1.38463 1.39027 1.39556 1.40053 1.4052 1.40958 1.4137 1.41756 1.42118 1.42467 1.42794 1.43101 1.43388 1.43658 1.43912 1.44149 1.44372 1.4458 1.44776 1.44959 1.45131 1.45292 1.45443 1.45585 1.45718 1.45842 1.45959 1.46068 1.4617 1.46266 1.46356 1.4644 1.46519 1.46593 1.46662 1.46727 1.46788 1.46844 1.46933 #female fecundity; weighted by N in year Y_init across morphs and areas
# Age specific selectivity and weight adjusted for discard and discard mortality
 #wt and selex for gender,fleet: 1 1
 0.0108909 0.021875 0.0608763 0.119073 0.196036 0.288754 0.393705 0.507664 0.627967 0.752539 0.879875 1.00901 1.13946 1.27114 1.40418 1.53875 1.67491 1.81254 1.95128 2.09056 2.22968 2.36786 2.50433 2.63838 2.76938 2.89685 3.02038 3.1397 3.25461 3.365 3.47082 3.57205 3.66874 3.76095 3.84877 3.93231 4.01168 4.08702 4.15847 4.22617 4.29026 4.3509 4.40822 4.46238 4.51353 4.56179 4.60732 4.65024 4.69069 4.7288 4.76468 4.79846 4.83024 4.86014 4.88826 4.9147 4.93955 4.9629 4.98484 5.00545 5.02481 5.04298 5.06005 5.07606 5.0911 5.1052 5.11844 5.13086 5.14251 5.15343 5.16378 5.17357 5.18276 5.19137 5.19945 5.20702 5.21412 5.22077 5.22701 5.23286 5.23833 5.24347 5.24828 5.25279 5.25702 5.26098 5.26469 5.26816 5.27142 5.27447 5.27733 5.28001 5.28252 5.28487 5.28708 5.28914 5.29107 5.29288 5.29458 5.29617 5.29865
 0 0 0 0 0 0 0 0 0 0 0 0 0 0 0 0 0 0 0 0 0 0 0 0 0 0 0 0 0 0 0 0 0 0 0 0 0 0 0 0 0 0 0 0 0 0 0 0 0 0 0 0 0 0 0 0 0 0 0 0 0 0 0 0 0 0 0 0 0 0 0 0 0 0 0 0 0 0 0 0 0 0 0 0 0 0 0 0 0 0 0 0 0 0 0 0 0 0 0 1 0
 #wt and selex for gender,fleet: 1 3
 0.0108079 0.0204114 0.0549333 0.107395 0.177313 0.262393 0.359782 0.466744 0.580933 0.700498 0.824165 0.951245 1.08152 1.21501 1.35174 1.49154 1.63396 1.77828 1.9236 2.06893 2.21329 2.35578 2.49565 2.63228 2.76518 2.894 3.01848 3.13844 3.25379 3.36446 3.47047 3.57182 3.66859 3.76086 3.84871 3.93227 4.01165 4.08701 4.15846 4.22616 4.29026 4.35089 4.40822 4.46238 4.51352 4.56179 4.60732 4.65024 4.69069 4.7288 4.76468 4.79846 4.83024 4.86014 4.88826 4.9147 4.93955 4.9629 4.98484 5.00545 5.02481 5.04298 5.06005 5.07606 5.0911 5.1052 5.11844 5.13086 5.14251 5.15343 5.16378 5.17357 5.18276 5.19137 5.19945 5.20702 5.21412 5.22077 5.22701 5.23286 5.23833 5.24347 5.24828 5.25279 5.25702 5.26098 5.26469 5.26816 5.27142 5.27447 5.27733 5.28001 5.28252 5.28487 5.28708 5.28914 5.29107 5.29288 5.29458 5.29617 5.29865
 0 0 0 0 0 0 0 0 0 0 0 0 0 0 0 0 0 0 0 0 0 0 0 0 0 0 0 0 0 0 0 0 0 0 0 0 0 0 0 0 0 0 0 0 0 0 0 0 0 0 0 0 0 0 0 0 0 0 0 0 0 0 0 0 0 0 0 0 0 0 0 0 0 0 0 0 0 0 0 0 0 0 0 0 0 0 0 0 0 0 0 0 0 0 0 0 0 0 0 1 0
 #wt and selex for gender,fleet: 1 4
 0.0107435 0.0192626 0.050113 0.0988219 0.165455 0.248662 0.34631 0.45604 0.575551 0.702753 0.835812 0.973155 1.11346 1.25564 1.39882 1.54233 1.68565 1.82835 1.97008 2.11052 2.24932 2.38614 2.52061 2.65237 2.78107 2.90638 3.02799 3.14568 3.25925 3.36856 3.47352 3.5741 3.67028 3.76211 3.84964 3.93296 4.01218 4.0874 4.15876 4.22639 4.29043 4.35103 4.40832 4.46246 4.51359 4.56184 4.60736 4.65027 4.69072 4.72882 4.7647 4.79847 4.83026 4.86015 4.88827 4.91471 4.93956 4.96291 4.98485 5.00546 5.02481 5.04299 5.06005 5.07607 5.0911 5.10521 5.11844 5.13086 5.14251 5.15343 5.16378 5.17358 5.18276 5.19138 5.19945 5.20702 5.21412 5.22077 5.22701 5.23286 5.23834 5.24347 5.24828 5.25279 5.25702 5.26098 5.26469 5.26817 5.27142 5.27447 5.27733 5.28001 5.28252 5.28487 5.28708 5.28914 5.29107 5.29289 5.29458 5.29617 5.29865
 0 0 0 0 0 0 0 0 0 0 0 0 0 0 0 0 0 0 0 0 0 0 0 0 0 0 0 0 0 0 0 0 0 0 0 0 0 0 0 0 0 0 0 0 0 0 0 0 0 0 0 0 0 0 0 0 0 0 0 0 0 0 0 0 0 0 0 0 0 0 0 0 0 0 0 0 0 0 0 0 0 0 0 0 0 0 0 0 0 0 0 0 0 0 0 0 0 0 0 1 0
 #wt and selex for gender,fleet: 1 5
 0.0108217 0.0206765 0.0564463 0.111429 0.185631 0.276906 0.382302 0.498835 0.623814 0.754954 0.890381 1.02859 1.1684 1.30889 1.44941 1.58949 1.72882 1.8672 2.00445 2.14042 2.27493 2.40773 2.53855 2.66707 2.79295 2.91587 3.0355 3.15156 3.26382 3.37209 3.47624 3.57618 3.67187 3.76332 3.85057 3.93367 4.01272 4.08781 4.15908 4.22663 4.29062 4.35118 4.40844 4.46256 4.51366 4.5619 4.60741 4.65031 4.69075 4.72885 4.76472 4.79849 4.83027 4.86017 4.88828 4.91472 4.93957 4.96292 4.98486 5.00546 5.02482 5.04299 5.06005 5.07607 5.0911 5.10521 5.11844 5.13086 5.14251 5.15344 5.16378 5.17358 5.18276 5.19138 5.19945 5.20702 5.21412 5.22078 5.22701 5.23286 5.23834 5.24347 5.24828 5.25279 5.25702 5.26098 5.26469 5.26817 5.27142 5.27448 5.27734 5.28002 5.28253 5.28488 5.28708 5.28914 5.29108 5.29289 5.29458 5.29617 5.29865
 0 0 0 0 0 0 0 0 0 0 0 0 0 0 0 0 0 0 0 0 0 0 0 0 0 0 0 0 0 0 0 0 0 0 0 0 0 0 0 0 0 0 0 0 0 0 0 0 0 0 0 0 0 0 0 0 0 0 0 0 0 0 0 0 0 0 0 0 0 0 0 0 0 0 0 0 0 0 0 0 0 0 0 0 0 0 0 0 0 0 0 0 0 0 0 0 0 0 0 1 0
 #wt and selex for gender,fleet: 1 6
 0.0113272 0.0284128 0.0785531 0.146259 0.22857 0.319794 0.415557 0.513325 0.61259 0.714575 0.821357 0.934916 1.05647 1.18618 1.32324 1.46613 1.61301 1.76207 1.91168 2.06051 2.20751 2.35188 2.49301 2.63045 2.76386 2.89298 3.01762 3.13767 3.25306 3.36375 3.46975 3.5711 3.66785 3.7601 3.84794 3.93148 4.01085 4.08619 4.15764 4.22533 4.28941 4.35004 4.40736 4.46151 4.51265 4.56091 4.60643 4.64935 4.68979 4.72789 4.76377 4.79755 4.82933 4.85922 4.88734 4.91378 4.93863 4.96198 4.98391 5.00452 5.02388 5.04205 5.05911 5.07513 5.09016 5.10426 5.1175 5.12992 5.14156 5.15249 5.16283 5.17263 5.18181 5.19042 5.19849 5.20606 5.21315 5.21981 5.22604 5.23188 5.23736 5.24249 5.2473 5.25181 5.25604 5.25999 5.2637 5.26718 5.27043 5.27349 5.27634 5.27902 5.28153 5.28388 5.28608 5.28815 5.29008 5.29189 5.29359 5.29517 5.29765
 0 0 0 0 0 0 0 0 0 0 0 0 0 0 0 0 0 0 0 0 0 0 0 0 0 0 0 0 0 0 0 0 0 0 0 0 0 0 0 0 0 0 0 0 0 0 0 0 0 0 0 0 0 0 0 0 0 0 0 0 0 0 0 0 0 0 0 0 0 0 0 0 0 0 0 0 0 0 0 0 0 0 0 0 0 0 0 0 0 0 0 0 0 0 0 0 0 0 0 1 0
 #wt and selex for gender,fleet: 1 7
 0.0113155 0.0284424 0.080592 0.153953 0.24637 0.351957 0.465516 0.58317 0.702329 0.821502 0.94017 1.05862 1.17769 1.29844 1.42186 1.5486 1.67893 1.8126 1.94898 2.08714 2.22599 2.36441 2.50138 2.636 2.76756 2.8955 3.01941 3.13901 3.25414 3.36468 3.4706 3.5719 3.66864 3.76088 3.84873 3.93228 4.01166 4.08701 4.15846 4.22616 4.29026 4.35089 4.40822 4.46238 4.51353 4.56179 4.60732 4.65024 4.69069 4.7288 4.76468 4.79846 4.83024 4.86014 4.88826 4.9147 4.93955 4.9629 4.98484 5.00545 5.02481 5.04298 5.06005 5.07606 5.0911 5.1052 5.11844 5.13086 5.14251 5.15343 5.16378 5.17357 5.18276 5.19137 5.19945 5.20702 5.21412 5.22077 5.22701 5.23286 5.23833 5.24347 5.24828 5.25279 5.25702 5.26098 5.26469 5.26816 5.27142 5.27447 5.27733 5.28001 5.28252 5.28487 5.28708 5.28914 5.29107 5.29288 5.29458 5.29617 5.29865
 0 0 0 0 0 0 0 0 0 0 0 0 0 0 0 0 0 0 0 0 0 0 0 0 0 0 0 0 0 0 0 0 0 0 0 0 0 0 0 0 0 0 0 0 0 0 0 0 0 0 0 0 0 0 0 0 0 0 0 0 0 0 0 0 0 0 0 0 0 0 0 0 0 0 0 0 0 0 0 0 0 0 0 0 0 0 0 0 0 0 0 0 0 0 0 0 0 0 0 1 0
# M and current age-structure in year Yinit: 2011
 # gender = 1
 0.0439034 0.0439034 0.0439034 0.0439034 0.0439034 0.0439034 0.0439034 0.0439034 0.0439034 0.0439034 0.0439034 0.0439034 0.0439034 0.0439034 0.0439034 0.0439034 0.0439034 0.0439034 0.0439034 0.0439034 0.0439034 0.0439034 0.0439034 0.0439034 0.0439034 0.0439034 0.0439034 0.0439034 0.0439034 0.0439034 0.0439034 0.0439034 0.0439034 0.0439034 0.0439034 0.0439034 0.0439034 0.0439034 0.0439034 0.0439034 0.0439034 0.0439034 0.0439034 0.0439034 0.0439034 0.0439034 0.0439034 0.0439034 0.0439034 0.0439034 0.0439034 0.0439034 0.0439034 0.0439034 0.0439034 0.0439034 0.0439034 0.0439034 0.0439034 0.0439034 0.0439034 0.0439034 0.0439034 0.0439034 0.0439034 0.0439034 0.0439034 0.0439034 0.0439034 0.0439034 0.0439034 0.0439034 0.0439034 0.0439034 0.0439034 0.0439034 0.0439034 0.0439034 0.0439034 0.0439034 0.0439034 0.0439034 0.0439034 0.0439034 0.0439034 0.0439034 0.0439034 0.0439034 0.0439034 0.0439034 0.0439034 0.0439034 0.0439034 0.0439034 0.0439034 0.0439034 0.0439034 0.0439034 0.0439034 0.0439034 0.0439034
 229.881 235.32 207.664 270.709 170.09 127.365 95.1945 70.4411 144.795 289.703 100.923 72.9658 143.466 70.7797 41.3716 33.8836 33.9534 70.7816 94.4776 34.6191 26.3182 27.8245 30.1527 30.7788 31.3373 30.0262 34.219 42.0157 31.6365 38.3507 25.1981 16.8075 12.3935 9.35204 9.94783 9.34052 8.81863 5.55912 5.16524 6.25525 9.50615 6.39015 4.76505 3.50624 2.67173 2.16429 1.65101 1.34044 1.2648 1.34996 1.51053 1.59794 1.49699 1.29996 1.11886 0.991078 0.920971 0.902449 0.930068 1.0017 1.11007 1.22479 1.27814 1.21518 1.07531 0.931688 0.814914 0.727216 0.662651 0.613917 0.576002 0.545496 0.520279 0.498717 0.479093 0.459909 0.44014 0.419632 0.398869 0.378693 0.359859 0.342833 0.327696 0.314346 0.302475 0.291707 0.281703 0.272181 0.262913 0.253758 0.244635 0.235504 0.226378 0.217329 0.208352 0.199406 0.190722 0.182343 0.17429 0.166583 3.71606
# Age-structure at Ydeclare= 2013
 118.133 110.545 210.555 215.533 190.194 247.909 155.731 116.57 87.0788 64.3909 132.254 264.398 92.0377 66.497 130.672 64.4387 37.6517 30.8287 30.886 64.3778 85.921 31.4813 23.9316 25.3001 27.4161 27.9845 28.4914 27.2984 31.1091 38.1957 28.7589 34.8609 22.9041 15.2768 11.2644 8.49972 9.04093 8.48875 8.01424 5.05192 4.69386 5.68424 8.63816 5.80653 4.32976 3.18587 2.42756 1.96646 1.50008 1.21788 1.14914 1.2265 1.37238 1.45178 1.36005 1.18104 1.0165 0.900409 0.836714 0.819884 0.844975 0.910047 1.0085 1.11272 1.16119 1.104 0.976919 0.846438 0.740348 0.660673 0.602015 0.55774 0.523295 0.49558 0.47267 0.453081 0.435252 0.417823 0.399864 0.381232 0.362369 0.344039 0.326929 0.311461 0.297709 0.285581 0.274796 0.265014 0.255925 0.247275 0.238855 0.230538 0.22225 0.213954 0.205664 0.197442 0.189287 0.18116 0.17327 0.165658 3.68573
# Year for Tmin Age-structure (set to Ydecl by SS)
2013
#  recruitment and biomass
# Number of historical assessment years
129
# Historical data
# year recruitment spawner in B0 in R project in R/S project
1888  1889 1890 1891 1892 1893 1894 1895 1896 1897 1898 1899 1900 1901 1902 1903 1904 1905 1906 1907 1908 1909 1910 1911 1912 1913 1914 1915 1916 1917 1918 1919 1920 1921 1922 1923 1924 1925 1926 1927 1928 1929 1930 1931 1932 1933 1934 1935 1936 1937 1938 1939 1940 1941 1942 1943 1944 1945 1946 1947 1948 1949 1950 1951 1952 1953 1954 1955 1956 1957 1958 1959 1960 1961 1962 1963 1964 1965 1966 1967 1968 1969 1970 1971 1972 1973 1974 1975 1976 1977 1978 1979 1980 1981 1982 1983 1984 1985 1986 1987 1988 1989 1990 1991 1992 1993 1994 1995 1996 1997 1998 1999 2000 2001 2002 2003 2004 2005 2006 2007 2008 2009 2010 2011 2012 2013 2014 2015 2016 #years (with first value representing R0)
219.299 216.032 215.927 215.82 215.709 215.587 215.462 215.334 215.208 215.079 214.947 214.813 214.671 214.528 214.385 214.228 214.071 213.913 213.758 213.613 213.473 213.333 213.198 213.064 212.927 212.767 212.566 212.284 211.889 211.333 210.394 209.148 207.624 205.787 203.652 201.274 198.728 196.115 193.576 191.261 189.323 187.906 187.084 186.804 186.925 187.148 187.102 186.454 185.092 183.181 181.184 179.64 179.052 179.79 182.276 187.189 195.483 208.469 226.834 249.152 267.935 268.146 244.454 210.747 180.86 159.671 147.271 142.814 145.966 156.408 172.342 188.011 189.852 169.471 142.699 125.616 124.654 143.16 174.158 198.413 238.833 295.712 358.763 479.306 281.178 205.515 194.446 269.412 247.718 227.711 183.752 207.915 239.557 303.871 390.176 271.303 304.268 210.13 157.469 141.649 121.222 104.721 86.3147 73.8501 88.9572 224.822 157.482 71.1476 67.2288 77.9885 127.049 245.524 119.159 157.367 431.536 206.139 95.8888 123.949 158.665 202.759 308.827 226.723 245.881 229.881 115.506 118.133 121.576 140.607 174.088  #recruits; first value is R0 (virgin)
2279.44  2279.44 2279.43 2279.42 2279.41 2278.54 2277.69 2276.86 2276.66 2276.63 2276.6 2276.57 2276.48 2276.34 2276.13 2275.83 2275.44 2274.94 2274.36 2273.7 2272.95 2271.89 2270.98 2269.99 2268.94 2267.82 2266.65 2265.41 2263.98 2262.12 2259.88 2253.46 2250.17 2247.07 2244.06 2241.58 2238.9 2235.09 2230.52 2224.3 2216.59 2209.03 2202.35 2194.94 2189.53 2184.38 2179.18 2172.84 2166.39 2157.92 2149.93 2141.29 2133.88 2124.14 2111.37 2097.92 2075.44 2051.67 2017.48 1986.06 1970.43 1953.47 1940.08 1925.29 1907.52 1892.38 1881 1867.72 1855.4 1843.24 1829 1816.34 1805.89 1797.74 1793.27 1787.44 1785 1785.19 1766.09 1761.44 1753.52 1745.27 1718.95 1702.15 1679.06 1649.62 1617.38 1581.58 1546.49 1505.93 1466.13 1401.24 1339.02 1290.85 1227.65 1121.82 1025.12 972.66 896.139 853.354 805.458 762.195 707.373 668.448 603.1 543.755 487.362 458.586 429.681 396.899 359.746 350.009 331.046 337.407 342.321 357.841 374.011 390.866 407.863 425.755 442.922 461.185 479.817 500.539 522.514 545.69 570.745 597.672 625.269 #spbio; first value is SSB_virgin (virgin)
1 0 0 0 0 0 0 0 0 0 0 0 0 0 0 0 0 0 0 0 0 0 0 0 0 0 0 0 0 0 0 0 0 0 0 0 0 0 0 0 0 0 0 0 0 0 0 0 0 0 0 0 0 0 0 0 0 0 0 0 0 0 0 0 0 0 0 0 0 0 0 0 0 0 0 0 0 0 0 0 0 0 0 0 0 0 0 0 0 0 0 0 0 0 0 0 0 0 0 0 0 0 0 0 0 0 0 0 0 0 0 0 0 0 0 0 0 0 0 0 0 0 0 0 0 0 0 0 0  # in Bzero
0 1 1 1 1 1 1 1 1 1 1 1 1 1 1 1 1 1 1 1 1 1 1 1 1 1 1 1 1 1 1 1 1 1 1 1 1 1 1 1 1 1 1 1 1 1 1 1 1 1 1 1 1 1 1 1 1 1 1 1 1 1 1 1 1 1 1 1 1 1 1 1 1 1 1 1 1 1 1 1 1 1 1 1 1 1 1 1 1 1 1 1 1 1 1 1 1 1 1 1 1 1 1 1 1 1 1 1 1 1 1 1 1 1 1 1 1 1 1 1 1 1 1 1 1 1  0 0 0 # in R project
0 1 1 1 1 1 1 1 1 1 1 1 1 1 1 1 1 1 1 1 1 1 1 1 1 1 1 1 1 1 1 1 1 1 1 1 1 1 1 1 1 1 1 1 1 1 1 1 1 1 1 1 1 1 1 1 1 1 1 1 1 1 1 1 1 1 1 1 1 1 1 1 1 1 1 1 1 1 1 1 1 1 1 1 1 1 1 1 1 1 1 1 1 1 1 1 1 1 1 1 1 1 1 1 1 1 1 1 1 1 1 1 1 1 1 1 1 1 1 1 1 1 1 1 1 1  0 0 0 # in R/S project
# Number of years with pre-specified catches
0
# catches for years with pre-specified catches go next
# Number of future recruitments to override
-2
# Process for overiding (-1 for average otherwise index in data list)
# Which probability to product detailed results for (1=0.5; 2=0.6; etc.)
3
# Steepness sigma-R Auto-correlation
0.718 0.5 0
# Target SPR rate (FMSY Proxy); manually change to SPR_MSY if not using SPR_target
0.5
# Discount rate (for cumulative catch)
0.1
# Truncate the series when 0.4B0 is reached (1=Yes)
0
# Set F to FMSY once 0.4B0 is reached (1=Yes)
0
# Maximum possible F for projection (-1 to set to FMSY)
-1
# Defintion of recovery (1=now only;2=now or before)
2
# Projection type
4
# Definition of the 40-10 rule
10 40
# Calculate coefficients of variation (1=Yes)
0
# Number of replicates to use
10
# Random number seed
-99004
# File with multiple parameter vectors 
rebuild.SSO
# User-specific projection (1=Yes); Output replaced (1->9)
0  5
# Catches and Fs (Year; 1/2/3 (F or C or SPR); value); Final row is -1
2016 1 1
-1 -1 -1
# Fixed catch project (1=Yes); Output replaced (1->9); Approach (-1=Read in else 1-9)
0 2 -1
# Split of Fs
2011  0.000534959
 0
 0.168614
 0.00682095
 0.264657
 0.24311
 0.316263
-1  1 1 1 1 1 1 1 1 1 1 1 1
# Yrs to define T_target for projection type 4 (a.k.a. 5 pre-specified inputs)
2022 2023 2024 2025 2026 
# Year for probability of recovery
2026 2027 2028 2029 2030 2031 2032 2033
# Time varying weight-at-age (1=Yes;0=No)
0
# File with time series of weight-at-age data
none
# Use bisection (0) or linear interpolation (1)
1
# Target Depletion
0.4
# CV of implementation error
0
