#Title, #runnumber: 271 yelloweye_data.ss yelloweye_control.ss 5713.5 2257.32 642.104 StartTime: Fri Jul 21 12:18:55 2017
SSv3_default_rebuild.dat
# Number of sexes
1
# Age range to consider (minimum age; maximum age)
0 100
# Number of fleets
12
# First year of projection (Yinit)
2011
# First Year of rebuilding period (Ydecl)
2013
# Number of simulations
1000
# Maximum number of years
500
# Conduct projections with multiple starting values (0=No;else yes)
0
# Number of parameter vectors
1000
# Is the maximum age a plus-group (1=Yes;2=No)
1
# Generate future recruitments using historical recruitments (1)  historical recruits/spawner (2)  or a stock-recruitment (3)
3
# Constant fishing mortality (1) or constant Catch (2) projections
1
# Fishing mortality based on SPR (1) or actual rate (2)
1
# Pre-specify the year of recovery (or -1) to ignore
-1
# Fecundity-at-age
# 0 1 2 3 4 5 6 7 8 9 10 11 12 13 14 15 16 17 18 19 20 21 22 23 24 25 26 27 28 29 30 31 32 33 34 35 36 37 38 39 40 41 42 43 44 45 46 47 48 49 50 51 52 53 54 55 56 57 58 59 60 61 62 63 64 65 66 67 68 69 70 71 72 73 74 75 76 77 78 79 80 81 82 83 84 85 86 87 88 89 90 91 92 93 94 95 96 97 98 99 100 #runnumber: 271 yelloweye_data.ss yelloweye_control.ss 5713.5 2257.32 642.104
 0 0 2.91101e-008 3.64922e-007 3.25805e-006 2.2446e-005 0.000124027 0.000555043 0.00200469 0.00586661 0.0141709 0.0290352 0.0519306 0.0832124 0.122114 0.167092 0.216283 0.267885 0.320396 0.372689 0.424008 0.473891 0.522095 0.568519 0.613148 0.656012 0.69716 0.736646 0.774524 0.810841 0.845641 0.878963 0.910845 0.94132 0.970425 0.998194 1.02466 1.04987 1.07385 1.09664 1.11829 1.13883 1.15831 1.17676 1.19423 1.21076 1.22639 1.24117 1.25512 1.26828 1.28071 1.29242 1.30347 1.31388 1.32368 1.33291 1.3416 1.34977 1.35746 1.36469 1.37149 1.37788 1.38389 1.38953 1.39483 1.39981 1.40448 1.40887 1.41299 1.41686 1.42049 1.42398 1.42725 1.43032 1.4332 1.4359 1.43844 1.44081 1.44304 1.44513 1.44709 1.44893 1.45065 1.45227 1.45378 1.4552 1.45653 1.45777 1.45894 1.46004 1.46106 1.46202 1.46292 1.46377 1.46456 1.4653 1.46599 1.46665 1.46726 1.46783 1.46872 #female fecundity; weighted by N in year Y_init across morphs and areas
# Age specific selectivity and weight adjusted for discard and discard mortality
 #wt and selex for gender,fleet: 1 1
 0.0108679 0.0222409 0.0602555 0.116972 0.192201 0.283252 0.386877 0.500006 0.620025 0.744827 0.872809 1.00286 1.13434 1.26702 1.40092 1.53616 1.67281 1.81074 1.94962 2.08893 2.22798 2.36603 2.50233 2.63618 2.76698 2.89424 3.01758 3.13672 3.25146 3.3617 3.46738 3.5685 3.66508 3.7572 3.84494 3.92841 4.00773 4.08302 4.15443 4.22209 4.28616 4.34677 4.40409 4.45824 4.50938 4.55764 4.60318 4.64611 4.68657 4.72469 4.76059 4.79438 4.82619 4.85611 4.88425 4.91072 4.93559 4.95897 4.98094 5.00157 5.02095 5.03915 5.05624 5.07229 5.08734 5.10148 5.11474 5.12718 5.13885 5.14981 5.16017 5.16998 5.17918 5.18781 5.1959 5.20348 5.21059 5.21726 5.22351 5.22937 5.23486 5.24 5.24483 5.24935 5.25359 5.25756 5.26128 5.26477 5.26803 5.27109 5.27396 5.27665 5.27917 5.28153 5.28374 5.28581 5.28775 5.28957 5.29127 5.29287 5.29536
 0 0 0 0 0 0 0 0 0 0 0 0 0 0 0 0 0 0 0 0 0 0 0 0 0 0 0 0 0 0 0 0 0 0 0 0 0 0 0 0 0 0 0 0 0 0 0 0 0 0 0 0 0 0 0 0 0 0 0 0 0 0 0 0 0 0 0 0 0 0 0 0 0 0 0 0 0 0 0 0 0 0 0 0 0 0 0 0 0 0 0 0 0 0 0 0 0 0 0 1 0
 #wt and selex for gender,fleet: 1 3
 0.0107995 0.0208839 0.0549867 0.106625 0.175519 0.259575 0.356119 0.462527 0.576487 0.69612 0.820063 0.947522 1.07819 1.21204 1.34907 1.48912 1.63173 1.77618 1.92157 2.0669 2.21121 2.35361 2.49335 2.62983 2.76257 2.89122 3.01554 3.13535 3.25056 3.3611 3.46699 3.56824 3.66491 3.75709 3.84487 3.92836 4.00769 4.083 4.15441 4.22208 4.28615 4.34677 4.40408 4.45824 4.50938 4.55764 4.60318 4.64611 4.68657 4.72469 4.76059 4.79439 4.82619 4.85611 4.88425 4.91072 4.93559 4.95897 4.98094 5.00157 5.02095 5.03915 5.05624 5.07229 5.08735 5.10148 5.11474 5.12718 5.13886 5.14981 5.16017 5.16998 5.17918 5.18781 5.1959 5.20348 5.21059 5.21726 5.22351 5.22937 5.23486 5.24001 5.24483 5.24935 5.25359 5.25756 5.26128 5.26477 5.26803 5.2711 5.27396 5.27665 5.27917 5.28153 5.28374 5.28581 5.28775 5.28957 5.29127 5.29287 5.29536
 0 0 0 0 0 0 0 0 0 0 0 0 0 0 0 0 0 0 0 0 0 0 0 0 0 0 0 0 0 0 0 0 0 0 0 0 0 0 0 0 0 0 0 0 0 0 0 0 0 0 0 0 0 0 0 0 0 0 0 0 0 0 0 0 0 0 0 0 0 0 0 0 0 0 0 0 0 0 0 0 0 0 0 0 0 0 0 0 0 0 0 0 0 0 0 0 0 0 0 1 0
 #wt and selex for gender,fleet: 1 4
 0.0107359 0.0196005 0.0498708 0.0976071 0.163076 0.245185 0.342053 0.451494 0.571298 0.699391 0.833901 0.973177 1.11579 1.2605 1.40628 1.55225 1.69771 1.84209 1.98493 2.12585 2.26453 2.4007 2.53409 2.66446 2.79157 2.91521 3.03517 3.15128 3.26339 3.37139 3.4752 3.57478 3.67011 3.76122 3.84815 3.93098 4.00978 4.08467 4.15576 4.22317 4.28704 4.34749 4.40468 4.45873 4.50978 4.55798 4.60346 4.64635 4.68678 4.72487 4.76074 4.79452 4.82631 4.85621 4.88434 4.9108 4.93566 4.95903 4.98099 5.00162 5.021 5.0392 5.05628 5.07232 5.08738 5.10151 5.11477 5.12721 5.13888 5.14983 5.16019 5.17 5.1792 5.18783 5.19592 5.2035 5.21061 5.21728 5.22353 5.22939 5.23488 5.24002 5.24485 5.24937 5.25361 5.25758 5.2613 5.26478 5.26805 5.27111 5.27398 5.27667 5.27919 5.28155 5.28376 5.28583 5.28777 5.28959 5.29129 5.29289 5.29538
 0 0 0 0 0 0 0 0 0 0 0 0 0 0 0 0 0 0 0 0 0 0 0 0 0 0 0 0 0 0 0 0 0 0 0 0 0 0 0 0 0 0 0 0 0 0 0 0 0 0 0 0 0 0 0 0 0 0 0 0 0 0 0 0 0 0 0 0 0 0 0 0 0 0 0 0 0 0 0 0 0 0 0 0 0 0 0 0 0 0 0 0 0 0 0 0 0 0 0 1 0
 #wt and selex for gender,fleet: 1 5
 0.0108098 0.0211108 0.0562723 0.110133 0.182887 0.272618 0.376609 0.492041 0.616308 0.747147 0.882661 1.02129 1.16178 1.30312 1.44457 1.58558 1.72576 1.86485 2.00267 2.13903 2.27378 2.40667 2.53747 2.66588 2.79159 2.91428 3.03367 3.14947 3.26148 3.36951 3.47343 3.57316 3.66867 3.75996 3.84707 3.93005 4.00899 4.084 4.15519 4.22269 4.28663 4.34715 4.40438 4.45848 4.50957 4.5578 4.60331 4.64622 4.68666 4.72477 4.76065 4.79444 4.82624 4.85615 4.88429 4.91075 4.93562 4.95899 4.98096 5.00159 5.02097 5.03917 5.05626 5.0723 5.08736 5.10149 5.11475 5.12719 5.13886 5.14981 5.16018 5.16999 5.17919 5.18781 5.1959 5.20349 5.2106 5.21727 5.22352 5.22937 5.23487 5.24001 5.24484 5.24936 5.25359 5.25756 5.26129 5.26477 5.26804 5.2711 5.27397 5.27666 5.27918 5.28154 5.28375 5.28582 5.28776 5.28958 5.29128 5.29288 5.29537
 0 0 0 0 0 0 0 0 0 0 0 0 0 0 0 0 0 0 0 0 0 0 0 0 0 0 0 0 0 0 0 0 0 0 0 0 0 0 0 0 0 0 0 0 0 0 0 0 0 0 0 0 0 0 0 0 0 0 0 0 0 0 0 0 0 0 0 0 0 0 0 0 0 0 0 0 0 0 0 0 0 0 0 0 0 0 0 0 0 0 0 0 0 0 0 0 0 0 0 1 0
 #wt and selex for gender,fleet: 1 6
 0.0112612 0.0287465 0.0773234 0.143322 0.224044 0.314153 0.409401 0.507157 0.606698 0.709075 0.816316 0.930419 1.0526 1.18299 1.32067 1.46407 1.61129 1.76052 1.91015 2.05889 2.20574 2.34992 2.49085 2.62809 2.7613 2.89024 3.01471 3.1346 3.24984 3.3604 3.46627 3.56751 3.66417 3.75633 3.84409 3.92757 4.00689 4.08218 4.15358 4.22123 4.28529 4.3459 4.4032 4.45735 4.50848 4.55674 4.60227 4.64519 4.68565 4.72376 4.75966 4.79345 4.82525 4.85517 4.88331 4.90976 4.93464 4.95801 4.97998 5.00061 5.01999 5.03819 5.05528 5.07132 5.08637 5.1005 5.11376 5.12621 5.13788 5.14883 5.15919 5.169 5.17819 5.18682 5.1949 5.20248 5.20959 5.21626 5.2225 5.22836 5.23385 5.23899 5.24381 5.24833 5.25257 5.25654 5.26026 5.26374 5.26701 5.27007 5.27294 5.27562 5.27814 5.2805 5.28271 5.28478 5.28672 5.28854 5.29024 5.29183 5.29433
 0 0 0 0 0 0 0 0 0 0 0 0 0 0 0 0 0 0 0 0 0 0 0 0 0 0 0 0 0 0 0 0 0 0 0 0 0 0 0 0 0 0 0 0 0 0 0 0 0 0 0 0 0 0 0 0 0 0 0 0 0 0 0 0 0 0 0 0 0 0 0 0 0 0 0 0 0 0 0 0 0 0 0 0 0 0 0 0 0 0 0 0 0 0 0 0 0 0 0 1 0
 #wt and selex for gender,fleet: 1 7
 0.0106691 0.0182374 0.0646019 0.406706 0.416822 0.435989 0.466859 0.51246 0.575834 0.658878 0.76134 0.880717 1.01316 1.15471 1.30202 1.45261 1.60471 1.75697 1.90839 2.05815 2.20555 2.35004 2.49114 2.62849 2.76177 2.89075 3.01526 3.13519 3.25046 3.36105 3.46696 3.56822 3.6649 3.75708 3.84486 3.92836 4.00769 4.08299 4.15441 4.22208 4.28615 4.34677 4.40408 4.45824 4.50938 4.55764 4.60318 4.64611 4.68657 4.72469 4.76059 4.79438 4.82619 4.85611 4.88425 4.91072 4.93559 4.95897 4.98094 5.00157 5.02095 5.03915 5.05624 5.07229 5.08734 5.10148 5.11474 5.12718 5.13886 5.14981 5.16017 5.16998 5.17918 5.18781 5.1959 5.20348 5.21059 5.21726 5.22351 5.22937 5.23486 5.24001 5.24483 5.24935 5.25359 5.25756 5.26128 5.26477 5.26803 5.2711 5.27396 5.27665 5.27917 5.28153 5.28374 5.28581 5.28775 5.28957 5.29127 5.29287 5.29536
 0 0 0 0 0 0 0 0 0 0 0 0 0 0 0 0 0 0 0 0 0 0 0 0 0 0 0 0 0 0 0 0 0 0 0 0 0 0 0 0 0 0 0 0 0 0 0 0 0 0 0 0 0 0 0 0 0 0 0 0 0 0 0 0 0 0 0 0 0 0 0 0 0 0 0 0 0 0 0 0 0 0 0 0 0 0 0 0 0 0 0 0 0 0 0 0 0 0 0 1 0
# M and current age-structure in year Yinit: 2011
 # gender = 1
 0.0439034 0.0439034 0.0439034 0.0439034 0.0439034 0.0439034 0.0439034 0.0439034 0.0439034 0.0439034 0.0439034 0.0439034 0.0439034 0.0439034 0.0439034 0.0439034 0.0439034 0.0439034 0.0439034 0.0439034 0.0439034 0.0439034 0.0439034 0.0439034 0.0439034 0.0439034 0.0439034 0.0439034 0.0439034 0.0439034 0.0439034 0.0439034 0.0439034 0.0439034 0.0439034 0.0439034 0.0439034 0.0439034 0.0439034 0.0439034 0.0439034 0.0439034 0.0439034 0.0439034 0.0439034 0.0439034 0.0439034 0.0439034 0.0439034 0.0439034 0.0439034 0.0439034 0.0439034 0.0439034 0.0439034 0.0439034 0.0439034 0.0439034 0.0439034 0.0439034 0.0439034 0.0439034 0.0439034 0.0439034 0.0439034 0.0439034 0.0439034 0.0439034 0.0439034 0.0439034 0.0439034 0.0439034 0.0439034 0.0439034 0.0439034 0.0439034 0.0439034 0.0439034 0.0439034 0.0439034 0.0439034 0.0439034 0.0439034 0.0439034 0.0439034 0.0439034 0.0439034 0.0439034 0.0439034 0.0439034 0.0439034 0.0439034 0.0439034 0.0439034 0.0439034 0.0439034 0.0439034 0.0439034 0.0439034 0.0439034 0.0439034
 266.098 178.489 218.419 274.391 156.265 116.71 87.0357 73.9087 101.838 314.282 99.0554 93.5508 124.786 64.7756 43.2547 34.0929 36.2692 63.3658 89.0501 35.779 26.2911 25.6854 29.0216 32.9752 32.341 29.0275 33.6371 44.0333 31.9871 36.7522 25.3063 17.6482 11.8728 9.32952 9.82098 9.44963 8.55708 5.66419 4.906 6.37992 9.34715 6.02048 5.04112 3.4976 2.70677 2.24014 1.66222 1.32523 1.23873 1.31798 1.48346 1.57664 1.46987 1.27061 1.0956 0.975891 0.910846 0.893077 0.917832 0.984127 1.08593 1.19478 1.24486 1.1814 1.0438 0.904377 0.792068 0.708185 0.646704 0.600566 0.564886 0.536131 0.51193 0.490498 0.470247 0.45007 0.429421 0.408477 0.387801 0.368112 0.349966 0.333658 0.319173 0.306358 0.294894 0.284415 0.274594 0.265169 0.255934 0.246781 0.237661 0.228565 0.219526 0.21062 0.201839 0.193128 0.184704 0.176588 0.168792 0.161329 3.58499
# Age-structure at Ydeclare= 2013
 117.45 114.985 243.728 163.481 200.044 251.28 143.068 106.799 79.5817 67.5168 92.9484 286.628 90.2837 85.2253 113.639 58.9724 39.3712 31.0271 33.0038 57.6558 81.0204 32.5513 23.9184 23.3667 26.401 29.9969 29.4191 26.4043 30.5964 40.0516 29.0937 33.4266 23.0157 16.0503 10.7975 8.48433 8.93106 8.59319 7.78138 5.15064 4.46111 5.80126 8.49922 5.47424 4.58366 3.18016 2.46108 2.03678 1.51131 1.2049 1.12624 1.19829 1.34873 1.43344 1.33636 1.1552 0.996081 0.887245 0.828107 0.811951 0.834456 0.894727 0.987283 1.08624 1.13177 1.07408 0.94897 0.822217 0.720111 0.643847 0.587951 0.546004 0.513566 0.487424 0.46542 0.445936 0.427524 0.40918 0.390407 0.371366 0.352569 0.334669 0.318171 0.303345 0.290176 0.278525 0.268103 0.258576 0.249648 0.241078 0.232683 0.224361 0.21607 0.2078 0.199583 0.191486 0.183502 0.175583 0.167924 0.160545 3.55944
# Year for Tmin Age-structure (set to Ydecl by SS)
2013
#  recruitment and biomass
# Number of historical assessment years
129
# Historical data
# year recruitment spawner in B0 in R project in R/S project
1888  1889 1890 1891 1892 1893 1894 1895 1896 1897 1898 1899 1900 1901 1902 1903 1904 1905 1906 1907 1908 1909 1910 1911 1912 1913 1914 1915 1916 1917 1918 1919 1920 1921 1922 1923 1924 1925 1926 1927 1928 1929 1930 1931 1932 1933 1934 1935 1936 1937 1938 1939 1940 1941 1942 1943 1944 1945 1946 1947 1948 1949 1950 1951 1952 1953 1954 1955 1956 1957 1958 1959 1960 1961 1962 1963 1964 1965 1966 1967 1968 1969 1970 1971 1972 1973 1974 1975 1976 1977 1978 1979 1980 1981 1982 1983 1984 1985 1986 1987 1988 1989 1990 1991 1992 1993 1994 1995 1996 1997 1998 1999 2000 2001 2002 2003 2004 2005 2006 2007 2008 2009 2010 2011 2012 2013 2014 2015 2016 #years (with first value representing R0)
217.658 215.13 215.048 214.964 214.878 214.782 214.684 214.583 214.485 214.386 214.285 214.182 214.071 213.963 213.857 213.738 213.619 213.501 213.384 213.276 213.168 213.054 212.936 212.81 212.671 212.5 212.283 211.99 211.597 211.071 210.198 209.059 207.679 206.011 204.047 201.819 199.376 196.808 194.251 191.855 189.783 188.188 187.164 186.692 186.68 186.899 187.043 186.795 185.971 184.583 182.921 181.42 180.594 180.911 182.914 187.352 195.176 207.682 225.614 247.741 266.753 267.368 244.054 210.927 181.728 161.086 148.922 144.243 146.681 156.173 171.6 187.837 190.342 168.856 141.098 124.358 124.312 145.061 180.995 201.33 237.996 311.688 335.898 467.292 283.845 192.954 195.664 258.004 247.208 221.696 180.812 196.661 248.842 302.749 372.188 274.007 319.579 207.616 153.437 147.771 131.658 102.414 81.0464 74.9954 93.257 214.254 142.053 76.3606 67.8554 81.7392 116.511 213.906 152.972 154.604 468.452 145.036 100.624 113.329 145.392 186.28 313.028 238.465 186.5 266.098 120.146 117.45 127.378 142.237 172.347  #recruits; first value is R0 (virgin)
2257.32  2257.32 2257.31 2257.28 2257.23 2256.3 2255.38 2254.45 2254.14 2253.98 2253.81 2253.62 2253.37 2253.07 2252.68 2252.21 2251.64 2250.97 2250.22 2249.39 2248.46 2247.23 2246.14 2244.99 2243.76 2242.47 2241.11 2239.7 2238.08 2236.56 2234.66 2228.6 2225.68 2222.97 2220.36 2218.28 2216.01 2212.61 2208.46 2202.67 2195.38 2188.25 2182 2175.03 2170.06 2165.38 2160.64 2154.78 2148.83 2140.87 2133.4 2125.27 2118.37 2109.13 2096.84 2083.84 2061.79 2038.43 2004.63 1973.63 1958.42 1941.44 1928.24 1913.86 1896.53 1881.63 1870.59 1857.48 1845.37 1833.34 1819.2 1806.54 1796.11 1788.06 1783.82 1778.3 1776.11 1776.68 1757.95 1753.72 1746.18 1738.22 1712.17 1695.62 1672.76 1643.56 1611.55 1575.95 1541.14 1500.79 1461.32 1396.41 1332.94 1284.38 1220.86 1114.83 1017.92 965.837 889.374 846.736 796.001 750.269 691.518 651.464 587.404 529.131 473.886 445.732 417.515 385.707 349.693 341.277 323.531 331.085 337.216 352.841 368.95 385.716 402.54 420.06 436.776 454.445 472.362 492.313 513.509 536.011 560.415 586.759 613.715 #spbio; first value is SSB_virgin (virgin)
1 0 0 0 0 0 0 0 0 0 0 0 0 0 0 0 0 0 0 0 0 0 0 0 0 0 0 0 0 0 0 0 0 0 0 0 0 0 0 0 0 0 0 0 0 0 0 0 0 0 0 0 0 0 0 0 0 0 0 0 0 0 0 0 0 0 0 0 0 0 0 0 0 0 0 0 0 0 0 0 0 0 0 0 0 0 0 0 0 0 0 0 0 0 0 0 0 0 0 0 0 0 0 0 0 0 0 0 0 0 0 0 0 0 0 0 0 0 0 0 0 0 0 0 0 0 0 0 0  # in Bzero
0 1 1 1 1 1 1 1 1 1 1 1 1 1 1 1 1 1 1 1 1 1 1 1 1 1 1 1 1 1 1 1 1 1 1 1 1 1 1 1 1 1 1 1 1 1 1 1 1 1 1 1 1 1 1 1 1 1 1 1 1 1 1 1 1 1 1 1 1 1 1 1 1 1 1 1 1 1 1 1 1 1 1 1 1 1 1 1 1 1 1 1 1 1 1 1 1 1 1 1 1 1 1 1 1 1 1 1 1 1 1 1 1 1 1 1 1 1 1 1 1 1 1 1 1 1  0 0 0 # in R project
0 1 1 1 1 1 1 1 1 1 1 1 1 1 1 1 1 1 1 1 1 1 1 1 1 1 1 1 1 1 1 1 1 1 1 1 1 1 1 1 1 1 1 1 1 1 1 1 1 1 1 1 1 1 1 1 1 1 1 1 1 1 1 1 1 1 1 1 1 1 1 1 1 1 1 1 1 1 1 1 1 1 1 1 1 1 1 1 1 1 1 1 1 1 1 1 1 1 1 1 1 1 1 1 1 1 1 1 1 1 1 1 1 1 1 1 1 1 1 1 1 1 1 1 1 1  0 0 0 # in R/S project
# Number of years with pre-specified catches
0
# catches for years with pre-specified catches go next
# Number of future recruitments to override
-2
# Process for overiding (-1 for average otherwise index in data list)
# Which probability to product detailed results for (1=0.5; 2=0.6; etc.)
3
# Steepness sigma-R Auto-correlation
0.718 0.5 0
# Target SPR rate (FMSY Proxy); manually change to SPR_MSY if not using SPR_target
0.5
# Discount rate (for cumulative catch)
0.1
# Truncate the series when 0.4B0 is reached (1=Yes)
0
# Set F to FMSY once 0.4B0 is reached (1=Yes)
0
# Maximum possible F for projection (-1 to set to FMSY)
-1
# Defintion of recovery (1=now only;2=now or before)
2
# Projection type
4
# Definition of the 40-10 rule
10 40
# Calculate coefficients of variation (1=Yes)
0
# Number of replicates to use
10
# Random number seed
-99004
# File with multiple parameter vectors 
rebuild.SSO
# User-specific projection (1=Yes); Output replaced (1->9)
0  5
# Catches and Fs (Year; 1/2/3 (F or C or SPR); value); Final row is -1
2016 1 1
-1 -1 -1
# Fixed catch project (1=Yes); Output replaced (1->9); Approach (-1=Read in else 1-9)
0 2 -1
# Split of Fs
2011  0.000573848
 0
 0.180761
 0.00766668
 0.290563
 0.266178
 0.254258
-1  1 1 1 1 1 1 1 1 1 1 1 1
# Yrs to define T_target for projection type 4 (a.k.a. 5 pre-specified inputs)
2022 2023 2024 2025 2026 
# Year for probability of recovery
2026 2027 2028 2029 2030 2031 2032 2033
# Time varying weight-at-age (1=Yes;0=No)
0
# File with time series of weight-at-age data
none
# Use bisection (0) or linear interpolation (1)
1
# Target Depletion
0.4
# CV of implementation error
0
