#Title, #runnumber: 255 yelloweye_data.ss yelloweye_control.ss 5480.36 2247.01 600.451 StartTime: Thu Jun 15 16:01:12 2017
SSv3_default_rebuild.dat
# Number of sexes
1
# Age range to consider (minimum age; maximum age)
0 100
# Number of fleets
12
# First year of projection (Yinit)
2011
# First Year of rebuilding period (Ydecl)
2013
# Number of simulations
1000
# Maximum number of years
500
# Conduct projections with multiple starting values (0=No;else yes)
0
# Number of parameter vectors
1000
# Is the maximum age a plus-group (1=Yes;2=No)
1
# Generate future recruitments using historical recruitments (1)  historical recruits/spawner (2)  or a stock-recruitment (3)
3
# Constant fishing mortality (1) or constant Catch (2) projections
1
# Fishing mortality based on SPR (1) or actual rate (2)
1
# Pre-specify the year of recovery (or -1) to ignore
-1
# Fecundity-at-age
# 0 1 2 3 4 5 6 7 8 9 10 11 12 13 14 15 16 17 18 19 20 21 22 23 24 25 26 27 28 29 30 31 32 33 34 35 36 37 38 39 40 41 42 43 44 45 46 47 48 49 50 51 52 53 54 55 56 57 58 59 60 61 62 63 64 65 66 67 68 69 70 71 72 73 74 75 76 77 78 79 80 81 82 83 84 85 86 87 88 89 90 91 92 93 94 95 96 97 98 99 100 #runnumber: 255 yelloweye_data.ss yelloweye_control.ss 5480.36 2247.01 600.451
 0 0 6.564e-008 7.71742e-007 6.38819e-006 4.05655e-005 0.000205674 0.000842186 0.0027912 0.00756719 0.0171578 0.033446 0.0575936 0.0897277 0.129016 0.173994 0.222956 0.274266 0.326552 0.378766 0.430185 0.480345 0.528984 0.57597 0.621258 0.664848 0.706766 0.747048 0.785732 0.822854 0.858449 0.89255 0.92519 0.956402 0.986217 1.01467 1.0418 1.06763 1.09221 1.11558 1.13778 1.15884 1.17882 1.19774 1.21566 1.23261 1.24865 1.2638 1.27811 1.29162 1.30436 1.31638 1.32771 1.33839 1.34845 1.35791 1.36683 1.37521 1.3831 1.39052 1.3975 1.40405 1.41022 1.416 1.42144 1.42655 1.43134 1.43585 1.44007 1.44404 1.44776 1.45134 1.4547 1.45786 1.46082 1.46359 1.46619 1.46863 1.47092 1.47306 1.47508 1.47696 1.47873 1.48039 1.48194 1.4834 1.48476 1.48604 1.48724 1.48836 1.48941 1.4904 1.49132 1.49219 1.493 1.49376 1.49447 1.49514 1.49577 1.49635 1.49727 #female fecundity; weighted by N in year Y_init across morphs and areas
# Age specific selectivity and weight adjusted for discard and discard mortality
 #wt and selex for gender,fleet: 1 1
 0.0106129 0.0199717 0.0579224 0.115357 0.191915 0.284625 0.38992 0.504522 0.625719 0.751405 0.880045 1.01064 1.14269 1.27605 1.41085 1.54725 1.68531 1.82493 1.96575 2.10722 2.24862 2.38916 2.52803 2.6645 2.79793 2.92779 3.05368 3.17529 3.29244 3.40499 3.5129 3.61615 3.71478 3.80887 3.89848 3.98374 4.06477 4.14169 4.21465 4.28379 4.34925 4.4112 4.46977 4.52512 4.57739 4.62672 4.67326 4.71715 4.75851 4.79748 4.83418 4.86873 4.90125 4.93184 4.96061 4.98766 5.0131 5.037 5.05946 5.08056 5.10037 5.11898 5.13645 5.15285 5.16825 5.1827 5.19625 5.20898 5.22091 5.2321 5.2427 5.25274 5.26215 5.27097 5.27925 5.28701 5.29428 5.3011 5.30749 5.31348 5.3191 5.32436 5.32929 5.33392 5.33825 5.34231 5.34612 5.34968 5.35302 5.35615 5.35908 5.36183 5.36441 5.36682 5.36908 5.3712 5.37318 5.37504 5.37678 5.37841 5.38096
 0 0 0 0 0 0 0 0 0 0 0 0 0 0 0 0 0 0 0 0 0 0 0 0 0 0 0 0 0 0 0 0 0 0 0 0 0 0 0 0 0 0 0 0 0 0 0 0 0 0 0 0 0 0 0 0 0 0 0 0 0 0 0 0 0 0 0 0 0 0 0 0 0 0 0 0 0 0 0 0 0 0 0 0 0 0 0 0 0 0 0 0 0 0 0 0 0 0 0 1 0
 #wt and selex for gender,fleet: 1 3
 0.0105522 0.0188258 0.0525056 0.104427 0.174097 0.259219 0.356882 0.4643 0.579093 0.699399 0.823948 0.952067 1.08356 1.21847 1.35685 1.49851 1.64301 1.7896 1.93732 2.08513 2.23203 2.37706 2.51946 2.65858 2.79393 2.92514 3.05195 3.17418 3.29173 3.40454 3.51262 3.61597 3.71468 3.8088 3.89844 3.98372 4.06475 4.14168 4.21464 4.28378 4.34925 4.4112 4.46977 4.52512 4.57739 4.62672 4.67326 4.71715 4.75851 4.79748 4.83418 4.86873 4.90125 4.93184 4.96061 4.98766 5.0131 5.037 5.05946 5.08055 5.10037 5.11898 5.13645 5.15285 5.16825 5.1827 5.19625 5.20897 5.22091 5.2321 5.2427 5.25274 5.26215 5.27097 5.27925 5.28701 5.29428 5.3011 5.30749 5.31348 5.3191 5.32436 5.32929 5.33392 5.33825 5.34231 5.34612 5.34968 5.35302 5.35615 5.35908 5.36183 5.36441 5.36682 5.36908 5.3712 5.37318 5.37504 5.37678 5.37841 5.38096
 0 0 0 0 0 0 0 0 0 0 0 0 0 0 0 0 0 0 0 0 0 0 0 0 0 0 0 0 0 0 0 0 0 0 0 0 0 0 0 0 0 0 0 0 0 0 0 0 0 0 0 0 0 0 0 0 0 0 0 0 0 0 0 0 0 0 0 0 0 0 0 0 0 0 0 0 0 0 0 0 0 0 0 0 0 0 0 0 0 0 0 0 0 0 0 0 0 0 0 1 0
 #wt and selex for gender,fleet: 1 4
 0.0105032 0.0178988 0.0479956 0.096247 0.162725 0.246074 0.344113 0.45442 0.574652 0.70269 0.836683 0.975058 1.1165 1.25992 1.40447 1.5495 1.69447 1.839 1.98271 2.12528 2.26635 2.40556 2.54251 2.6768 2.80805 2.93589 3.06002 3.18017 3.29613 3.40775 3.51494 3.61765 3.71588 3.80967 3.89906 3.98417 4.06508 4.14192 4.21481 4.28391 4.34934 4.41127 4.46982 4.52516 4.57742 4.62674 4.67328 4.71716 4.75852 4.79749 4.83419 4.86874 4.90125 4.93184 4.96061 4.98767 5.0131 5.037 5.05946 5.08056 5.10037 5.11898 5.13645 5.15285 5.16825 5.1827 5.19626 5.20898 5.22091 5.2321 5.2427 5.25274 5.26215 5.27097 5.27925 5.28701 5.29428 5.3011 5.30749 5.31348 5.3191 5.32436 5.32929 5.33392 5.33825 5.34231 5.34612 5.34968 5.35302 5.35615 5.35908 5.36183 5.36441 5.36682 5.36908 5.3712 5.37318 5.37504 5.37678 5.37841 5.38096
 0 0 0 0 0 0 0 0 0 0 0 0 0 0 0 0 0 0 0 0 0 0 0 0 0 0 0 0 0 0 0 0 0 0 0 0 0 0 0 0 0 0 0 0 0 0 0 0 0 0 0 0 0 0 0 0 0 0 0 0 0 0 0 0 0 0 0 0 0 0 0 0 0 0 0 0 0 0 0 0 0 0 0 0 0 0 0 0 0 0 0 0 0 0 0 0 0 0 0 1 0
 #wt and selex for gender,fleet: 1 5
 0.0105609 0.0190061 0.0537764 0.108084 0.181984 0.27338 0.379288 0.496668 0.622776 0.755283 0.892282 1.03224 1.17396 1.31648 1.45913 1.60138 1.7429 1.88343 2.0228 2.16084 2.29736 2.43214 2.56493 2.69542 2.82327 2.94818 3.06981 3.18788 3.30214 3.4124 3.51851 3.62038 3.71796 3.81124 3.90026 3.98507 4.06576 4.14244 4.21521 4.28421 4.34958 4.41145 4.46996 4.52527 4.5775 4.62681 4.67334 4.71721 4.75856 4.79752 4.83421 4.86876 4.90127 4.93186 4.96063 4.98768 5.01311 5.03701 5.05947 5.08056 5.10038 5.11899 5.13646 5.15286 5.16825 5.1827 5.19626 5.20898 5.22091 5.23211 5.2427 5.25274 5.26215 5.27098 5.27925 5.28701 5.29428 5.3011 5.30749 5.31348 5.3191 5.32436 5.3293 5.33392 5.33825 5.34231 5.34612 5.34968 5.35302 5.35615 5.35909 5.36183 5.36441 5.36682 5.36908 5.3712 5.37318 5.37504 5.37678 5.37841 5.38096
 0 0 0 0 0 0 0 0 0 0 0 0 0 0 0 0 0 0 0 0 0 0 0 0 0 0 0 0 0 0 0 0 0 0 0 0 0 0 0 0 0 0 0 0 0 0 0 0 0 0 0 0 0 0 0 0 0 0 0 0 0 0 0 0 0 0 0 0 0 0 0 0 0 0 0 0 0 0 0 0 0 0 0 0 0 0 0 0 0 0 0 0 0 0 0 0 0 0 0 1 0
 #wt and selex for gender,fleet: 1 6
 0.0109434 0.0255091 0.0750459 0.142322 0.224825 0.316758 0.413593 0.512634 0.613197 0.716365 0.824171 0.938646 1.06112 1.19189 1.33024 1.4747 1.62342 1.77454 1.92636 2.0775 2.22688 2.37365 2.51719 2.65702 2.7928 2.92425 3.05119 3.17348 3.29106 3.40387 3.51194 3.61528 3.71397 3.80808 3.8977 3.98297 4.06399 4.14091 4.21386 4.28299 4.34845 4.41039 4.46895 4.5243 4.57656 4.62589 4.67243 4.71631 4.75767 4.79663 4.83333 4.86788 4.90039 4.93098 4.95975 4.9868 5.01223 5.03614 5.05859 5.07969 5.0995 5.11811 5.13558 5.15198 5.16738 5.18183 5.19538 5.2081 5.22004 5.23123 5.24183 5.25186 5.26127 5.27009 5.27836 5.28612 5.29339 5.3002 5.30659 5.31258 5.3182 5.32346 5.32839 5.33301 5.33734 5.3414 5.3452 5.34877 5.35211 5.35524 5.35817 5.36092 5.36349 5.3659 5.36816 5.37028 5.37226 5.37412 5.37586 5.37749 5.38003
 0 0 0 0 0 0 0 0 0 0 0 0 0 0 0 0 0 0 0 0 0 0 0 0 0 0 0 0 0 0 0 0 0 0 0 0 0 0 0 0 0 0 0 0 0 0 0 0 0 0 0 0 0 0 0 0 0 0 0 0 0 0 0 0 0 0 0 0 0 0 0 0 0 0 0 0 0 0 0 0 0 0 0 0 0 0 0 0 0 0 0 0 0 0 0 0 0 0 0 1 0
 #wt and selex for gender,fleet: 1 7
 0.0109169 0.0252274 0.0760885 0.148252 0.240182 0.346044 0.460542 0.579684 0.70076 0.822156 0.943204 1.06403 1.18533 1.30807 1.43323 1.56151 1.69324 1.8283 1.96614 2.10591 2.24653 2.3869 2.52595 2.66276 2.79656 2.92677 3.05294 3.17477 3.29208 3.40475 3.51274 3.61605 3.71472 3.80882 3.89845 3.98372 4.06476 4.14168 4.21464 4.28378 4.34925 4.4112 4.46977 4.52512 4.57739 4.62672 4.67326 4.71715 4.75851 4.79748 4.83418 4.86873 4.90125 4.93184 4.96061 4.98766 5.0131 5.037 5.05946 5.08055 5.10037 5.11898 5.13645 5.15285 5.16825 5.1827 5.19625 5.20897 5.22091 5.2321 5.2427 5.25274 5.26215 5.27097 5.27925 5.28701 5.29428 5.3011 5.30749 5.31348 5.3191 5.32436 5.32929 5.33392 5.33825 5.34231 5.34612 5.34968 5.35302 5.35615 5.35908 5.36183 5.36441 5.36682 5.36908 5.3712 5.37318 5.37504 5.37678 5.37841 5.38096
 0 0 0 0 0 0 0 0 0 0 0 0 0 0 0 0 0 0 0 0 0 0 0 0 0 0 0 0 0 0 0 0 0 0 0 0 0 0 0 0 0 0 0 0 0 0 0 0 0 0 0 0 0 0 0 0 0 0 0 0 0 0 0 0 0 0 0 0 0 0 0 0 0 0 0 0 0 0 0 0 0 0 0 0 0 0 0 0 0 0 0 0 0 0 0 0 0 0 0 1 0
# M and current age-structure in year Yinit: 2011
 # gender = 1
 0.0439034 0.0439034 0.0439034 0.0439034 0.0439034 0.0439034 0.0439034 0.0439034 0.0439034 0.0439034 0.0439034 0.0439034 0.0439034 0.0439034 0.0439034 0.0439034 0.0439034 0.0439034 0.0439034 0.0439034 0.0439034 0.0439034 0.0439034 0.0439034 0.0439034 0.0439034 0.0439034 0.0439034 0.0439034 0.0439034 0.0439034 0.0439034 0.0439034 0.0439034 0.0439034 0.0439034 0.0439034 0.0439034 0.0439034 0.0439034 0.0439034 0.0439034 0.0439034 0.0439034 0.0439034 0.0439034 0.0439034 0.0439034 0.0439034 0.0439034 0.0439034 0.0439034 0.0439034 0.0439034 0.0439034 0.0439034 0.0439034 0.0439034 0.0439034 0.0439034 0.0439034 0.0439034 0.0439034 0.0439034 0.0439034 0.0439034 0.0439034 0.0439034 0.0439034 0.0439034 0.0439034 0.0439034 0.0439034 0.0439034 0.0439034 0.0439034 0.0439034 0.0439034 0.0439034 0.0439034 0.0439034 0.0439034 0.0439034 0.0439034 0.0439034 0.0439034 0.0439034 0.0439034 0.0439034 0.0439034 0.0439034 0.0439034 0.0439034 0.0439034 0.0439034 0.0439034 0.0439034 0.0439034 0.0439034 0.0439034 0.0439034
 217.523 226.098 195.559 253.679 160.75 119.549 88.8599 65.5609 133.521 271.058 93.2144 67.6317 134.648 65.884 38.6753 31.7868 31.9233 66.6916 88.5443 32.5138 24.729 26.0931 28.1061 28.573 28.9832 27.5765 31.2812 38.5247 28.1671 33.0636 22.0477 14.7845 10.8481 8.11326 8.56441 8.00176 7.52304 4.70132 4.34291 5.22506 7.90272 5.30182 3.92704 2.88964 2.20581 1.79276 1.36857 1.11065 1.04866 1.12111 1.25549 1.32306 1.22901 1.05977 0.909043 0.804695 0.748341 0.734141 0.757378 0.816172 0.904106 0.995168 1.03344 0.977499 0.862807 0.747444 0.654372 0.584652 0.533286 0.494385 0.464009 0.439526 0.419296 0.401995 0.386181 0.370593 0.354398 0.337526 0.320451 0.303918 0.288567 0.274766 0.262558 0.251839 0.24234 0.233743 0.225765 0.218173 0.21078 0.203471 0.196181 0.188878 0.181572 0.174321 0.167124 0.159949 0.152982 0.146258 0.139794 0.133607 2.98055
# Age-structure at Ydeclare= 2013
 112.882 105.048 199.236 207.086 179.107 232.313 147.178 109.413 81.278 59.9219 121.932 247.314 84.9776 61.6093 122.58 59.9485 35.1768 28.9026 29.0201 60.6163 80.4687 29.5459 22.4703 23.7086 25.5366 25.9598 26.3315 25.0524 28.4167 34.9953 25.5852 30.0313 20.0246 13.4272 9.85178 7.36778 7.77719 7.26601 6.83108 4.26876 3.9432 4.74401 7.1749 4.81338 3.56515 2.62328 2.00243 1.62742 1.24232 1.00818 0.951894 1.01765 1.13961 1.20093 1.11555 0.961928 0.825112 0.730394 0.679241 0.666351 0.68744 0.740803 0.820616 0.903266 0.937999 0.887225 0.783124 0.678414 0.593937 0.530655 0.484033 0.448724 0.421153 0.398931 0.380568 0.364866 0.350512 0.336363 0.321664 0.306351 0.290853 0.275847 0.261914 0.249388 0.238307 0.228579 0.219957 0.212154 0.204913 0.198022 0.191312 0.184679 0.178062 0.171433 0.164802 0.158221 0.151689 0.145177 0.138853 0.13275 2.95344
# Year for Tmin Age-structure (set to Ydecl by SS)
2013
#  recruitment and biomass
# Number of historical assessment years
129
# Historical data
# year recruitment spawner in B0 in R project in R/S project
1888  1889 1890 1891 1892 1893 1894 1895 1896 1897 1898 1899 1900 1901 1902 1903 1904 1905 1906 1907 1908 1909 1910 1911 1912 1913 1914 1915 1916 1917 1918 1919 1920 1921 1922 1923 1924 1925 1926 1927 1928 1929 1930 1931 1932 1933 1934 1935 1936 1937 1938 1939 1940 1941 1942 1943 1944 1945 1946 1947 1948 1949 1950 1951 1952 1953 1954 1955 1956 1957 1958 1959 1960 1961 1962 1963 1964 1965 1966 1967 1968 1969 1970 1971 1972 1973 1974 1975 1976 1977 1978 1979 1980 1981 1982 1983 1984 1985 1986 1987 1988 1989 1990 1991 1992 1993 1994 1995 1996 1997 1998 1999 2000 2001 2002 2003 2004 2005 2006 2007 2008 2009 2010 2011 2012 2013 2014 2015 2016 #years (with first value representing R0)
212.639 209.195 209.086 208.976 208.861 208.737 208.611 208.481 208.353 208.224 208.092 207.958 207.817 207.675 207.537 207.385 207.232 207.081 206.931 206.793 206.659 206.523 206.392 206.261 206.127 205.967 205.764 205.481 205.085 204.531 203.604 202.374 200.871 199.057 196.95 194.603 192.088 189.507 186.999 184.713 182.806 181.425 180.654 180.448 180.679 181.051 181.179 180.704 179.479 177.647 175.67 174.104 173.465 174.112 176.43 181.039 188.837 201.104 218.574 240.071 258.765 260.243 238.36 205.933 176.756 155.919 143.625 139.077 141.994 152.199 168.207 184.709 188.002 168.352 141.525 124.254 123.072 141.195 171.337 194.141 232.685 287.248 349.654 466.268 273.666 200.391 189.721 263.672 241.968 222.037 179.229 202.988 233.029 291.359 365.146 259.682 297.046 202.608 151.178 135.812 115.787 99.7759 82.2784 70.2191 84.2538 211.95 148.997 67.0907 63.203 73.0195 118.396 230.621 110.51 145.4 403.85 190.111 89.2502 115.703 148.93 191.626 289.399 213.507 236.245 217.523 109.763 112.882 116.076 133.426 165.196  #recruits; first value is R0 (virgin)
2247.01  2247.01 2247 2246.99 2246.97 2246.1 2245.25 2244.41 2244.22 2244.19 2244.15 2244.12 2244.03 2243.89 2243.66 2243.34 2242.94 2242.41 2241.81 2241.1 2240.31 2239.21 2238.25 2237.22 2236.11 2234.94 2233.71 2232.41 2230.92 2229 2226.69 2220.19 2216.82 2213.66 2210.59 2208.05 2205.31 2201.43 2196.8 2190.51 2182.72 2175.08 2168.33 2160.84 2155.38 2150.18 2144.92 2138.53 2132.03 2123.5 2115.45 2106.75 2099.29 2089.49 2076.65 2063.13 2040.55 2016.68 1982.37 1950.85 1935.21 1918.25 1904.9 1890.15 1872.42 1857.33 1846.01 1832.78 1820.48 1808.31 1794.02 1781.29 1770.75 1762.53 1758.01 1752.16 1749.77 1750.05 1731 1726.51 1718.79 1710.77 1684.68 1668.19 1645.46 1616.43 1584.65 1549.35 1514.78 1474.71 1435.38 1370.81 1308.86 1260.93 1197.82 1091.78 994.841 942.222 865.413 822.405 774.243 730.699 675.497 636.093 569.985 509.828 452.569 422.968 393.236 359.56 321.517 310.864 291.01 296.428 300.457 315.072 330.401 346.482 362.768 379.995 396.536 414.186 432.188 452.233 473.46 495.802 519.936 545.864 572.401 #spbio; first value is SSB_virgin (virgin)
1 0 0 0 0 0 0 0 0 0 0 0 0 0 0 0 0 0 0 0 0 0 0 0 0 0 0 0 0 0 0 0 0 0 0 0 0 0 0 0 0 0 0 0 0 0 0 0 0 0 0 0 0 0 0 0 0 0 0 0 0 0 0 0 0 0 0 0 0 0 0 0 0 0 0 0 0 0 0 0 0 0 0 0 0 0 0 0 0 0 0 0 0 0 0 0 0 0 0 0 0 0 0 0 0 0 0 0 0 0 0 0 0 0 0 0 0 0 0 0 0 0 0 0 0 0 0 0 0  # in Bzero
0 1 1 1 1 1 1 1 1 1 1 1 1 1 1 1 1 1 1 1 1 1 1 1 1 1 1 1 1 1 1 1 1 1 1 1 1 1 1 1 1 1 1 1 1 1 1 1 1 1 1 1 1 1 1 1 1 1 1 1 1 1 1 1 1 1 1 1 1 1 1 1 1 1 1 1 1 1 1 1 1 1 1 1 1 1 1 1 1 1 1 1 1 1 1 1 1 1 1 1 1 1 1 1 1 1 1 1 1 1 1 1 1 1 1 1 1 1 1 1 1 1 1 1 1 1  0 0 0 # in R project
0 1 1 1 1 1 1 1 1 1 1 1 1 1 1 1 1 1 1 1 1 1 1 1 1 1 1 1 1 1 1 1 1 1 1 1 1 1 1 1 1 1 1 1 1 1 1 1 1 1 1 1 1 1 1 1 1 1 1 1 1 1 1 1 1 1 1 1 1 1 1 1 1 1 1 1 1 1 1 1 1 1 1 1 1 1 1 1 1 1 1 1 1 1 1 1 1 1 1 1 1 1 1 1 1 1 1 1 1 1 1 1 1 1 1 1 1 1 1 1 1 1 1 1 1 1  0 0 0 # in R/S project
# Number of years with pre-specified catches
0
# catches for years with pre-specified catches go next
# Number of future recruitments to override
-2
# Process for overiding (-1 for average otherwise index in data list)
# Which probability to product detailed results for (1=0.5; 2=0.6; etc.)
3
# Steepness sigma-R Auto-correlation
0.718 0.5 0
# Target SPR rate (FMSY Proxy); manually change to SPR_MSY if not using SPR_target
0.5
# Discount rate (for cumulative catch)
0.1
# Truncate the series when 0.4B0 is reached (1=Yes)
0
# Set F to FMSY once 0.4B0 is reached (1=Yes)
0
# Maximum possible F for projection (-1 to set to FMSY)
-1
# Defintion of recovery (1=now only;2=now or before)
2
# Projection type
4
# Definition of the 40-10 rule
10 40
# Calculate coefficients of variation (1=Yes)
0
# Number of replicates to use
10
# Random number seed
-99004
# File with multiple parameter vectors 
rebuild.SSO
# User-specific projection (1=Yes); Output replaced (1->9)
0  5
# Catches and Fs (Year; 1/2/3 (F or C or SPR); value); Final row is -1
2016 1 1
-1 -1 -1
# Fixed catch project (1=Yes); Output replaced (1->9); Approach (-1=Read in else 1-9)
0 2 -1
# Split of Fs
2011  0.000511645
 0
 0.160979
 0.00684887
 0.268131
 0.244238
 0.319291
-1  1 1 1 1 1 1 1 1 1 1 1 1
# Yrs to define T_target for projection type 4 (a.k.a. 5 pre-specified inputs)
2022 2023 2024 2025 2026 
# Year for probability of recovery
2026 2027 2028 2029 2030 2031 2032 2033
# Time varying weight-at-age (1=Yes;0=No)
0
# File with time series of weight-at-age data
none
# Use bisection (0) or linear interpolation (1)
1
# Target Depletion
0.4
# CV of implementation error
0
