#Title, #runnumber: 271 yelloweye_data.ss yelloweye_control.ss 5702.22 2254.46 639.214 StartTime: Fri Jul 21 12:13:13 2017
SSv3_default_rebuild.dat
# Number of sexes
1
# Age range to consider (minimum age; maximum age)
0 100
# Number of fleets
12
# First year of projection (Yinit)
2011
# First Year of rebuilding period (Ydecl)
2013
# Number of simulations
1000
# Maximum number of years
500
# Conduct projections with multiple starting values (0=No;else yes)
0
# Number of parameter vectors
1000
# Is the maximum age a plus-group (1=Yes;2=No)
1
# Generate future recruitments using historical recruitments (1)  historical recruits/spawner (2)  or a stock-recruitment (3)
3
# Constant fishing mortality (1) or constant Catch (2) projections
1
# Fishing mortality based on SPR (1) or actual rate (2)
1
# Pre-specify the year of recovery (or -1) to ignore
-1
# Fecundity-at-age
# 0 1 2 3 4 5 6 7 8 9 10 11 12 13 14 15 16 17 18 19 20 21 22 23 24 25 26 27 28 29 30 31 32 33 34 35 36 37 38 39 40 41 42 43 44 45 46 47 48 49 50 51 52 53 54 55 56 57 58 59 60 61 62 63 64 65 66 67 68 69 70 71 72 73 74 75 76 77 78 79 80 81 82 83 84 85 86 87 88 89 90 91 92 93 94 95 96 97 98 99 100 #runnumber: 271 yelloweye_data.ss yelloweye_control.ss 5702.22 2254.46 639.214
 0 0 3.35829e-008 4.21035e-007 3.76582e-006 2.59532e-005 0.000142706 0.000629859 0.00222543 0.00635046 0.0149805 0.030095 0.0530195 0.0840396 0.122422 0.166729 0.21522 0.266193 0.318203 0.370142 0.421241 0.471015 0.519192 0.565645 0.610341 0.653295 0.694549 0.734154 0.772159 0.808613 0.843558 0.877035 0.909079 0.939727 0.969012 0.99697 1.02363 1.04904 1.07323 1.09624 1.1181 1.13886 1.15856 1.17723 1.19493 1.21168 1.22753 1.24251 1.25668 1.27005 1.28269 1.2946 1.30585 1.31645 1.32644 1.33585 1.34472 1.35306 1.36092 1.36831 1.37527 1.38181 1.38796 1.39375 1.39918 1.40429 1.40909 1.4136 1.41783 1.42181 1.42554 1.42914 1.43252 1.43569 1.43866 1.44146 1.44408 1.44654 1.44884 1.45101 1.45304 1.45495 1.45673 1.45841 1.45998 1.46146 1.46284 1.46414 1.46535 1.46649 1.46756 1.46856 1.4695 1.47038 1.47121 1.47198 1.47271 1.47339 1.47403 1.47463 1.47556 #female fecundity; weighted by N in year Y_init across morphs and areas
# Age specific selectivity and weight adjusted for discard and discard mortality
 #wt and selex for gender,fleet: 1 1
 0.0112618 0.0238006 0.0636871 0.122569 0.199875 0.292601 0.397298 0.510823 0.630577 0.754537 0.881228 1.0097 1.13946 1.2704 1.40262 1.5363 1.67149 1.80809 1.94578 2.08405 2.22223 2.35958 2.49535 2.62884 2.75945 2.88665 3.01007 3.12938 3.2444 3.35499 3.46109 3.56268 3.65979 3.75247 3.84081 3.9249 4.00487 4.08083 4.15292 4.22127 4.28604 4.34735 4.40536 4.46021 4.51204 4.56098 4.60719 4.65078 4.69189 4.73065 4.76717 4.80157 4.83396 4.86446 4.89316 4.92016 4.94556 4.96944 4.9919 5.013 5.03284 5.05148 5.06899 5.08543 5.10088 5.11539 5.129 5.14179 5.15379 5.16506 5.17573 5.18585 5.19534 5.20424 5.2126 5.22044 5.22779 5.23468 5.24115 5.24722 5.25291 5.25825 5.26325 5.26794 5.27234 5.27647 5.28034 5.28396 5.28736 5.29055 5.29354 5.29634 5.29897 5.30143 5.30374 5.3059 5.30793 5.30983 5.31161 5.31328 5.3159
 0 0 0 0 0 0 0 0 0 0 0 0 0 0 0 0 0 0 0 0 0 0 0 0 0 0 0 0 0 0 0 0 0 0 0 0 0 0 0 0 0 0 0 0 0 0 0 0 0 0 0 0 0 0 0 0 0 0 0 0 0 0 0 0 0 0 0 0 0 0 0 0 0 0 0 0 0 0 0 0 0 0 0 0 0 0 0 0 0 0 0 0 0 0 0 0 0 0 0 1 0
 #wt and selex for gender,fleet: 1 3
 0.0111521 0.0221184 0.0575932 0.110786 0.181127 0.266299 0.363487 0.470014 0.583591 0.70242 0.825265 0.951458 1.08078 1.21327 1.34893 1.48763 1.62895 1.7722 1.91652 2.06096 2.20455 2.34641 2.48579 2.62206 2.75473 2.88342 3.00788 3.12793 3.24344 3.35436 3.46068 3.56241 3.65961 3.75236 3.84073 3.92486 4.00484 4.08081 4.1529 4.22126 4.28603 4.34735 4.40536 4.46021 4.51204 4.56098 4.60719 4.65078 4.69189 4.73065 4.76717 4.80157 4.83396 4.86446 4.89316 4.92016 4.94556 4.96944 4.9919 5.013 5.03284 5.05148 5.06899 5.08543 5.10088 5.11539 5.12901 5.14179 5.15379 5.16506 5.17573 5.18585 5.19534 5.20424 5.2126 5.22044 5.22779 5.23469 5.24115 5.24722 5.25291 5.25825 5.26325 5.26794 5.27234 5.27647 5.28034 5.28396 5.28736 5.29055 5.29354 5.29634 5.29897 5.30143 5.30374 5.3059 5.30793 5.30983 5.31161 5.31328 5.3159
 0 0 0 0 0 0 0 0 0 0 0 0 0 0 0 0 0 0 0 0 0 0 0 0 0 0 0 0 0 0 0 0 0 0 0 0 0 0 0 0 0 0 0 0 0 0 0 0 0 0 0 0 0 0 0 0 0 0 0 0 0 0 0 0 0 0 0 0 0 0 0 0 0 0 0 0 0 0 0 0 0 0 0 0 0 0 0 0 0 0 0 0 0 0 0 0 0 0 0 1 0
 #wt and selex for gender,fleet: 1 4
 0.0110535 0.0205799 0.0518728 0.100816 0.167497 0.250655 0.348282 0.458114 0.577917 0.705628 0.839416 0.977688 1.11908 1.26243 1.40677 1.5513 1.69538 1.83847 1.98017 2.12011 2.25798 2.39352 2.52645 2.65652 2.78348 2.9071 3.02716 3.14348 3.25588 3.36426 3.46851 3.5686 3.66448 3.75619 3.84375 3.92723 4.00671 4.08229 4.15408 4.2222 4.28678 4.34795 4.40585 4.4606 4.51236 4.56125 4.60741 4.65097 4.69205 4.73078 4.76728 4.80167 4.83405 4.86453 4.89322 4.92022 4.94561 4.96949 4.99194 5.01304 5.03287 5.05151 5.06901 5.08546 5.1009 5.11541 5.12902 5.14181 5.15381 5.16507 5.17575 5.18586 5.19535 5.20426 5.21261 5.22045 5.2278 5.2347 5.24117 5.24723 5.25292 5.25826 5.26326 5.26795 5.27235 5.27648 5.28035 5.28397 5.28737 5.29056 5.29355 5.29635 5.29898 5.30144 5.30375 5.30591 5.30794 5.30984 5.31162 5.31329 5.31591
 0 0 0 0 0 0 0 0 0 0 0 0 0 0 0 0 0 0 0 0 0 0 0 0 0 0 0 0 0 0 0 0 0 0 0 0 0 0 0 0 0 0 0 0 0 0 0 0 0 0 0 0 0 0 0 0 0 0 0 0 0 0 0 0 0 0 0 0 0 0 0 0 0 0 0 0 0 0 0 0 0 0 0 0 0 0 0 0 0 0 0 0 0 0 0 0 0 0 0 1 0
 #wt and selex for gender,fleet: 1 5
 0.0111687 0.0224046 0.0591037 0.114825 0.189479 0.2809 0.386185 0.502412 0.626948 0.757558 0.892406 1.03002 1.16922 1.30912 1.44904 1.58851 1.72721 1.86491 2.00145 2.13668 2.27041 2.40243 2.5325 2.66032 2.78558 2.90797 3.02719 3.14296 3.25506 3.36328 3.46749 3.5676 3.66355 3.75535 3.84301 3.92659 4.00616 4.08182 4.15368 4.22186 4.2865 4.34771 4.40564 4.46043 4.51222 4.56113 4.60731 4.65088 4.69197 4.73071 4.76722 4.80162 4.834 4.86449 4.89319 4.92019 4.94558 4.96946 4.99191 5.01302 5.03285 5.05149 5.069 5.08544 5.10089 5.11539 5.12901 5.1418 5.1538 5.16506 5.17574 5.18585 5.19534 5.20425 5.2126 5.22044 5.22779 5.23469 5.24116 5.24723 5.25292 5.25825 5.26326 5.26795 5.27235 5.27647 5.28034 5.28397 5.28737 5.29056 5.29354 5.29635 5.29897 5.30144 5.30374 5.30591 5.30793 5.30984 5.31162 5.31329 5.31591
 0 0 0 0 0 0 0 0 0 0 0 0 0 0 0 0 0 0 0 0 0 0 0 0 0 0 0 0 0 0 0 0 0 0 0 0 0 0 0 0 0 0 0 0 0 0 0 0 0 0 0 0 0 0 0 0 0 0 0 0 0 0 0 0 0 0 0 0 0 0 0 0 0 0 0 0 0 0 0 0 0 0 0 0 0 0 0 0 0 0 0 0 0 0 0 0 0 0 0 1 0
 #wt and selex for gender,fleet: 1 6
 0.0118799 0.0315294 0.0826669 0.151249 0.233844 0.324843 0.420021 0.517 0.615398 0.716491 0.822343 0.934896 1.05534 1.18387 1.31971 1.46139 1.60716 1.7552 1.90391 2.05198 2.19834 2.34219 2.48293 2.62008 2.7533 2.88233 3.00699 3.12713 3.24269 3.35363 3.45995 3.56168 3.65887 3.7516 3.83996 3.92407 4.00403 4.07999 4.15208 4.22042 4.28518 4.34649 4.40449 4.45933 4.51115 4.56009 4.60629 4.64988 4.69099 4.72974 4.76626 4.80065 4.83305 4.86354 4.89224 4.91923 4.94463 4.96851 4.99096 5.01207 5.0319 5.05054 5.06805 5.08449 5.09994 5.11444 5.12806 5.14085 5.15285 5.16411 5.17478 5.18489 5.19438 5.20328 5.21164 5.21947 5.22682 5.23371 5.24018 5.24624 5.25193 5.25727 5.26227 5.26696 5.27136 5.27548 5.27935 5.28297 5.28637 5.28956 5.29255 5.29535 5.29797 5.30043 5.30274 5.3049 5.30693 5.30883 5.31061 5.31228 5.3149
 0 0 0 0 0 0 0 0 0 0 0 0 0 0 0 0 0 0 0 0 0 0 0 0 0 0 0 0 0 0 0 0 0 0 0 0 0 0 0 0 0 0 0 0 0 0 0 0 0 0 0 0 0 0 0 0 0 0 0 0 0 0 0 0 0 0 0 0 0 0 0 0 0 0 0 0 0 0 0 0 0 0 0 0 0 0 0 0 0 0 0 0 0 0 0 0 0 0 0 1 0
 #wt and selex for gender,fleet: 1 7
 0.0109388 0.018742 0.0451141 0.503456 0.527584 0.557246 0.593753 0.637802 0.691714 0.758188 0.83943 0.936503 1.04893 1.17476 1.31106 1.4546 1.60247 1.75229 1.9023 2.05122 2.19811 2.34228 2.4832 2.62047 2.75377 2.88285 3.00755 3.12773 3.24333 3.35429 3.46064 3.56239 3.6596 3.75235 3.84073 3.92485 4.00484 4.08081 4.1529 4.22126 4.28603 4.34735 4.40536 4.46021 4.51203 4.56098 4.60719 4.65078 4.69189 4.73065 4.76717 4.80157 4.83396 4.86446 4.89316 4.92016 4.94556 4.96944 4.9919 5.013 5.03284 5.05148 5.06899 5.08543 5.10088 5.11539 5.12901 5.14179 5.15379 5.16506 5.17573 5.18585 5.19534 5.20424 5.2126 5.22044 5.22779 5.23469 5.24115 5.24722 5.25291 5.25825 5.26325 5.26794 5.27234 5.27647 5.28034 5.28396 5.28736 5.29055 5.29354 5.29634 5.29897 5.30143 5.30374 5.3059 5.30793 5.30983 5.31161 5.31328 5.3159
 0 0 0 0 0 0 0 0 0 0 0 0 0 0 0 0 0 0 0 0 0 0 0 0 0 0 0 0 0 0 0 0 0 0 0 0 0 0 0 0 0 0 0 0 0 0 0 0 0 0 0 0 0 0 0 0 0 0 0 0 0 0 0 0 0 0 0 0 0 0 0 0 0 0 0 0 0 0 0 0 0 0 0 0 0 0 0 0 0 0 0 0 0 0 0 0 0 0 0 1 0
# M and current age-structure in year Yinit: 2011
 # gender = 1
 0.0439034 0.0439034 0.0439034 0.0439034 0.0439034 0.0439034 0.0439034 0.0439034 0.0439034 0.0439034 0.0439034 0.0439034 0.0439034 0.0439034 0.0439034 0.0439034 0.0439034 0.0439034 0.0439034 0.0439034 0.0439034 0.0439034 0.0439034 0.0439034 0.0439034 0.0439034 0.0439034 0.0439034 0.0439034 0.0439034 0.0439034 0.0439034 0.0439034 0.0439034 0.0439034 0.0439034 0.0439034 0.0439034 0.0439034 0.0439034 0.0439034 0.0439034 0.0439034 0.0439034 0.0439034 0.0439034 0.0439034 0.0439034 0.0439034 0.0439034 0.0439034 0.0439034 0.0439034 0.0439034 0.0439034 0.0439034 0.0439034 0.0439034 0.0439034 0.0439034 0.0439034 0.0439034 0.0439034 0.0439034 0.0439034 0.0439034 0.0439034 0.0439034 0.0439034 0.0439034 0.0439034 0.0439034 0.0439034 0.0439034 0.0439034 0.0439034 0.0439034 0.0439034 0.0439034 0.0439034 0.0439034 0.0439034 0.0439034 0.0439034 0.0439034 0.0439034 0.0439034 0.0439034 0.0439034 0.0439034 0.0439034 0.0439034 0.0439034 0.0439034 0.0439034 0.0439034 0.0439034 0.0439034 0.0439034 0.0439034 0.0439034
 227.312 221.3 199.733 259.075 173.107 120.244 91.8627 69.3563 151.026 259.991 115.785 70.6956 135.041 71.4818 41.5138 33.9468 33.6701 68.1792 92.9277 31.847 24.8859 27.3848 30.4679 30.7317 31.0048 29.8026 33.8597 42.8355 29.6103 43.7127 21.8633 17.4438 11.3187 9.61498 9.93188 9.37202 8.69361 5.16104 4.93256 6.40823 9.5759 5.84841 4.83997 3.51207 2.64775 2.13293 1.61079 1.31199 1.23799 1.31306 1.46341 1.56845 1.50017 1.30521 1.1083 0.965551 0.88412 0.856778 0.877989 0.947882 1.06577 1.20863 1.28869 1.20555 1.02817 0.866338 0.747723 0.666413 0.612087 0.57532 0.549489 0.529641 0.51229 0.494922 0.475659 0.453697 0.429402 0.404131 0.379406 0.356477 0.336081 0.318541 0.303849 0.291843 0.282117 0.274087 0.267055 0.260293 0.253156 0.245259 0.236522 0.227125 0.217401 0.207717 0.198269 0.189107 0.180457 0.172305 0.164602 0.157308 3.5092
# Age-structure at Ydeclare= 2013
 116.664 112.12 208.203 202.691 182.93 237.254 158.493 110.049 84.0207 63.3819 137.887 237.164 105.54 64.4023 122.965 65.0684 37.7801 30.8883 30.6326 62.0227 84.5306 28.9678 22.6352 24.9073 27.7106 27.9498 28.1974 27.1033 30.7918 38.9531 26.9255 39.7478 19.8795 15.8605 10.291 8.74172 9.02961 8.52041 7.90347 4.69187 4.48407 5.82543 8.70485 5.31632 4.39954 3.19243 2.40673 1.93875 1.46413 1.19252 1.12525 1.19347 1.33012 1.42558 1.36352 1.18631 1.00733 0.877588 0.803573 0.778721 0.797998 0.861522 0.968667 1.09851 1.17127 1.09571 0.934486 0.787402 0.679594 0.605692 0.556315 0.522899 0.499421 0.481381 0.465611 0.449825 0.432317 0.412356 0.390275 0.367306 0.344835 0.323995 0.305457 0.289516 0.276163 0.265251 0.256411 0.249112 0.242722 0.236576 0.230089 0.222912 0.214971 0.20643 0.197592 0.18879 0.180203 0.171876 0.164015 0.156605 3.48205
# Year for Tmin Age-structure (set to Ydecl by SS)
2013
#  recruitment and biomass
# Number of historical assessment years
129
# Historical data
# year recruitment spawner in B0 in R project in R/S project
1888  1889 1890 1891 1892 1893 1894 1895 1896 1897 1898 1899 1900 1901 1902 1903 1904 1905 1906 1907 1908 1909 1910 1911 1912 1913 1914 1915 1916 1917 1918 1919 1920 1921 1922 1923 1924 1925 1926 1927 1928 1929 1930 1931 1932 1933 1934 1935 1936 1937 1938 1939 1940 1941 1942 1943 1944 1945 1946 1947 1948 1949 1950 1951 1952 1953 1954 1955 1956 1957 1958 1959 1960 1961 1962 1963 1964 1965 1966 1967 1968 1969 1970 1971 1972 1973 1974 1975 1976 1977 1978 1979 1980 1981 1982 1983 1984 1985 1986 1987 1988 1989 1990 1991 1992 1993 1994 1995 1996 1997 1998 1999 2000 2001 2002 2003 2004 2005 2006 2007 2008 2009 2010 2011 2012 2013 2014 2015 2016 #years (with first value representing R0)
217.382 214.225 214.122 214.017 213.908 213.79 213.668 213.542 213.419 213.295 213.167 213.039 212.902 212.763 212.621 212.467 212.31 212.151 211.987 211.825 211.656 211.473 211.283 211.091 210.912 210.762 210.668 210.648 210.72 210.869 210.829 210.555 209.878 208.504 206.229 203.01 199.023 194.642 190.36 186.643 183.845 182.179 181.703 182.314 183.835 185.946 188.184 189.948 190.643 189.867 187.693 184.616 181.421 178.95 178.179 180.31 186.756 199.354 219.76 248.137 276.784 281.436 251.033 210.489 177.973 156.678 145.262 142.352 147.549 160.614 179.203 194.887 192.481 169.315 142.872 126.303 125.048 142.796 175.004 199.919 242.51 303.59 330.978 485.532 289.084 196.61 180.553 265.224 247.849 226.431 188.02 188.959 247.551 262.802 443.934 253.89 310.721 208.691 157.235 141.318 122.282 107.013 85.899 70.5185 82.4682 222.342 152.235 70.7235 67.4783 78.3741 128.462 231.317 115.53 180.624 387.379 215.035 94.4158 119.612 149.795 206.357 295.556 218.065 231.232 227.312 117.152 116.664 120.733 140.314 171.964  #recruits; first value is R0 (virgin)
2254.46  2254.46 2254.45 2254.41 2254.36 2253.43 2252.51 2251.58 2251.28 2251.12 2250.94 2250.74 2250.48 2250.15 2249.73 2249.22 2248.59 2247.85 2247.02 2246.08 2245.04 2243.68 2242.46 2241.15 2239.77 2238.31 2236.78 2235.17 2233.36 2231.64 2229.53 2223.26 2220.11 2217.17 2214.31 2211.98 2209.45 2205.8 2201.39 2195.35 2187.85 2180.53 2174.15 2167.1 2162.12 2157.48 2152.85 2147.13 2141.33 2133.49 2126.08 2117.94 2110.93 2101.48 2088.9 2075.54 2053.1 2029.36 1995.25 1964.01 1948.69 1931.72 1918.64 1904.47 1887.39 1872.74 1861.9 1848.9 1836.81 1824.72 1810.48 1797.71 1787.23 1779.17 1774.99 1769.59 1767.54 1768.28 1749.77 1745.77 1738.53 1730.94 1705.37 1689.35 1667.09 1638.51 1607.14 1572.18 1537.92 1498.09 1458.99 1394.53 1331.45 1283.26 1220.02 1114.28 1017.55 965.473 889.122 846.547 795.855 750.228 691.438 651.368 586.928 528.432 472.999 444.814 416.56 384.674 348.538 339.81 321.765 328.872 334.528 350.05 366.103 382.815 399.608 417.173 433.978 451.793 469.886 489.983 511.249 533.692 557.951 584.094 610.889 #spbio; first value is SSB_virgin (virgin)
1 0 0 0 0 0 0 0 0 0 0 0 0 0 0 0 0 0 0 0 0 0 0 0 0 0 0 0 0 0 0 0 0 0 0 0 0 0 0 0 0 0 0 0 0 0 0 0 0 0 0 0 0 0 0 0 0 0 0 0 0 0 0 0 0 0 0 0 0 0 0 0 0 0 0 0 0 0 0 0 0 0 0 0 0 0 0 0 0 0 0 0 0 0 0 0 0 0 0 0 0 0 0 0 0 0 0 0 0 0 0 0 0 0 0 0 0 0 0 0 0 0 0 0 0 0 0 0 0  # in Bzero
0 1 1 1 1 1 1 1 1 1 1 1 1 1 1 1 1 1 1 1 1 1 1 1 1 1 1 1 1 1 1 1 1 1 1 1 1 1 1 1 1 1 1 1 1 1 1 1 1 1 1 1 1 1 1 1 1 1 1 1 1 1 1 1 1 1 1 1 1 1 1 1 1 1 1 1 1 1 1 1 1 1 1 1 1 1 1 1 1 1 1 1 1 1 1 1 1 1 1 1 1 1 1 1 1 1 1 1 1 1 1 1 1 1 1 1 1 1 1 1 1 1 1 1 1 1  0 0 0 # in R project
0 1 1 1 1 1 1 1 1 1 1 1 1 1 1 1 1 1 1 1 1 1 1 1 1 1 1 1 1 1 1 1 1 1 1 1 1 1 1 1 1 1 1 1 1 1 1 1 1 1 1 1 1 1 1 1 1 1 1 1 1 1 1 1 1 1 1 1 1 1 1 1 1 1 1 1 1 1 1 1 1 1 1 1 1 1 1 1 1 1 1 1 1 1 1 1 1 1 1 1 1 1 1 1 1 1 1 1 1 1 1 1 1 1 1 1 1 1 1 1 1 1 1 1 1 1  0 0 0 # in R/S project
# Number of years with pre-specified catches
0
# catches for years with pre-specified catches go next
# Number of future recruitments to override
-2
# Process for overiding (-1 for average otherwise index in data list)
# Which probability to product detailed results for (1=0.5; 2=0.6; etc.)
3
# Steepness sigma-R Auto-correlation
0.718 0.5 0
# Target SPR rate (FMSY Proxy); manually change to SPR_MSY if not using SPR_target
0.5
# Discount rate (for cumulative catch)
0.1
# Truncate the series when 0.4B0 is reached (1=Yes)
0
# Set F to FMSY once 0.4B0 is reached (1=Yes)
0
# Maximum possible F for projection (-1 to set to FMSY)
-1
# Defintion of recovery (1=now only;2=now or before)
2
# Projection type
4
# Definition of the 40-10 rule
10 40
# Calculate coefficients of variation (1=Yes)
0
# Number of replicates to use
10
# Random number seed
-99004
# File with multiple parameter vectors 
rebuild.SSO
# User-specific projection (1=Yes); Output replaced (1->9)
0  5
# Catches and Fs (Year; 1/2/3 (F or C or SPR); value); Final row is -1
2016 1 1
-1 -1 -1
# Fixed catch project (1=Yes); Output replaced (1->9); Approach (-1=Read in else 1-9)
0 2 -1
# Split of Fs
2011  0.000559499
 0
 0.176265
 0.00740377
 0.28167
 0.257747
 0.276356
-1  1 1 1 1 1 1 1 1 1 1 1 1
# Yrs to define T_target for projection type 4 (a.k.a. 5 pre-specified inputs)
2022 2023 2024 2025 2026 
# Year for probability of recovery
2026 2027 2028 2029 2030 2031 2032 2033
# Time varying weight-at-age (1=Yes;0=No)
0
# File with time series of weight-at-age data
none
# Use bisection (0) or linear interpolation (1)
1
# Target Depletion
0.4
# CV of implementation error
0
