#Title, #runnumber: 256 yelloweye_data.ss yelloweye_control.ss 5649.5 2254.71 635.52 StartTime: Thu Jun 15 14:13:18 2017
SSv3_default_rebuild.dat
# Number of sexes
1
# Age range to consider (minimum age; maximum age)
0 100
# Number of fleets
12
# First year of projection (Yinit)
2011
# First Year of rebuilding period (Ydecl)
2013
# Number of simulations
1000
# Maximum number of years
500
# Conduct projections with multiple starting values (0=No;else yes)
0
# Number of parameter vectors
1000
# Is the maximum age a plus-group (1=Yes;2=No)
1
# Generate future recruitments using historical recruitments (1)  historical recruits/spawner (2)  or a stock-recruitment (3)
3
# Constant fishing mortality (1) or constant Catch (2) projections
1
# Fishing mortality based on SPR (1) or actual rate (2)
1
# Pre-specify the year of recovery (or -1) to ignore
-1
# Fecundity-at-age
# 0 1 2 3 4 5 6 7 8 9 10 11 12 13 14 15 16 17 18 19 20 21 22 23 24 25 26 27 28 29 30 31 32 33 34 35 36 37 38 39 40 41 42 43 44 45 46 47 48 49 50 51 52 53 54 55 56 57 58 59 60 61 62 63 64 65 66 67 68 69 70 71 72 73 74 75 76 77 78 79 80 81 82 83 84 85 86 87 88 89 90 91 92 93 94 95 96 97 98 99 100 #runnumber: 256 yelloweye_data.ss yelloweye_control.ss 5649.5 2254.71 635.52
 0 0 7.13441e-008 8.20622e-007 6.68295e-006 4.19018e-005 0.000210324 0.000854535 0.00281548 0.00759913 0.0171707 0.0333776 0.0573432 0.0891662 0.128006 0.172413 0.220709 0.271294 0.322825 0.374281 0.424949 0.474374 0.52229 0.568563 0.613143 0.656027 0.697237 0.736807 0.774775 0.811178 0.846053 0.879435 0.91136 0.941861 0.970974 0.998734 1.02518 1.05035 1.07428 1.09701 1.11859 1.13906 1.15845 1.17681 1.19419 1.21062 1.22615 1.24082 1.25467 1.26773 1.28005 1.29166 1.3026 1.31291 1.32261 1.33174 1.34033 1.34841 1.356 1.36314 1.36985 1.37616 1.38208 1.38764 1.39286 1.39776 1.40237 1.40668 1.41074 1.41454 1.4181 1.42153 1.42475 1.42777 1.4306 1.43325 1.43574 1.43807 1.44026 1.44231 1.44423 1.44602 1.44771 1.44929 1.45077 1.45216 1.45346 1.45468 1.45582 1.45688 1.45789 1.45882 1.4597 1.46052 1.46129 1.46202 1.46269 1.46333 1.46392 1.46447 1.46534 #female fecundity; weighted by N in year Y_init across morphs and areas
# Age specific selectivity and weight adjusted for discard and discard mortality
 #wt and selex for gender,fleet: 1 1
 0.0107391 0.0209666 0.059574 0.117515 0.194398 0.287193 0.392327 0.506531 0.627104 0.751952 0.879557 1.00895 1.13967 1.27162 1.40494 1.53981 1.67629 1.81424 1.95329 2.09287 2.23224 2.37064 2.50727 2.64142 2.77247 2.89993 3.02341 3.14263 3.25739 3.3676 3.4732 3.57419 3.67062 3.76254 3.85005 3.93327 4.01231 4.0873 4.1584 4.22574 4.28948 4.34975 4.40671 4.46052 4.5113 4.55921 4.60439 4.64697 4.68708 4.72486 4.76042 4.79388 4.82535 4.85496 4.88278 4.90894 4.93352 4.95661 4.97829 4.99866 5.01777 5.03572 5.05256 5.06837 5.0832 5.09711 5.11016 5.12239 5.13387 5.14463 5.15482 5.16446 5.1735 5.18197 5.18992 5.19736 5.20434 5.21087 5.217 5.22274 5.22812 5.23316 5.23788 5.2423 5.24644 5.25032 5.25396 5.25736 5.26055 5.26354 5.26634 5.26896 5.27142 5.27372 5.27587 5.27789 5.27977 5.28154 5.2832 5.28475 5.28717
 0 0 0 0 0 0 0 0 0 0 0 0 0 0 0 0 0 0 0 0 0 0 0 0 0 0 0 0 0 0 0 0 0 0 0 0 0 0 0 0 0 0 0 0 0 0 0 0 0 0 0 0 0 0 0 0 0 0 0 0 0 0 0 0 0 0 0 0 0 0 0 0 0 0 0 0 0 0 0 0 0 0 0 0 0 0 0 0 0 0 0 0 0 0 0 0 0 0 0 1 0
 #wt and selex for gender,fleet: 1 3
 0.0106667 0.0196214 0.0537346 0.105931 0.175732 0.260836 0.358352 0.46551 0.579932 0.699752 0.823687 0.951052 1.08163 1.21546 1.35255 1.49274 1.63554 1.78023 1.92589 2.07151 2.21611 2.35878 2.49878 2.63547 2.76839 2.89718 3.02157 3.14142 3.2566 3.36709 3.47287 3.57398 3.67048 3.76245 3.84999 3.93323 4.01228 4.08729 4.15839 4.22574 4.28947 4.34975 4.40671 4.46051 4.5113 4.55921 4.60439 4.64697 4.68708 4.72486 4.76042 4.79388 4.82535 4.85495 4.88278 4.90894 4.93352 4.95661 4.97829 4.99866 5.01777 5.03572 5.05256 5.06837 5.0832 5.09711 5.11016 5.12239 5.13387 5.14463 5.15482 5.16446 5.1735 5.18197 5.18992 5.19736 5.20434 5.21087 5.217 5.22274 5.22812 5.23316 5.23788 5.2423 5.24644 5.25032 5.25396 5.25736 5.26055 5.26354 5.26634 5.26896 5.27142 5.27372 5.27587 5.27789 5.27977 5.28154 5.2832 5.28475 5.28717
 0 0 0 0 0 0 0 0 0 0 0 0 0 0 0 0 0 0 0 0 0 0 0 0 0 0 0 0 0 0 0 0 0 0 0 0 0 0 0 0 0 0 0 0 0 0 0 0 0 0 0 0 0 0 0 0 0 0 0 0 0 0 0 0 0 0 0 0 0 0 0 0 0 0 0 0 0 0 0 0 0 0 0 0 0 0 0 0 0 0 0 0 0 0 0 0 0 0 0 1 0
 #wt and selex for gender,fleet: 1 4
 0.0106081 0.0185232 0.0487714 0.0969924 0.163295 0.246381 0.344139 0.454202 0.574252 0.702169 0.836084 0.974389 1.11572 1.25895 1.40316 1.5476 1.69172 1.83504 1.9772 2.11786 2.25668 2.39336 2.52756 2.65896 2.78722 2.91205 3.03318 3.15038 3.26347 3.37231 3.47683 3.57697 3.67273 3.76415 3.85128 3.9342 4.01302 4.08785 4.15882 4.22607 4.28973 4.34995 4.40687 4.46064 4.5114 4.55929 4.60445 4.64702 4.68712 4.72489 4.76045 4.7939 4.82538 4.85497 4.8828 4.90895 4.93353 4.95662 4.9783 4.99866 5.01778 5.03573 5.05257 5.06837 5.0832 5.09711 5.11016 5.1224 5.13388 5.14464 5.15482 5.16447 5.1735 5.18198 5.18992 5.19736 5.20434 5.21088 5.217 5.22274 5.22812 5.23316 5.23788 5.2423 5.24644 5.25033 5.25396 5.25737 5.26056 5.26354 5.26634 5.26896 5.27142 5.27372 5.27587 5.27789 5.27978 5.28155 5.2832 5.28475 5.28717
 0 0 0 0 0 0 0 0 0 0 0 0 0 0 0 0 0 0 0 0 0 0 0 0 0 0 0 0 0 0 0 0 0 0 0 0 0 0 0 0 0 0 0 0 0 0 0 0 0 0 0 0 0 0 0 0 0 0 0 0 0 0 0 0 0 0 0 0 0 0 0 0 0 0 0 0 0 0 0 0 0 0 0 0 0 0 0 0 0 0 0 0 0 0 0 0 0 0 0 1 0
 #wt and selex for gender,fleet: 1 5
 0.0106789 0.0198654 0.0552213 0.109941 0.184056 0.275418 0.381038 0.497889 0.623244 0.754788 0.890627 1.02924 1.16943 1.3103 1.45115 1.59154 1.73115 1.86977 2.00723 2.14338 2.27802 2.41092 2.5418 2.67034 2.79621 2.91907 3.03861 3.15454 3.26664 3.37471 3.47864 3.57833 3.67375 3.76491 3.85185 3.93463 4.01334 4.0881 4.15901 4.22621 4.28984 4.35003 4.40693 4.46069 4.51144 4.55932 4.60448 4.64704 4.68714 4.72491 4.76046 4.79391 4.82538 4.85498 4.88281 4.90896 4.93353 4.95662 4.9783 4.99867 5.01778 5.03573 5.05257 5.06837 5.0832 5.09711 5.11016 5.1224 5.13388 5.14464 5.15482 5.16447 5.17351 5.18198 5.18992 5.19736 5.20434 5.21088 5.217 5.22274 5.22812 5.23316 5.23788 5.2423 5.24645 5.25033 5.25396 5.25737 5.26056 5.26355 5.26634 5.26896 5.27142 5.27372 5.27587 5.27789 5.27978 5.28155 5.2832 5.28475 5.28717
 0 0 0 0 0 0 0 0 0 0 0 0 0 0 0 0 0 0 0 0 0 0 0 0 0 0 0 0 0 0 0 0 0 0 0 0 0 0 0 0 0 0 0 0 0 0 0 0 0 0 0 0 0 0 0 0 0 0 0 0 0 0 0 0 0 0 0 0 0 0 0 0 0 0 0 0 0 0 0 0 0 0 0 0 0 0 0 0 0 0 0 0 0 0 0 0 0 0 0 1 0
 #wt and selex for gender,fleet: 1 6
 0.0111215 0.0271089 0.0771041 0.144717 0.227142 0.31859 0.414603 0.512603 0.612075 0.714256 0.821252 0.935064 1.05692 1.18698 1.32441 1.46768 1.61493 1.76432 1.91422 2.06329 2.21048 2.35499 2.49622 2.6337 2.76711 2.89618 3.02073 3.14066 3.25588 3.36638 3.47216 3.57325 3.66974 3.76169 3.84922 3.93244 4.01148 4.08648 4.15757 4.2249 4.28863 4.34889 4.40585 4.45965 4.51042 4.55833 4.6035 4.64608 4.68619 4.72396 4.75951 4.79297 4.82444 4.85404 4.88187 4.90802 4.9326 4.95568 4.97737 4.99773 5.01685 5.03479 5.05163 5.06744 5.08226 5.09617 5.10922 5.12146 5.13294 5.1437 5.15388 5.16352 5.17256 5.18103 5.18896 5.1964 5.20338 5.20991 5.21604 5.22177 5.22715 5.23219 5.23691 5.24133 5.24547 5.24935 5.25298 5.25639 5.25957 5.26256 5.26536 5.26798 5.27043 5.27273 5.27488 5.2769 5.27879 5.28055 5.28221 5.28376 5.28618
 0 0 0 0 0 0 0 0 0 0 0 0 0 0 0 0 0 0 0 0 0 0 0 0 0 0 0 0 0 0 0 0 0 0 0 0 0 0 0 0 0 0 0 0 0 0 0 0 0 0 0 0 0 0 0 0 0 0 0 0 0 0 0 0 0 0 0 0 0 0 0 0 0 0 0 0 0 0 0 0 0 0 0 0 0 0 0 0 0 0 0 0 0 0 0 0 0 0 0 1 0
 #wt and selex for gender,fleet: 1 7
 0.0105317 0.0170686 0.0416131 0.500508 0.525696 0.554699 0.590995 0.63502 0.689087 0.755985 0.838016 0.936273 1.05022 1.17777 1.31583 1.46106 1.61044 1.76159 1.91275 2.06263 2.21031 2.35511 2.49651 2.6341 2.76758 2.8967 3.0213 3.14126 3.25651 3.36704 3.47284 3.57396 3.67047 3.76244 3.84999 3.93323 4.01228 4.08729 4.15839 4.22574 4.28947 4.34975 4.40671 4.46051 4.5113 4.55921 4.60439 4.64697 4.68708 4.72486 4.76042 4.79388 4.82535 4.85495 4.88278 4.90894 4.93352 4.95661 4.97829 4.99865 5.01777 5.03572 5.05256 5.06837 5.0832 5.09711 5.11016 5.12239 5.13387 5.14463 5.15482 5.16446 5.1735 5.18197 5.18992 5.19736 5.20434 5.21087 5.217 5.22274 5.22812 5.23316 5.23788 5.2423 5.24644 5.25032 5.25396 5.25736 5.26055 5.26354 5.26634 5.26896 5.27142 5.27372 5.27587 5.27789 5.27977 5.28154 5.2832 5.28475 5.28717
 0 0 0 0 0 0 0 0 0 0 0 0 0 0 0 0 0 0 0 0 0 0 0 0 0 0 0 0 0 0 0 0 0 0 0 0 0 0 0 0 0 0 0 0 0 0 0 0 0 0 0 0 0 0 0 0 0 0 0 0 0 0 0 0 0 0 0 0 0 0 0 0 0 0 0 0 0 0 0 0 0 0 0 0 0 0 0 0 0 0 0 0 0 0 0 0 0 0 0 1 0
# M and current age-structure in year Yinit: 2011
 # gender = 1
 0.0439034 0.0439034 0.0439034 0.0439034 0.0439034 0.0439034 0.0439034 0.0439034 0.0439034 0.0439034 0.0439034 0.0439034 0.0439034 0.0439034 0.0439034 0.0439034 0.0439034 0.0439034 0.0439034 0.0439034 0.0439034 0.0439034 0.0439034 0.0439034 0.0439034 0.0439034 0.0439034 0.0439034 0.0439034 0.0439034 0.0439034 0.0439034 0.0439034 0.0439034 0.0439034 0.0439034 0.0439034 0.0439034 0.0439034 0.0439034 0.0439034 0.0439034 0.0439034 0.0439034 0.0439034 0.0439034 0.0439034 0.0439034 0.0439034 0.0439034 0.0439034 0.0439034 0.0439034 0.0439034 0.0439034 0.0439034 0.0439034 0.0439034 0.0439034 0.0439034 0.0439034 0.0439034 0.0439034 0.0439034 0.0439034 0.0439034 0.0439034 0.0439034 0.0439034 0.0439034 0.0439034 0.0439034 0.0439034 0.0439034 0.0439034 0.0439034 0.0439034 0.0439034 0.0439034 0.0439034 0.0439034 0.0439034 0.0439034 0.0439034 0.0439034 0.0439034 0.0439034 0.0439034 0.0439034 0.0439034 0.0439034 0.0439034 0.0439034 0.0439034 0.0439034 0.0439034 0.0439034 0.0439034 0.0439034 0.0439034 0.0439034
 227.799 234.337 204.732 264.973 167.331 124.707 92.9803 69.0078 141.188 280.729 98.8551 71.6011 139.595 69.406 40.5117 33.1363 33.2553 69.6419 90.3749 33.3649 25.3357 26.7447 29.0145 29.682 30.2749 29.1187 33.2348 40.7378 30.6742 36.9755 24.5518 16.4008 11.9497 9.04205 9.6184 9.04916 8.54722 5.38597 4.99677 6.04447 9.16408 6.19686 4.61583 3.39917 2.59072 2.0989 1.60045 1.29887 1.22546 1.30811 1.46392 1.54837 1.44957 1.25791 1.08217 0.958344 0.890461 0.872536 0.899283 0.968685 1.07383 1.18539 1.23752 1.17635 1.04035 0.900961 0.787805 0.702902 0.640429 0.593285 0.556612 0.527108 0.502722 0.481873 0.462899 0.444348 0.425228 0.405385 0.385288 0.365754 0.347515 0.331021 0.316355 0.303421 0.291919 0.281487 0.271797 0.262577 0.253605 0.244745 0.235917 0.227082 0.218254 0.209501 0.200818 0.192166 0.18377 0.175669 0.167885 0.160438 3.57076
# Age-structure at Ydeclare= 2013
 117.97 109.995 208.648 214.633 187.509 242.657 153.206 114.135 85.0431 63.0623 128.9 256.063 90.1002 65.2208 127.098 63.1722 36.8644 30.1478 30.2522 63.3474 82.201 30.3457 23.0423 24.323 26.3865 26.9929 27.5313 26.4791 30.2211 37.0423 27.8907 33.6189 22.3221 14.9108 10.8637 8.22008 8.74381 8.22614 7.76969 4.89591 4.54202 5.49426 8.32972 5.63254 4.19541 3.08951 2.35467 1.90764 1.45458 1.18048 1.11375 1.18886 1.33045 1.40719 1.3174 1.14321 0.983491 0.870951 0.809256 0.792965 0.817271 0.880342 0.975893 1.07728 1.12466 1.06906 0.945464 0.818789 0.715952 0.638793 0.582017 0.539173 0.505845 0.479031 0.456869 0.437922 0.420678 0.403819 0.386442 0.368409 0.350146 0.332393 0.315818 0.300829 0.287501 0.275746 0.265293 0.255813 0.247007 0.238628 0.230474 0.222422 0.214399 0.206371 0.198348 0.190393 0.182502 0.17464 0.167009 0.159647 3.54348
# Year for Tmin Age-structure (set to Ydecl by SS)
2013
#  recruitment and biomass
# Number of historical assessment years
129
# Historical data
# year recruitment spawner in B0 in R project in R/S project
1888  1889 1890 1891 1892 1893 1894 1895 1896 1897 1898 1899 1900 1901 1902 1903 1904 1905 1906 1907 1908 1909 1910 1911 1912 1913 1914 1915 1916 1917 1918 1919 1920 1921 1922 1923 1924 1925 1926 1927 1928 1929 1930 1931 1932 1933 1934 1935 1936 1937 1938 1939 1940 1941 1942 1943 1944 1945 1946 1947 1948 1949 1950 1951 1952 1953 1954 1955 1956 1957 1958 1959 1960 1961 1962 1963 1964 1965 1966 1967 1968 1969 1970 1971 1972 1973 1974 1975 1976 1977 1978 1979 1980 1981 1982 1983 1984 1985 1986 1987 1988 1989 1990 1991 1992 1993 1994 1995 1996 1997 1998 1999 2000 2001 2002 2003 2004 2005 2006 2007 2008 2009 2010 2011 2012 2013 2014 2015 2016 #years (with first value representing R0)
216.961 214.14 214.05 213.956 213.861 213.755 213.646 213.534 213.425 213.314 213.2 213.084 212.961 212.838 212.716 212.58 212.444 212.309 212.176 212.055 211.939 211.823 211.713 211.604 211.492 211.358 211.182 210.927 210.558 210.027 209.113 207.891 206.392 204.577 202.465 200.109 197.583 194.99 192.47 190.172 188.25 186.845 186.032 185.758 185.881 186.104 186.056 185.407 184.044 182.135 180.14 178.596 178.004 178.731 181.196 186.077 194.322 207.246 225.547 247.834 266.645 266.879 243.177 209.521 179.733 158.634 146.29 141.844 144.967 155.348 171.217 186.869 188.776 168.493 141.812 124.78 123.79 142.159 172.917 196.835 236.681 292.552 355.03 471.2 276.93 202.531 191.803 265.697 244.093 223.93 180.811 204.306 238.684 302.871 385.285 269.48 302.048 208.76 156.073 139.75 119.256 102.622 84.2815 71.9943 86.5287 216.39 155.555 69.869 65.883 76.5001 124.757 239.155 117.022 154.221 418.281 201.026 93.9393 121.065 155.353 199.471 302.283 223.523 244.854 227.799 114.932 117.97 121.421 140.071 171.31  #recruits; first value is R0 (virgin)
2254.71  2254.71 2254.7 2254.69 2254.68 2253.8 2252.96 2252.13 2251.93 2251.9 2251.87 2251.84 2251.77 2251.65 2251.45 2251.19 2250.84 2250.39 2249.88 2249.29 2248.62 2247.65 2246.83 2245.96 2245.02 2244.02 2242.97 2241.87 2240.57 2238.85 2236.76 2230.49 2227.36 2224.42 2221.57 2219.26 2216.75 2213.12 2208.73 2202.69 2195.17 2187.8 2181.31 2174.09 2168.88 2163.93 2158.93 2152.79 2146.55 2138.28 2130.5 2122.07 2114.86 2105.33 2092.77 2079.52 2057.25 2033.68 1999.69 1968.48 1953.05 1936.29 1923.1 1908.51 1890.93 1875.98 1864.77 1851.67 1839.52 1827.52 1813.44 1800.94 1790.64 1782.65 1778.31 1772.63 1770.34 1770.66 1751.67 1747.14 1739.33 1731.18 1704.97 1688.26 1665.27 1635.93 1603.78 1568.07 1533.15 1492.75 1453.23 1388.46 1326.19 1278 1214.77 1108.87 1012.09 959.77 883.167 840.316 792.012 748.323 693.073 654.124 589.773 531.272 475.682 447.187 418.444 385.786 348.706 339.122 320.142 326.526 331.527 346.56 362.205 378.572 395.073 412.407 429.047 446.784 464.898 485.113 506.567 529.226 553.691 580.016 606.987 #spbio; first value is SSB_virgin (virgin)
1 0 0 0 0 0 0 0 0 0 0 0 0 0 0 0 0 0 0 0 0 0 0 0 0 0 0 0 0 0 0 0 0 0 0 0 0 0 0 0 0 0 0 0 0 0 0 0 0 0 0 0 0 0 0 0 0 0 0 0 0 0 0 0 0 0 0 0 0 0 0 0 0 0 0 0 0 0 0 0 0 0 0 0 0 0 0 0 0 0 0 0 0 0 0 0 0 0 0 0 0 0 0 0 0 0 0 0 0 0 0 0 0 0 0 0 0 0 0 0 0 0 0 0 0 0 0 0 0  # in Bzero
0 1 1 1 1 1 1 1 1 1 1 1 1 1 1 1 1 1 1 1 1 1 1 1 1 1 1 1 1 1 1 1 1 1 1 1 1 1 1 1 1 1 1 1 1 1 1 1 1 1 1 1 1 1 1 1 1 1 1 1 1 1 1 1 1 1 1 1 1 1 1 1 1 1 1 1 1 1 1 1 1 1 1 1 1 1 1 1 1 1 1 1 1 1 1 1 1 1 1 1 1 1 1 1 1 1 1 1 1 1 1 1 1 1 1 1 1 1 1 1 1 1 1 1 1 1  0 0 0 # in R project
0 1 1 1 1 1 1 1 1 1 1 1 1 1 1 1 1 1 1 1 1 1 1 1 1 1 1 1 1 1 1 1 1 1 1 1 1 1 1 1 1 1 1 1 1 1 1 1 1 1 1 1 1 1 1 1 1 1 1 1 1 1 1 1 1 1 1 1 1 1 1 1 1 1 1 1 1 1 1 1 1 1 1 1 1 1 1 1 1 1 1 1 1 1 1 1 1 1 1 1 1 1 1 1 1 1 1 1 1 1 1 1 1 1 1 1 1 1 1 1 1 1 1 1 1 1  0 0 0 # in R/S project
# Number of years with pre-specified catches
0
# catches for years with pre-specified catches go next
# Number of future recruitments to override
-2
# Process for overiding (-1 for average otherwise index in data list)
# Which probability to product detailed results for (1=0.5; 2=0.6; etc.)
3
# Steepness sigma-R Auto-correlation
0.718 0.5 0
# Target SPR rate (FMSY Proxy); manually change to SPR_MSY if not using SPR_target
0.5
# Discount rate (for cumulative catch)
0.1
# Truncate the series when 0.4B0 is reached (1=Yes)
0
# Set F to FMSY once 0.4B0 is reached (1=Yes)
0
# Maximum possible F for projection (-1 to set to FMSY)
-1
# Defintion of recovery (1=now only;2=now or before)
2
# Projection type
4
# Definition of the 40-10 rule
10 40
# Calculate coefficients of variation (1=Yes)
0
# Number of replicates to use
10
# Random number seed
-99004
# File with multiple parameter vectors 
rebuild.SSO
# User-specific projection (1=Yes); Output replaced (1->9)
0  5
# Catches and Fs (Year; 1/2/3 (F or C or SPR); value); Final row is -1
2016 1 1
-1 -1 -1
# Fixed catch project (1=Yes); Output replaced (1->9); Approach (-1=Read in else 1-9)
0 2 -1
# Split of Fs
2011  0.000557428
 0
 0.175712
 0.00729502
 0.281535
 0.258335
 0.276565
-1  1 1 1 1 1 1 1 1 1 1 1 1
# Yrs to define T_target for projection type 4 (a.k.a. 5 pre-specified inputs)
2022 2023 2024 2025 2026 
# Year for probability of recovery
2026 2027 2028 2029 2030 2031 2032 2033
# Time varying weight-at-age (1=Yes;0=No)
0
# File with time series of weight-at-age data
none
# Use bisection (0) or linear interpolation (1)
1
# Target Depletion
0.4
# CV of implementation error
0
