#Title, #runnumber: 272 yelloweye_data.ss yelloweye_control.ss 5706.77 1481.93 411.247 StartTime: Fri Jul 21 13:21:40 2017
SSv3_default_rebuild.dat
# Number of sexes
1
# Age range to consider (minimum age; maximum age)
0 100
# Number of fleets
12
# First year of projection (Yinit)
2011
# First Year of rebuilding period (Ydecl)
2013
# Number of simulations
1000
# Maximum number of years
500
# Conduct projections with multiple starting values (0=No;else yes)
0
# Number of parameter vectors
1000
# Is the maximum age a plus-group (1=Yes;2=No)
1
# Generate future recruitments using historical recruitments (1)  historical recruits/spawner (2)  or a stock-recruitment (3)
3
# Constant fishing mortality (1) or constant Catch (2) projections
1
# Fishing mortality based on SPR (1) or actual rate (2)
1
# Pre-specify the year of recovery (or -1) to ignore
-1
# Fecundity-at-age
# 0 1 2 3 4 5 6 7 8 9 10 11 12 13 14 15 16 17 18 19 20 21 22 23 24 25 26 27 28 29 30 31 32 33 34 35 36 37 38 39 40 41 42 43 44 45 46 47 48 49 50 51 52 53 54 55 56 57 58 59 60 61 62 63 64 65 66 67 68 69 70 71 72 73 74 75 76 77 78 79 80 81 82 83 84 85 86 87 88 89 90 91 92 93 94 95 96 97 98 99 100 #runnumber: 272 yelloweye_data.ss yelloweye_control.ss 5706.77 1481.93 411.247
 0 0 3.53951e-008 4.32666e-007 3.79738e-006 2.57971e-005 0.000140395 0.000615977 0.00217209 0.00620305 0.0146644 0.0295374 0.0521704 0.0828821 0.120969 0.165011 0.213276 0.264065 0.315927 0.36775 0.418761 0.46847 0.516602 0.56303 0.607716 0.650677 0.691952 0.731591 0.769644 0.806157 0.841173 0.874731 0.906866 0.937614 0.967007 0.995079 1.02186 1.0474 1.07172 1.09486 1.11686 1.13776 1.1576 1.17642 1.19425 1.21114 1.22713 1.24226 1.25656 1.27008 1.28284 1.29489 1.30626 1.31699 1.3271 1.33664 1.34562 1.35408 1.36204 1.36954 1.3766 1.38324 1.38949 1.39536 1.40089 1.40608 1.41096 1.41555 1.41986 1.42391 1.42771 1.43138 1.43482 1.43805 1.44109 1.44394 1.44661 1.44912 1.45148 1.45369 1.45577 1.45772 1.45955 1.46126 1.46287 1.46438 1.4658 1.46713 1.46837 1.46954 1.47064 1.47167 1.47263 1.47354 1.47439 1.47518 1.47593 1.47663 1.47728 1.4779 1.47887 #female fecundity; weighted by N in year Y_init across morphs and areas
# Age specific selectivity and weight adjusted for discard and discard mortality
 #wt and selex for gender,fleet: 1 1
 0.0113744 0.0245529 0.0645448 0.123294 0.200235 0.292423 0.396479 0.509321 0.628386 0.751672 0.877713 1.00556 1.13472 1.2651 1.3968 1.52999 1.66476 1.80099 1.93838 2.0764 2.21438 2.35158 2.48725 2.62069 2.75129 2.87854 3.00203 3.12147 3.23665 3.34744 3.45378 3.55564 3.65304 3.74605 3.83474 3.9192 3.99955 4.0759 4.1484 4.21717 4.28235 4.34409 4.40252 4.45779 4.51005 4.55941 4.60603 4.65004 4.69155 4.7307 4.76761 4.80239 4.83516 4.86601 4.89506 4.92241 4.94814 4.97234 4.9951 5.01651 5.03664 5.05555 5.07333 5.09004 5.10574 5.12048 5.13433 5.14734 5.15955 5.17102 5.18189 5.19219 5.20186 5.21094 5.21946 5.22746 5.23496 5.242 5.24861 5.25481 5.26062 5.26608 5.27119 5.27599 5.2805 5.28472 5.28868 5.2924 5.29588 5.29915 5.30222 5.30509 5.30779 5.31032 5.31269 5.31491 5.31699 5.31895 5.32078 5.3225 5.3252
 0 0 0 0 0 0 0 0 0 0 0 0 0 0 0 0 0 0 0 0 0 0 0 0 0 0 0 0 0 0 0 0 0 0 0 0 0 0 0 0 0 0 0 0 0 0 0 0 0 0 0 0 0 0 0 0 0 0 0 0 0 0 0 0 0 0 0 0 0 0 0 0 0 0 0 0 0 0 0 0 0 0 0 0 0 0 0 0 0 0 0 0 0 0 0 0 0 0 0 1 0
 #wt and selex for gender,fleet: 1 3
 0.0112568 0.0227799 0.0584002 0.111472 0.181434 0.266001 0.362413 0.468046 0.580655 0.698486 0.820351 0.945643 1.0742 1.20608 1.34133 1.47976 1.62093 1.76411 1.9084 2.05282 2.19639 2.33823 2.47759 2.61385 2.74654 2.87529 2.99984 3.12001 3.23569 3.34681 3.45336 3.55537 3.65287 3.74594 3.83466 3.91915 3.99951 4.07588 4.14838 4.21716 4.28234 4.34408 4.40252 4.45779 4.51004 4.55941 4.60603 4.65004 4.69155 4.7307 4.76761 4.80239 4.83516 4.86601 4.89506 4.92241 4.94814 4.97234 4.99511 5.01651 5.03664 5.05555 5.07333 5.09004 5.10574 5.12048 5.13433 5.14734 5.15955 5.17102 5.18189 5.19219 5.20186 5.21094 5.21946 5.22746 5.23496 5.242 5.24861 5.25481 5.26062 5.26608 5.27119 5.276 5.2805 5.28472 5.28868 5.2924 5.29588 5.29915 5.30222 5.30509 5.30779 5.31032 5.31269 5.31491 5.317 5.31895 5.32078 5.3225 5.3252
 0 0 0 0 0 0 0 0 0 0 0 0 0 0 0 0 0 0 0 0 0 0 0 0 0 0 0 0 0 0 0 0 0 0 0 0 0 0 0 0 0 0 0 0 0 0 0 0 0 0 0 0 0 0 0 0 0 0 0 0 0 0 0 0 0 0 0 0 0 0 0 0 0 0 0 0 0 0 0 0 0 0 0 0 0 0 0 0 0 0 0 0 0 0 0 0 0 0 0 1 0
 #wt and selex for gender,fleet: 1 4
 0.0111374 0.0209374 0.0518199 0.100056 0.165816 0.247995 0.344748 0.453938 0.573407 0.701127 0.835264 0.974198 1.11652 1.26102 1.40665 1.55252 1.69791 1.84219 1.98485 2.12548 2.26375 2.39935 2.53206 2.66165 2.78793 2.91073 3.0299 3.14531 3.25683 3.36439 3.46792 3.56739 3.66277 3.75409 3.84137 3.92467 4.00406 4.07964 4.15149 4.21974 4.2845 4.34588 4.40403 4.45907 4.51113 4.56034 4.60683 4.65072 4.69214 4.73122 4.76806 4.80279 4.83551 4.86633 4.89535 4.92266 4.94836 4.97255 4.99529 5.01668 5.0368 5.0557 5.07347 5.09017 5.10586 5.12059 5.13444 5.14744 5.15965 5.17111 5.18198 5.19228 5.20195 5.21102 5.21954 5.22753 5.23504 5.24207 5.24868 5.25488 5.26069 5.26614 5.27126 5.27606 5.28056 5.28479 5.28875 5.29246 5.29595 5.29922 5.30228 5.30515 5.30785 5.31038 5.31275 5.31497 5.31706 5.31901 5.32084 5.32256 5.32526
 0 0 0 0 0 0 0 0 0 0 0 0 0 0 0 0 0 0 0 0 0 0 0 0 0 0 0 0 0 0 0 0 0 0 0 0 0 0 0 0 0 0 0 0 0 0 0 0 0 0 0 0 0 0 0 0 0 0 0 0 0 0 0 0 0 0 0 0 0 0 0 0 0 0 0 0 0 0 0 0 0 0 0 0 0 0 0 0 0 0 0 0 0 0 0 0 0 0 0 1 0
 #wt and selex for gender,fleet: 1 5
 0.0112662 0.0229591 0.0595384 0.114909 0.189043 0.279893 0.384672 0.500539 0.624906 0.755548 0.890619 1.02862 1.16833 1.30881 1.44932 1.58933 1.72844 1.86638 2.00296 2.13801 2.27137 2.40286 2.53228 2.65937 2.78388 2.90555 3.02409 3.13928 3.25088 3.35872 3.46266 3.5626 3.65849 3.7503 3.83805 3.92178 4.00157 4.07749 4.14964 4.21815 4.28313 4.34471 4.40302 4.4582 4.51037 4.55968 4.60625 4.65022 4.6917 4.73083 4.76772 4.80249 4.83524 4.86608 4.89513 4.92246 4.94818 4.97238 4.99514 5.01654 5.03667 5.05558 5.07336 5.09006 5.10576 5.1205 5.13435 5.14735 5.15957 5.17104 5.1819 5.19221 5.20188 5.21096 5.21947 5.22747 5.23497 5.24201 5.24862 5.25482 5.26063 5.26609 5.27121 5.27601 5.28051 5.28473 5.28869 5.29241 5.29589 5.29916 5.30223 5.3051 5.3078 5.31033 5.3127 5.31492 5.31701 5.31896 5.32079 5.32251 5.32521
 0 0 0 0 0 0 0 0 0 0 0 0 0 0 0 0 0 0 0 0 0 0 0 0 0 0 0 0 0 0 0 0 0 0 0 0 0 0 0 0 0 0 0 0 0 0 0 0 0 0 0 0 0 0 0 0 0 0 0 0 0 0 0 0 0 0 0 0 0 0 0 0 0 0 0 0 0 0 0 0 0 0 0 0 0 0 0 0 0 0 0 0 0 0 0 0 0 0 0 1 0
 #wt and selex for gender,fleet: 1 6
 0.0119885 0.0320653 0.0825498 0.150475 0.232556 0.323391 0.418804 0.516304 0.615266 0.716713 0.822555 0.9347 1.0544 1.18197 1.31674 1.4574 1.60222 1.74947 1.89753 2.04507 2.19103 2.33459 2.47511 2.61213 2.74528 2.87431 2.99902 3.11926 3.23498 3.34611 3.45266 3.55465 3.65214 3.74519 3.8339 3.91837 3.99872 4.07507 4.14756 4.21632 4.2815 4.34323 4.40165 4.45692 4.50916 4.55853 4.60514 4.64914 4.69065 4.7298 4.7667 4.80148 4.83424 4.86509 4.89414 4.92148 4.94721 4.97141 4.99417 5.01557 5.0357 5.05461 5.07239 5.0891 5.10479 5.11954 5.13338 5.14639 5.1586 5.17007 5.18094 5.19124 5.2009 5.20998 5.2185 5.22649 5.23399 5.24103 5.24763 5.25383 5.25964 5.26509 5.27021 5.27501 5.27951 5.28373 5.28769 5.2914 5.29489 5.29815 5.30122 5.30409 5.30679 5.30931 5.31168 5.31391 5.31599 5.31794 5.31978 5.32149 5.3242
 0 0 0 0 0 0 0 0 0 0 0 0 0 0 0 0 0 0 0 0 0 0 0 0 0 0 0 0 0 0 0 0 0 0 0 0 0 0 0 0 0 0 0 0 0 0 0 0 0 0 0 0 0 0 0 0 0 0 0 0 0 0 0 0 0 0 0 0 0 0 0 0 0 0 0 0 0 0 0 0 0 0 0 0 0 0 0 0 0 0 0 0 0 0 0 0 0 0 0 1 0
 #wt and selex for gender,fleet: 1 7
 0.0119064 0.0314228 0.0831673 0.155891 0.24733 0.352098 0.465322 0.583259 0.703294 0.823796 0.94398 1.0638 1.18374 1.30463 1.42731 1.55247 1.6805 1.8114 1.94478 2.07997 2.21609 2.35215 2.48719 2.62033 2.75083 2.87809 3.00164 3.12115 3.23641 3.34726 3.45365 3.55554 3.65298 3.746 3.8347 3.91918 3.99953 4.07589 4.14839 4.21716 4.28234 4.34408 4.40252 4.45779 4.51004 4.55941 4.60603 4.65004 4.69155 4.7307 4.76761 4.80239 4.83516 4.86601 4.89506 4.92241 4.94814 4.97234 4.99511 5.01651 5.03664 5.05555 5.07333 5.09004 5.10574 5.12048 5.13433 5.14734 5.15955 5.17102 5.18189 5.19219 5.20186 5.21094 5.21946 5.22746 5.23496 5.242 5.24861 5.25481 5.26062 5.26608 5.27119 5.276 5.2805 5.28472 5.28868 5.2924 5.29588 5.29915 5.30222 5.30509 5.30779 5.31032 5.31269 5.31491 5.317 5.31895 5.32078 5.3225 5.3252
 0 0 0 0 0 0 0 0 0 0 0 0 0 0 0 0 0 0 0 0 0 0 0 0 0 0 0 0 0 0 0 0 0 0 0 0 0 0 0 0 0 0 0 0 0 0 0 0 0 0 0 0 0 0 0 0 0 0 0 0 0 0 0 0 0 0 0 0 0 0 0 0 0 0 0 0 0 0 0 0 0 0 0 0 0 0 0 0 0 0 0 0 0 0 0 0 0 0 0 1 0
# M and current age-structure in year Yinit: 2011
 # gender = 1
 0.0439034 0.0439034 0.0439034 0.0439034 0.0439034 0.0439034 0.0439034 0.0439034 0.0439034 0.0439034 0.0439034 0.0439034 0.0439034 0.0439034 0.0439034 0.0439034 0.0439034 0.0439034 0.0439034 0.0439034 0.0439034 0.0439034 0.0439034 0.0439034 0.0439034 0.0439034 0.0439034 0.0439034 0.0439034 0.0439034 0.0439034 0.0439034 0.0439034 0.0439034 0.0439034 0.0439034 0.0439034 0.0439034 0.0439034 0.0439034 0.0439034 0.0439034 0.0439034 0.0439034 0.0439034 0.0439034 0.0439034 0.0439034 0.0439034 0.0439034 0.0439034 0.0439034 0.0439034 0.0439034 0.0439034 0.0439034 0.0439034 0.0439034 0.0439034 0.0439034 0.0439034 0.0439034 0.0439034 0.0439034 0.0439034 0.0439034 0.0439034 0.0439034 0.0439034 0.0439034 0.0439034 0.0439034 0.0439034 0.0439034 0.0439034 0.0439034 0.0439034 0.0439034 0.0439034 0.0439034 0.0439034 0.0439034 0.0439034 0.0439034 0.0439034 0.0439034 0.0439034 0.0439034 0.0439034 0.0439034 0.0439034 0.0439034 0.0439034 0.0439034 0.0439034 0.0439034 0.0439034 0.0439034 0.0439034 0.0439034 0.0439034
 145.847 146.93 133.403 174.323 107.964 81.9603 61.2542 45.0693 93.6167 188.177 65.3844 46.8971 93.6574 46.5771 26.9251 21.8927 21.7394 44.6841 60.6298 22.2619 16.9749 18.1443 20.0116 20.5238 20.6903 19.7621 22.7108 27.7322 21.0408 24.7229 16.3046 10.611 7.92348 5.95483 6.21289 5.7564 5.39851 3.44572 3.1845 3.80224 5.7349 3.90598 2.87285 2.09647 1.58216 1.27417 0.970756 0.785243 0.736669 0.781506 0.870765 0.921712 0.866391 0.752796 0.646185 0.570111 0.527651 0.515203 0.529346 0.568492 0.628189 0.691348 0.721017 0.687178 0.610208 0.529887 0.463885 0.414017 0.377144 0.349285 0.327624 0.310248 0.295948 0.283783 0.272763 0.262 0.250889 0.239315 0.227553 0.21609 0.205366 0.195655 0.187015 0.17939 0.172609 0.166463 0.160763 0.15535 0.150093 0.144911 0.139754 0.134598 0.129444 0.124329 0.119255 0.114193 0.109276 0.104526 0.0999556 0.0955766 2.13725
# Age-structure at Ydeclare= 2013
 74.7919 70.3311 133.586 134.574 122.177 159.63 98.8347 74.9916 56.0038 41.1665 85.4167 171.503 59.5279 42.6566 85.1213 42.3049 24.4432 19.8672 19.7226 40.5306 54.9866 20.188 15.3927 16.4524 18.1452 18.6091 18.7596 17.9173 20.5898 25.1407 19.073 22.4086 14.7768 9.61566 7.17941 5.39504 5.62826 5.21422 4.88958 3.12061 2.8838 3.44292 5.19253 3.53632 2.60078 1.8978 1.43214 1.15329 0.878617 0.710681 0.666692 0.707245 0.787999 0.834081 0.784002 0.681196 0.584716 0.515872 0.477446 0.466177 0.47897 0.514387 0.568397 0.62554 0.65238 0.621759 0.552112 0.479436 0.419716 0.374594 0.34123 0.316023 0.296424 0.280702 0.267763 0.256756 0.246785 0.237047 0.226994 0.216523 0.205881 0.195509 0.185807 0.177021 0.169205 0.162306 0.15617 0.15061 0.145454 0.140556 0.1358 0.131112 0.126446 0.12178 0.117118 0.11249 0.107899 0.103319 0.0988706 0.094573 2.11067
# Year for Tmin Age-structure (set to Ydecl by SS)
2013
#  recruitment and biomass
# Number of historical assessment years
129
# Historical data
# year recruitment spawner in B0 in R project in R/S project
1888  1889 1890 1891 1892 1893 1894 1895 1896 1897 1898 1899 1900 1901 1902 1903 1904 1905 1906 1907 1908 1909 1910 1911 1912 1913 1914 1915 1916 1917 1918 1919 1920 1921 1922 1923 1924 1925 1926 1927 1928 1929 1930 1931 1932 1933 1934 1935 1936 1937 1938 1939 1940 1941 1942 1943 1944 1945 1946 1947 1948 1949 1950 1951 1952 1953 1954 1955 1956 1957 1958 1959 1960 1961 1962 1963 1964 1965 1966 1967 1968 1969 1970 1971 1972 1973 1974 1975 1976 1977 1978 1979 1980 1981 1982 1983 1984 1985 1986 1987 1988 1989 1990 1991 1992 1993 1994 1995 1996 1997 1998 1999 2000 2001 2002 2003 2004 2005 2006 2007 2008 2009 2010 2011 2012 2013 2014 2015 2016 #years (with first value representing R0)
143.126 140.973 140.903 140.83 140.756 140.675 140.592 140.506 140.42 140.332 140.241 140.148 140.049 139.949 139.849 139.739 139.628 139.516 139.404 139.299 139.197 139.093 138.992 138.891 138.788 138.668 138.52 138.318 138.04 137.658 137.026 136.199 135.186 133.972 132.569 131.015 129.361 127.678 126.056 124.594 123.391 122.539 122.085 121.995 122.173 122.419 122.485 122.15 121.335 120.155 118.918 117.985 117.686 118.265 119.998 123.324 128.861 137.426 149.412 163.75 175.475 175.167 159.763 138.05 118.773 105.106 97.1783 94.4907 96.8552 104.043 114.732 124.791 125.221 111.316 93.7338 82.6111 81.9938 93.9266 113.63 129.266 155.905 193.107 235.619 308.145 180.606 132.712 125.049 169.382 155.084 142.831 116.176 130.582 147.218 190.094 242.24 173.683 193.819 135.304 101.271 92.1148 80.2393 69.4617 56.5493 48.0188 57.7634 145.723 100.342 45.9226 43.7312 51.0339 83.9693 160.822 76.7801 102.137 280.648 133.381 61.3777 79.7738 102.112 128.705 198.872 145.647 153.525 145.847 73.4876 74.7919 77.2212 89.9494 112.509  #recruits; first value is R0 (virgin)
1481.93  1481.93 1481.92 1481.91 1481.88 1481.42 1480.96 1480.49 1480.34 1480.26 1480.17 1480.07 1479.93 1479.74 1479.51 1479.21 1478.85 1478.41 1477.92 1477.36 1476.74 1475.94 1475.21 1474.42 1473.58 1472.69 1471.77 1470.79 1469.71 1468.66 1467.42 1464.08 1462.3 1460.62 1458.98 1457.6 1456.11 1454.06 1451.62 1448.35 1444.33 1440.3 1436.63 1432.55 1429.41 1426.31 1423.1 1419.24 1415.22 1410.09 1405.06 1399.67 1394.92 1388.72 1381.01 1373.26 1360.97 1348.08 1329.85 1312.74 1303.67 1293.18 1284.24 1274.42 1262.82 1252.71 1244.86 1235.65 1226.68 1217.65 1207.79 1197.5 1189.1 1183.05 1179.6 1175.1 1172.19 1170.97 1158.83 1153.59 1146.57 1138.6 1121.16 1107.84 1091.93 1071.45 1047.02 1019.72 992.884 960.714 929.333 886.298 842.769 808.361 769.818 702.936 644.212 607.014 554.329 524.667 489.608 461.379 424.82 399.416 360.128 325.24 293.254 277.177 261.264 244.325 224.95 219.101 208.238 211.03 213.282 223.39 233.678 244.573 255.481 267.176 278.079 289.824 301.405 314.457 328.205 342.652 358.458 375.468 392.829 #spbio; first value is SSB_virgin (virgin)
1 0 0 0 0 0 0 0 0 0 0 0 0 0 0 0 0 0 0 0 0 0 0 0 0 0 0 0 0 0 0 0 0 0 0 0 0 0 0 0 0 0 0 0 0 0 0 0 0 0 0 0 0 0 0 0 0 0 0 0 0 0 0 0 0 0 0 0 0 0 0 0 0 0 0 0 0 0 0 0 0 0 0 0 0 0 0 0 0 0 0 0 0 0 0 0 0 0 0 0 0 0 0 0 0 0 0 0 0 0 0 0 0 0 0 0 0 0 0 0 0 0 0 0 0 0 0 0 0  # in Bzero
0 1 1 1 1 1 1 1 1 1 1 1 1 1 1 1 1 1 1 1 1 1 1 1 1 1 1 1 1 1 1 1 1 1 1 1 1 1 1 1 1 1 1 1 1 1 1 1 1 1 1 1 1 1 1 1 1 1 1 1 1 1 1 1 1 1 1 1 1 1 1 1 1 1 1 1 1 1 1 1 1 1 1 1 1 1 1 1 1 1 1 1 1 1 1 1 1 1 1 1 1 1 1 1 1 1 1 1 1 1 1 1 1 1 1 1 1 1 1 1 1 1 1 1 1 1  0 0 0 # in R project
0 1 1 1 1 1 1 1 1 1 1 1 1 1 1 1 1 1 1 1 1 1 1 1 1 1 1 1 1 1 1 1 1 1 1 1 1 1 1 1 1 1 1 1 1 1 1 1 1 1 1 1 1 1 1 1 1 1 1 1 1 1 1 1 1 1 1 1 1 1 1 1 1 1 1 1 1 1 1 1 1 1 1 1 1 1 1 1 1 1 1 1 1 1 1 1 1 1 1 1 1 1 1 1 1 1 1 1 1 1 1 1 1 1 1 1 1 1 1 1 1 1 1 1 1 1  0 0 0 # in R/S project
# Number of years with pre-specified catches
0
# catches for years with pre-specified catches go next
# Number of future recruitments to override
-2
# Process for overiding (-1 for average otherwise index in data list)
# Which probability to product detailed results for (1=0.5; 2=0.6; etc.)
3
# Steepness sigma-R Auto-correlation
0.718 0.5 0
# Target SPR rate (FMSY Proxy); manually change to SPR_MSY if not using SPR_target
0.5
# Discount rate (for cumulative catch)
0.1
# Truncate the series when 0.4B0 is reached (1=Yes)
0
# Set F to FMSY once 0.4B0 is reached (1=Yes)
0
# Maximum possible F for projection (-1 to set to FMSY)
-1
# Defintion of recovery (1=now only;2=now or before)
2
# Projection type
4
# Definition of the 40-10 rule
10 40
# Calculate coefficients of variation (1=Yes)
0
# Number of replicates to use
10
# Random number seed
-99004
# File with multiple parameter vectors 
rebuild.SSO
# User-specific projection (1=Yes); Output replaced (1->9)
0  5
# Catches and Fs (Year; 1/2/3 (F or C or SPR); value); Final row is -1
2016 1 1
-1 -1 -1
# Fixed catch project (1=Yes); Output replaced (1->9); Approach (-1=Read in else 1-9)
0 2 -1
# Split of Fs
2011  0.000236389
 0
 0.14897
 0.00434576
 0.163958
 0.295543
 0.386947
-1  1 1 1 1 1 1 1 1 1 1 1 1
# Yrs to define T_target for projection type 4 (a.k.a. 5 pre-specified inputs)
2022 2023 2024 2025 2026 
# Year for probability of recovery
2026 2027 2028 2029 2030 2031 2032 2033
# Time varying weight-at-age (1=Yes;0=No)
0
# File with time series of weight-at-age data
none
# Use bisection (0) or linear interpolation (1)
1
# Target Depletion
0.4
# CV of implementation error
0
