#Title, #runnumber: 271 yelloweye_data.ss yelloweye_control.ss 5699.81 2264.72 647.431 StartTime: Fri Jul 21 13:01:06 2017
SSv3_default_rebuild.dat
# Number of sexes
1
# Age range to consider (minimum age; maximum age)
0 100
# Number of fleets
12
# First year of projection (Yinit)
2011
# First Year of rebuilding period (Ydecl)
2013
# Number of simulations
1000
# Maximum number of years
500
# Conduct projections with multiple starting values (0=No;else yes)
0
# Number of parameter vectors
1000
# Is the maximum age a plus-group (1=Yes;2=No)
1
# Generate future recruitments using historical recruitments (1)  historical recruits/spawner (2)  or a stock-recruitment (3)
3
# Constant fishing mortality (1) or constant Catch (2) projections
1
# Fishing mortality based on SPR (1) or actual rate (2)
1
# Pre-specify the year of recovery (or -1) to ignore
-1
# Fecundity-at-age
# 0 1 2 3 4 5 6 7 8 9 10 11 12 13 14 15 16 17 18 19 20 21 22 23 24 25 26 27 28 29 30 31 32 33 34 35 36 37 38 39 40 41 42 43 44 45 46 47 48 49 50 51 52 53 54 55 56 57 58 59 60 61 62 63 64 65 66 67 68 69 70 71 72 73 74 75 76 77 78 79 80 81 82 83 84 85 86 87 88 89 90 91 92 93 94 95 96 97 98 99 100 #runnumber: 271 yelloweye_data.ss yelloweye_control.ss 5699.81 2264.72 647.431
 0 0 1.76714e-005 2.83386e-005 2.67175e-005 1.65929e-005 2.72956e-005 0.000249867 0.0014215 0.00508796 0.0133533 0.0282536 0.0511403 0.0823466 0.121202 0.166301 0.215874 0.268123 0.321464 0.374647 0.426781 0.477299 0.52589 0.572425 0.616896 0.659358 0.699899 0.738616 0.775602 0.810941 0.844706 0.876962 0.907764 0.937163 0.965207 0.99194 1.01741 1.04165 1.06471 1.08663 1.10745 1.12722 1.14598 1.16376 1.18061 1.19656 1.21167 1.22596 1.23947 1.25224 1.2643 1.2757 1.28645 1.2966 1.30616 1.31519 1.32369 1.3317 1.33925 1.34636 1.35305 1.35934 1.36527 1.37084 1.37608 1.38101 1.38564 1.39 1.39409 1.39794 1.40155 1.40505 1.40834 1.41143 1.41434 1.41706 1.41962 1.42202 1.42428 1.4264 1.42838 1.43024 1.43199 1.43363 1.43517 1.43662 1.43797 1.43924 1.44043 1.44155 1.4426 1.44358 1.4445 1.44537 1.44618 1.44694 1.44765 1.44832 1.44894 1.44953 1.45045 #female fecundity; weighted by N in year Y_init across morphs and areas
# Age specific selectivity and weight adjusted for discard and discard mortality
 #wt and selex for gender,fleet: 1 1
 0.0112042 0.0236218 0.0631538 0.121559 0.198342 0.29057 0.394844 0.508048 0.627587 0.751429 0.87808 1.00656 1.13636 1.26736 1.39964 1.53338 1.66864 1.80531 1.94307 2.08141 2.21965 2.35705 2.49287 2.62639 2.75702 2.88424 3.00767 3.12699 3.24201 3.35261 3.45871 3.56031 3.65743 3.75012 3.83847 3.92258 4.00256 4.07854 4.15064 4.21902 4.2838 4.34513 4.40316 4.45803 4.50988 4.55885 4.60507 4.64869 4.68982 4.7286 4.76514 4.79956 4.83197 4.86249 4.8912 4.91822 4.94364 4.96754 4.99001 5.01113 5.03098 5.04964 5.06716 5.08362 5.09908 5.1136 5.12723 5.14003 5.15205 5.16332 5.17401 5.18413 5.19363 5.20254 5.2109 5.21875 5.22611 5.23301 5.23949 5.24556 5.25126 5.2566 5.26161 5.2663 5.27071 5.27484 5.27871 5.28234 5.28575 5.28894 5.29193 5.29474 5.29737 5.29983 5.30214 5.30431 5.30634 5.30825 5.31003 5.3117 5.31433
 0 0 0 0 0 0 0 0 0 0 0 0 0 0 0 0 0 0 0 0 0 0 0 0 0 0 0 0 0 0 0 0 0 0 0 0 0 0 0 0 0 0 0 0 0 0 0 0 0 0 0 0 0 0 0 0 0 0 0 0 0 0 0 0 0 0 0 0 0 0 0 0 0 0 0 0 0 0 0 0 0 0 0 0 0 0 0 0 0 0 0 0 0 0 0 0 0 0 0 1 0
 #wt and selex for gender,fleet: 1 3
 0.0111006 0.0219693 0.0571498 0.109953 0.179877 0.264666 0.36155 0.467874 0.581352 0.700169 0.82306 0.94932 1.07871 1.21123 1.34691 1.48561 1.6269 1.77012 1.91441 2.05881 2.20236 2.34419 2.48353 2.61977 2.75241 2.88109 3.00553 3.12556 3.24107 3.35199 3.45831 3.56004 3.65725 3.75001 3.8384 3.92253 4.00253 4.07852 4.15063 4.21901 4.28379 4.34513 4.40316 4.45803 4.50988 4.55885 4.60507 4.64869 4.68982 4.7286 4.76514 4.79956 4.83197 4.86249 4.8912 4.91822 4.94364 4.96754 4.99001 5.01113 5.03099 5.04964 5.06716 5.08362 5.09908 5.1136 5.12723 5.14003 5.15205 5.16332 5.17401 5.18413 5.19363 5.20254 5.2109 5.21875 5.22611 5.23301 5.23949 5.24556 5.25126 5.2566 5.26161 5.26631 5.27071 5.27484 5.27871 5.28234 5.28575 5.28894 5.29193 5.29474 5.29737 5.29983 5.30214 5.30431 5.30634 5.30825 5.31003 5.3117 5.31433
 0 0 0 0 0 0 0 0 0 0 0 0 0 0 0 0 0 0 0 0 0 0 0 0 0 0 0 0 0 0 0 0 0 0 0 0 0 0 0 0 0 0 0 0 0 0 0 0 0 0 0 0 0 0 0 0 0 0 0 0 0 0 0 0 0 0 0 0 0 0 0 0 0 0 0 0 0 0 0 0 0 0 0 0 0 0 0 0 0 0 0 0 0 0 0 0 0 0 0 1 0
 #wt and selex for gender,fleet: 1 4
 0.0110161 0.0205996 0.0520696 0.101129 0.167848 0.250917 0.348286 0.457668 0.576826 0.703707 0.836501 0.973641 1.1138 1.25586 1.39891 1.54223 1.68523 1.82746 1.96855 2.10817 2.24602 2.38179 2.51518 2.64589 2.77359 2.89802 3.0189 3.13602 3.24917 3.35823 3.46309 3.5637 3.66004 3.75213 3.84002 3.92377 4.00348 4.07925 4.15119 4.21944 4.28413 4.3454 4.40337 4.4582 4.51001 4.55896 4.60516 4.64876 4.68988 4.72865 4.76518 4.79959 4.832 4.86251 4.89123 4.91824 4.94365 4.96755 4.99002 5.01114 5.03099 5.04965 5.06717 5.08363 5.09909 5.11361 5.12724 5.14004 5.15205 5.16333 5.17401 5.18413 5.19363 5.20254 5.21091 5.21875 5.22611 5.23301 5.23949 5.24556 5.25126 5.2566 5.26161 5.26631 5.27071 5.27484 5.27872 5.28235 5.28575 5.28894 5.29193 5.29474 5.29737 5.29984 5.30215 5.30431 5.30634 5.30825 5.31003 5.31171 5.31433
 0 0 0 0 0 0 0 0 0 0 0 0 0 0 0 0 0 0 0 0 0 0 0 0 0 0 0 0 0 0 0 0 0 0 0 0 0 0 0 0 0 0 0 0 0 0 0 0 0 0 0 0 0 0 0 0 0 0 0 0 0 0 0 0 0 0 0 0 0 0 0 0 0 0 0 0 0 0 0 0 0 0 0 0 0 0 0 0 0 0 0 0 0 0 0 0 0 0 0 1 0
 #wt and selex for gender,fleet: 1 5
 0.0111155 0.0222381 0.0585899 0.113838 0.187961 0.278866 0.383711 0.49961 0.623945 0.75448 0.889367 1.02711 1.16652 1.30666 1.44685 1.58658 1.72552 1.86341 2.00009 2.13539 2.26915 2.40117 2.53119 2.65893 2.78411 2.9064 3.02552 3.1412 3.2532 3.36134 3.46549 3.56554 3.66145 3.75321 3.84085 3.92441 4.00397 4.07962 4.15149 4.21967 4.28431 4.34554 4.40348 4.45829 4.51009 4.55902 4.60521 4.6488 4.68991 4.72867 4.7652 4.79961 4.83202 4.86253 4.89124 4.91825 4.94367 4.96756 4.99003 5.01115 5.031 5.04965 5.06718 5.08364 5.0991 5.11361 5.12724 5.14004 5.15206 5.16333 5.17401 5.18414 5.19364 5.20255 5.21091 5.21876 5.22612 5.23302 5.23949 5.24557 5.25126 5.2566 5.26161 5.26631 5.27072 5.27485 5.27872 5.28235 5.28575 5.28895 5.29194 5.29474 5.29737 5.29984 5.30215 5.30432 5.30635 5.30825 5.31004 5.31171 5.31433
 0 0 0 0 0 0 0 0 0 0 0 0 0 0 0 0 0 0 0 0 0 0 0 0 0 0 0 0 0 0 0 0 0 0 0 0 0 0 0 0 0 0 0 0 0 0 0 0 0 0 0 0 0 0 0 0 0 0 0 0 0 0 0 0 0 0 0 0 0 0 0 0 0 0 0 0 0 0 0 0 0 0 0 0 0 0 0 0 0 0 0 0 0 0 0 0 0 0 0 1 0
 #wt and selex for gender,fleet: 1 6
 0.0117664 0.0309773 0.081384 0.149229 0.231291 0.322069 0.417338 0.514627 0.613404 0.714817 0.820868 0.933497 1.05393 1.18238 1.31811 1.45968 1.60533 1.75327 1.9019 2.04989 2.19619 2.33999 2.48068 2.6178 2.75099 2.88 3.00464 3.12477 3.24033 3.35127 3.45758 3.55931 3.65651 3.74925 3.83763 3.92174 4.00173 4.0777 4.1498 4.21817 4.28294 4.34427 4.40229 4.45715 4.509 4.55796 4.60418 4.64779 4.68891 4.72768 4.76422 4.79864 4.83105 4.86156 4.89027 4.91729 4.9427 4.9666 4.98907 5.01019 5.03004 5.04869 5.06622 5.08268 5.09814 5.11265 5.12628 5.13908 5.15109 5.16237 5.17305 5.18317 5.19267 5.20157 5.20993 5.21778 5.22513 5.23203 5.23851 5.24458 5.25027 5.25561 5.26062 5.26531 5.26972 5.27385 5.27772 5.28135 5.28475 5.28794 5.29093 5.29373 5.29636 5.29883 5.30114 5.3033 5.30533 5.30724 5.30902 5.31069 5.31332
 0 0 0 0 0 0 0 0 0 0 0 0 0 0 0 0 0 0 0 0 0 0 0 0 0 0 0 0 0 0 0 0 0 0 0 0 0 0 0 0 0 0 0 0 0 0 0 0 0 0 0 0 0 0 0 0 0 0 0 0 0 0 0 0 0 0 0 0 0 0 0 0 0 0 0 0 0 0 0 0 0 0 0 0 0 0 0 0 0 0 0 0 0 0 0 0 0 0 0 1 0
 #wt and selex for gender,fleet: 1 7
 0.0117428 0.0309396 0.0833355 0.156766 0.248801 0.353769 0.46666 0.583713 0.702381 0.821167 0.939497 1.05759 1.17619 1.29631 1.4189 1.54464 1.67382 1.80626 1.94141 2.07839 2.21617 2.35368 2.48991 2.62396 2.75512 2.88281 3.00662 3.12624 3.24149 3.35224 3.45846 3.56014 3.65731 3.75004 3.83842 3.92255 4.00254 4.07852 4.15063 4.21901 4.28379 4.34513 4.40316 4.45803 4.50988 4.55885 4.60507 4.64869 4.68982 4.7286 4.76514 4.79956 4.83197 4.86249 4.8912 4.91822 4.94364 4.96754 4.99001 5.01113 5.03099 5.04964 5.06716 5.08362 5.09908 5.1136 5.12723 5.14003 5.15205 5.16332 5.17401 5.18413 5.19363 5.20254 5.2109 5.21875 5.22611 5.23301 5.23949 5.24556 5.25126 5.2566 5.26161 5.26631 5.27071 5.27484 5.27871 5.28234 5.28575 5.28894 5.29193 5.29474 5.29737 5.29983 5.30214 5.30431 5.30634 5.30825 5.31003 5.3117 5.31433
 0 0 0 0 0 0 0 0 0 0 0 0 0 0 0 0 0 0 0 0 0 0 0 0 0 0 0 0 0 0 0 0 0 0 0 0 0 0 0 0 0 0 0 0 0 0 0 0 0 0 0 0 0 0 0 0 0 0 0 0 0 0 0 0 0 0 0 0 0 0 0 0 0 0 0 0 0 0 0 0 0 0 0 0 0 0 0 0 0 0 0 0 0 0 0 0 0 0 0 1 0
# M and current age-structure in year Yinit: 2011
 # gender = 1
 0.0439034 0.0439034 0.0439034 0.0439034 0.0439034 0.0439034 0.0439034 0.0439034 0.0439034 0.0439034 0.0439034 0.0439034 0.0439034 0.0439034 0.0439034 0.0439034 0.0439034 0.0439034 0.0439034 0.0439034 0.0439034 0.0439034 0.0439034 0.0439034 0.0439034 0.0439034 0.0439034 0.0439034 0.0439034 0.0439034 0.0439034 0.0439034 0.0439034 0.0439034 0.0439034 0.0439034 0.0439034 0.0439034 0.0439034 0.0439034 0.0439034 0.0439034 0.0439034 0.0439034 0.0439034 0.0439034 0.0439034 0.0439034 0.0439034 0.0439034 0.0439034 0.0439034 0.0439034 0.0439034 0.0439034 0.0439034 0.0439034 0.0439034 0.0439034 0.0439034 0.0439034 0.0439034 0.0439034 0.0439034 0.0439034 0.0439034 0.0439034 0.0439034 0.0439034 0.0439034 0.0439034 0.0439034 0.0439034 0.0439034 0.0439034 0.0439034 0.0439034 0.0439034 0.0439034 0.0439034 0.0439034 0.0439034 0.0439034 0.0439034 0.0439034 0.0439034 0.0439034 0.0439034 0.0439034 0.0439034 0.0439034 0.0439034 0.0439034 0.0439034 0.0439034 0.0439034 0.0439034 0.0439034 0.0439034 0.0439034 0.0439034
 228.008 230.732 207.505 269.468 167.974 127.064 94.9141 69.982 145.555 288.204 101.611 72.9253 143.386 72.1052 41.873 34.1015 33.9709 69.5019 93.2412 34.8444 26.4217 28.0122 30.7319 31.4725 31.6707 30.2319 34.6115 42.5874 32.3441 38.442 25.3009 16.6213 12.3302 9.33186 9.84331 9.14682 8.61377 5.49501 5.10737 6.12778 9.30777 6.35307 4.69827 3.44332 2.60911 2.10878 1.61131 1.30734 1.2304 1.30904 1.46139 1.54814 1.45619 1.26702 1.08955 0.962801 0.892215 0.871984 0.896482 0.963126 1.06429 1.17076 1.22004 1.16242 1.03265 0.897563 0.786482 0.702365 0.640075 0.59288 0.556091 0.526476 0.502007 0.481103 0.462087 0.443486 0.424289 0.404343 0.384127 0.364472 0.346123 0.329538 0.314799 0.30181 0.290271 0.279823 0.27014 0.260949 0.252026 0.243233 0.234483 0.225733 0.216991 0.208321 0.199717 0.191139 0.182814 0.174778 0.167054 0.15966 3.55618
# Age-structure at Ydeclare= 2013
 117.795 110.334 208.84 211.331 190.048 246.771 153.794 116.295 86.8224 63.9718 132.951 263.036 92.6678 66.4618 130.603 65.6464 38.1083 31.0269 30.9017 63.2129 84.7947 31.6854 24.0248 25.4699 27.9418 28.6141 28.7933 27.4842 31.4646 38.7138 29.4009 34.9423 22.9966 15.1069 11.2063 8.48097 8.94551 8.31231 7.82768 4.9934 4.64103 5.56812 8.45745 5.77254 4.26885 3.12853 2.37053 1.91592 1.46392 1.18774 1.11783 1.18925 1.32766 1.40645 1.32291 1.15105 0.989815 0.874667 0.81054 0.792159 0.814413 0.874954 0.966855 1.06358 1.10834 1.056 0.938107 0.815386 0.714475 0.638058 0.58147 0.538596 0.505175 0.478271 0.456043 0.437052 0.419777 0.402879 0.38544 0.36732 0.348955 0.331099 0.314431 0.299365 0.285976 0.274175 0.263693 0.254203 0.245406 0.237056 0.228951 0.220962 0.213014 0.205065 0.197123 0.189247 0.181432 0.173639 0.166076 0.158776 3.5274
# Year for Tmin Age-structure (set to Ydecl by SS)
2013
#  recruitment and biomass
# Number of historical assessment years
129
# Historical data
# year recruitment spawner in B0 in R project in R/S project
1888  1889 1890 1891 1892 1893 1894 1895 1896 1897 1898 1899 1900 1901 1902 1903 1904 1905 1906 1907 1908 1909 1910 1911 1912 1913 1914 1915 1916 1917 1918 1919 1920 1921 1922 1923 1924 1925 1926 1927 1928 1929 1930 1931 1932 1933 1934 1935 1936 1937 1938 1939 1940 1941 1942 1943 1944 1945 1946 1947 1948 1949 1950 1951 1952 1953 1954 1955 1956 1957 1958 1959 1960 1961 1962 1963 1964 1965 1966 1967 1968 1969 1970 1971 1972 1973 1974 1975 1976 1977 1978 1979 1980 1981 1982 1983 1984 1985 1986 1987 1988 1989 1990 1991 1992 1993 1994 1995 1996 1997 1998 1999 2000 2001 2002 2003 2004 2005 2006 2007 2008 2009 2010 2011 2012 2013 2014 2015 2016 #years (with first value representing R0)
219.883 216.836 216.737 216.635 216.529 216.414 216.294 216.172 216.051 215.927 215.801 215.671 215.534 215.396 215.258 215.106 214.952 214.8 214.649 214.509 214.374 214.239 214.109 213.98 213.848 213.692 213.492 213.21 212.809 212.248 211.297 210.033 208.488 206.628 204.472 202.08 199.531 196.928 194.416 192.144 190.265 188.92 188.186 188.005 188.233 188.563 188.611 188.035 186.717 184.829 182.844 181.317 180.761 181.548 184.097 189.074 197.403 210.329 228.41 250.051 267.809 267.404 244.078 211.016 181.57 160.659 148.504 144.339 147.878 158.762 174.99 190.391 191.32 170.371 143.614 126.654 125.809 144.328 174.953 199.357 240.794 298.659 364.516 478.493 280.172 206.184 194.499 265.539 244.032 225.941 183.274 206.142 235.493 302.725 387.612 274.795 305.634 210.796 157.423 142.326 123.402 106.396 86.7235 74.0603 89.4961 221.86 154.642 71.188 67.6619 78.9315 129.423 245.377 119.09 158.438 429.304 207.224 95.2651 123.585 158.292 200.238 307.411 226.55 241.088 228.008 115.286 117.795 121.597 141.38 174.32  #recruits; first value is R0 (virgin)
2264.72  2264.72 2264.71 2264.68 2264.62 2263.7 2262.79 2261.86 2261.56 2261.4 2261.23 2261.04 2260.79 2260.47 2260.06 2259.55 2258.95 2258.22 2257.4 2256.48 2255.47 2254.13 2252.93 2251.64 2250.28 2248.84 2247.34 2245.76 2243.98 2242.29 2240.22 2234.01 2230.91 2228.02 2225.22 2222.95 2220.49 2216.9 2212.57 2206.61 2199.16 2191.87 2185.46 2178.32 2173.18 2168.31 2163.38 2157.32 2151.15 2142.96 2135.24 2126.87 2119.7 2110.2 2097.68 2084.48 2062.29 2038.82 2005.02 1973.98 1958.65 1941.56 1928.22 1913.71 1896.26 1881.22 1870.04 1856.82 1844.62 1832.55 1818.44 1805.85 1795.52 1787.59 1783.45 1778.06 1775.95 1776.58 1758.04 1753.85 1746.37 1738.46 1712.56 1696.08 1673.31 1644.21 1612.3 1576.78 1541.86 1501.36 1461.46 1396.49 1333.06 1284.73 1221.6 1116.43 1020.44 968.654 893.028 850.945 800.658 755.463 696.834 656.714 591.373 532.099 475.937 447.461 419.079 387.061 350.845 341.925 323.826 330.814 336.28 352.179 368.651 385.729 402.859 420.792 437.911 456.021 474.392 494.782 516.41 539.281 564.098 590.859 618.349 #spbio; first value is SSB_virgin (virgin)
1 0 0 0 0 0 0 0 0 0 0 0 0 0 0 0 0 0 0 0 0 0 0 0 0 0 0 0 0 0 0 0 0 0 0 0 0 0 0 0 0 0 0 0 0 0 0 0 0 0 0 0 0 0 0 0 0 0 0 0 0 0 0 0 0 0 0 0 0 0 0 0 0 0 0 0 0 0 0 0 0 0 0 0 0 0 0 0 0 0 0 0 0 0 0 0 0 0 0 0 0 0 0 0 0 0 0 0 0 0 0 0 0 0 0 0 0 0 0 0 0 0 0 0 0 0 0 0 0  # in Bzero
0 1 1 1 1 1 1 1 1 1 1 1 1 1 1 1 1 1 1 1 1 1 1 1 1 1 1 1 1 1 1 1 1 1 1 1 1 1 1 1 1 1 1 1 1 1 1 1 1 1 1 1 1 1 1 1 1 1 1 1 1 1 1 1 1 1 1 1 1 1 1 1 1 1 1 1 1 1 1 1 1 1 1 1 1 1 1 1 1 1 1 1 1 1 1 1 1 1 1 1 1 1 1 1 1 1 1 1 1 1 1 1 1 1 1 1 1 1 1 1 1 1 1 1 1 1  0 0 0 # in R project
0 1 1 1 1 1 1 1 1 1 1 1 1 1 1 1 1 1 1 1 1 1 1 1 1 1 1 1 1 1 1 1 1 1 1 1 1 1 1 1 1 1 1 1 1 1 1 1 1 1 1 1 1 1 1 1 1 1 1 1 1 1 1 1 1 1 1 1 1 1 1 1 1 1 1 1 1 1 1 1 1 1 1 1 1 1 1 1 1 1 1 1 1 1 1 1 1 1 1 1 1 1 1 1 1 1 1 1 1 1 1 1 1 1 1 1 1 1 1 1 1 1 1 1 1 1  0 0 0 # in R/S project
# Number of years with pre-specified catches
0
# catches for years with pre-specified catches go next
# Number of future recruitments to override
-2
# Process for overiding (-1 for average otherwise index in data list)
# Which probability to product detailed results for (1=0.5; 2=0.6; etc.)
3
# Steepness sigma-R Auto-correlation
0.718 0.5 0
# Target SPR rate (FMSY Proxy); manually change to SPR_MSY if not using SPR_target
0.5
# Discount rate (for cumulative catch)
0.1
# Truncate the series when 0.4B0 is reached (1=Yes)
0
# Set F to FMSY once 0.4B0 is reached (1=Yes)
0
# Maximum possible F for projection (-1 to set to FMSY)
-1
# Defintion of recovery (1=now only;2=now or before)
2
# Projection type
4
# Definition of the 40-10 rule
10 40
# Calculate coefficients of variation (1=Yes)
0
# Number of replicates to use
10
# Random number seed
-99004
# File with multiple parameter vectors 
rebuild.SSO
# User-specific projection (1=Yes); Output replaced (1->9)
0  5
# Catches and Fs (Year; 1/2/3 (F or C or SPR); value); Final row is -1
2016 1 1
-1 -1 -1
# Fixed catch project (1=Yes); Output replaced (1->9); Approach (-1=Read in else 1-9)
0 2 -1
# Split of Fs
2011  0.000531401
 0
 0.167429
 0.00689275
 0.266272
 0.242999
 0.315877
-1  1 1 1 1 1 1 1 1 1 1 1 1
# Yrs to define T_target for projection type 4 (a.k.a. 5 pre-specified inputs)
2022 2023 2024 2025 2026 
# Year for probability of recovery
2026 2027 2028 2029 2030 2031 2032 2033
# Time varying weight-at-age (1=Yes;0=No)
0
# File with time series of weight-at-age data
none
# Use bisection (0) or linear interpolation (1)
1
# Target Depletion
0.4
# CV of implementation error
0
