#Title, #runnumber: 256 yelloweye_data.ss yelloweye_control.ss 5649.61 2175.41 567.073 StartTime: Thu Jun 15 13:49:50 2017
SSv3_default_rebuild.dat
# Number of sexes
1
# Age range to consider (minimum age; maximum age)
0 100
# Number of fleets
12
# First year of projection (Yinit)
2011
# First Year of rebuilding period (Ydecl)
2013
# Number of simulations
1000
# Maximum number of years
500
# Conduct projections with multiple starting values (0=No;else yes)
0
# Number of parameter vectors
1000
# Is the maximum age a plus-group (1=Yes;2=No)
1
# Generate future recruitments using historical recruitments (1)  historical recruits/spawner (2)  or a stock-recruitment (3)
3
# Constant fishing mortality (1) or constant Catch (2) projections
1
# Fishing mortality based on SPR (1) or actual rate (2)
1
# Pre-specify the year of recovery (or -1) to ignore
-1
# Fecundity-at-age
# 0 1 2 3 4 5 6 7 8 9 10 11 12 13 14 15 16 17 18 19 20 21 22 23 24 25 26 27 28 29 30 31 32 33 34 35 36 37 38 39 40 41 42 43 44 45 46 47 48 49 50 51 52 53 54 55 56 57 58 59 60 61 62 63 64 65 66 67 68 69 70 71 72 73 74 75 76 77 78 79 80 81 82 83 84 85 86 87 88 89 90 91 92 93 94 95 96 97 98 99 100 #runnumber: 256 yelloweye_data.ss yelloweye_control.ss 5649.61 2175.41 567.073
 0 0 7.42254e-008 8.41643e-007 6.78367e-006 4.2199e-005 0.000210518 0.000851367 0.00279611 0.0075325 0.0170048 0.0330488 0.0567927 0.0883561 0.126926 0.17108 0.219157 0.269566 0.320968 0.372335 0.42295 0.472351 0.520266 0.566559 0.611174 0.654107 0.695378 0.735021 0.773072 0.809568 0.844546 0.878039 0.910082 0.940709 0.969954 0.997852 1.02444 1.04975 1.07383 1.09672 1.11845 1.13907 1.15861 1.17713 1.19466 1.21124 1.22692 1.24173 1.25572 1.26892 1.28138 1.29313 1.3042 1.31463 1.32445 1.3337 1.34241 1.3506 1.35831 1.36555 1.37236 1.37876 1.38478 1.39043 1.39574 1.40072 1.4054 1.4098 1.41392 1.41779 1.42143 1.42492 1.4282 1.43128 1.43417 1.43687 1.43941 1.44179 1.44403 1.44612 1.44808 1.44992 1.45165 1.45326 1.45478 1.4562 1.45753 1.45878 1.45995 1.46104 1.46207 1.46303 1.46393 1.46478 1.46557 1.46631 1.46701 1.46766 1.46827 1.46884 1.46973 #female fecundity; weighted by N in year Y_init across morphs and areas
# Age specific selectivity and weight adjusted for discard and discard mortality
 #wt and selex for gender,fleet: 1 1
 0.0108295 0.021499 0.0603945 0.118475 0.195314 0.287867 0.39258 0.506213 0.6261 0.750179 0.876971 1.00555 1.13549 1.26674 1.39946 1.53385 1.66997 1.80767 1.94658 2.0861 2.22549 2.36395 2.50069 2.63499 2.76623 2.8939 3.01763 3.13711 3.25218 3.36272 3.46867 3.57003 3.66685 3.75918 3.84712 3.93078 4.01027 4.08572 4.15728 4.22509 4.28929 4.35002 4.40745 4.4617 4.51294 4.5613 4.60691 4.64992 4.69045 4.72863 4.76459 4.79844 4.83029 4.86026 4.88844 4.91494 4.93985 4.96325 4.98525 5.00591 5.02531 5.04353 5.06063 5.07669 5.09176 5.10591 5.11918 5.13163 5.14331 5.15427 5.16464 5.17447 5.18368 5.19232 5.20042 5.20801 5.21513 5.2218 5.22806 5.23392 5.23942 5.24457 5.2494 5.25392 5.25816 5.26214 5.26586 5.26935 5.27261 5.27568 5.27855 5.28123 5.28375 5.28611 5.28832 5.2904 5.29234 5.29415 5.29586 5.29745 5.29994
 0 0 0 0 0 0 0 0 0 0 0 0 0 0 0 0 0 0 0 0 0 0 0 0 0 0 0 0 0 0 0 0 0 0 0 0 0 0 0 0 0 0 0 0 0 0 0 0 0 0 0 0 0 0 0 0 0 0 0 0 0 0 0 0 0 0 0 0 0 0 0 0 0 0 0 0 0 0 0 0 0 0 0 0 0 0 0 0 0 0 0 0 0 0 0 0 0 0 0 1 0
 #wt and selex for gender,fleet: 1 3
 0.0107462 0.0200075 0.0541922 0.10632 0.175923 0.260735 0.357912 0.464721 0.578811 0.698323 0.821965 0.94903 1.07928 1.21272 1.34937 1.48907 1.63139 1.77561 1.92085 2.06613 2.21046 2.35295 2.49285 2.62952 2.76249 2.89139 3.01596 3.13602 3.25147 3.36226 3.46837 3.56984 3.66673 3.7591 3.84707 3.93074 4.01025 4.08571 4.15727 4.22508 4.28928 4.35002 4.40744 4.4617 4.51294 4.5613 4.60691 4.64992 4.69045 4.72863 4.76459 4.79844 4.83029 4.86026 4.88844 4.91494 4.93985 4.96325 4.98525 5.00591 5.02531 5.04353 5.06063 5.07669 5.09176 5.10591 5.11918 5.13163 5.14331 5.15427 5.16464 5.17447 5.18368 5.19232 5.20042 5.20801 5.21513 5.2218 5.22806 5.23392 5.23942 5.24457 5.2494 5.25392 5.25816 5.26213 5.26586 5.26935 5.27261 5.27568 5.27855 5.28123 5.28375 5.28611 5.28832 5.29039 5.29234 5.29415 5.29586 5.29745 5.29994
 0 0 0 0 0 0 0 0 0 0 0 0 0 0 0 0 0 0 0 0 0 0 0 0 0 0 0 0 0 0 0 0 0 0 0 0 0 0 0 0 0 0 0 0 0 0 0 0 0 0 0 0 0 0 0 0 0 0 0 0 0 0 0 0 0 0 0 0 0 0 0 0 0 0 0 0 0 0 0 0 0 0 0 0 0 0 0 0 0 0 0 0 0 0 0 0 0 0 0 1 0
 #wt and selex for gender,fleet: 1 4
 0.010688 0.0189565 0.0496316 0.0981438 0.164534 0.247426 0.344667 0.453883 0.572775 0.699262 0.831527 0.968022 1.10746 1.2488 1.39121 1.53409 1.67695 1.81941 1.96112 2.10174 2.24091 2.37823 2.5133 2.6457 2.77505 2.90098 3.02318 3.1414 3.25544 3.36517 3.4705 3.57139 3.66785 3.75992 3.84767 3.93118 4.01057 4.08594 4.15745 4.22521 4.28938 4.35009 4.4075 4.46175 4.51297 4.56132 4.60693 4.64993 4.69046 4.72864 4.7646 4.79845 4.8303 4.86026 4.88844 4.91494 4.93985 4.96326 4.98525 5.00591 5.02531 5.04353 5.06064 5.07669 5.09177 5.10591 5.11918 5.13163 5.14331 5.15427 5.16464 5.17447 5.18368 5.19232 5.20042 5.20801 5.21513 5.2218 5.22806 5.23392 5.23942 5.24457 5.2494 5.25392 5.25816 5.26214 5.26586 5.26935 5.27262 5.27568 5.27855 5.28124 5.28375 5.28611 5.28832 5.2904 5.29234 5.29415 5.29586 5.29745 5.29994
 0 0 0 0 0 0 0 0 0 0 0 0 0 0 0 0 0 0 0 0 0 0 0 0 0 0 0 0 0 0 0 0 0 0 0 0 0 0 0 0 0 0 0 0 0 0 0 0 0 0 0 0 0 0 0 0 0 0 0 0 0 0 0 0 0 0 0 0 0 0 0 0 0 0 0 0 0 0 0 0 0 0 0 0 0 0 0 0 0 0 0 0 0 0 0 0 0 0 0 1 0
 #wt and selex for gender,fleet: 1 5
 0.0107607 0.0202893 0.055812 0.110584 0.184642 0.275856 0.381276 0.497904 0.623036 0.754373 0.89003 1.02849 1.16856 1.30931 1.45006 1.59032 1.72978 1.8682 2.00542 2.14128 2.2756 2.40816 2.53871 2.66695 2.79256 2.91522 3.03462 3.1505 3.26262 3.37078 3.47486 3.57477 3.67046 3.76193 3.84921 3.93237 4.01148 4.08665 4.158 4.22564 4.28972 4.35036 4.40771 4.46191 4.51311 4.56143 4.60702 4.65001 4.69052 4.72869 4.76464 4.79848 4.83033 4.86029 4.88847 4.91496 4.93987 4.96327 4.98526 5.00592 5.02532 5.04354 5.06064 5.0767 5.09177 5.10592 5.11919 5.13164 5.14332 5.15427 5.16465 5.17447 5.18368 5.19232 5.20042 5.20802 5.21514 5.22181 5.22806 5.23393 5.23942 5.24458 5.2494 5.25393 5.25817 5.26214 5.26586 5.26935 5.27262 5.27568 5.27855 5.28124 5.28376 5.28612 5.28833 5.2904 5.29234 5.29416 5.29586 5.29745 5.29995
 0 0 0 0 0 0 0 0 0 0 0 0 0 0 0 0 0 0 0 0 0 0 0 0 0 0 0 0 0 0 0 0 0 0 0 0 0 0 0 0 0 0 0 0 0 0 0 0 0 0 0 0 0 0 0 0 0 0 0 0 0 0 0 0 0 0 0 0 0 0 0 0 0 0 0 0 0 0 0 0 0 0 0 0 0 0 0 0 0 0 0 0 0 0 0 0 0 0 0 1 0
 #wt and selex for gender,fleet: 1 6
 0.0112345 0.02772 0.0776473 0.145161 0.22744 0.318783 0.414775 0.512819 0.612315 0.714396 0.821095 0.934394 1.05555 1.18481 1.32142 1.46392 1.61051 1.75936 1.90885 2.05761 2.2046 2.34899 2.49017 2.62767 2.76116 2.89036 3.0151 3.13526 3.25075 3.36155 3.46766 3.56912 3.66599 3.75836 3.84631 3.92997 4.00945 4.0849 4.15646 4.22425 4.28844 4.34917 4.40659 4.46084 4.51207 4.56042 4.60603 4.64903 4.68956 4.72774 4.76369 4.79754 4.82939 4.85935 4.88753 4.91403 4.93893 4.96234 4.98433 5.00499 5.02439 5.04261 5.05971 5.07577 5.09084 5.10498 5.11825 5.1307 5.14238 5.15334 5.16371 5.17353 5.18274 5.19137 5.19947 5.20706 5.21418 5.22085 5.2271 5.23296 5.23846 5.24361 5.24843 5.25295 5.25719 5.26116 5.26488 5.26837 5.27164 5.2747 5.27757 5.28026 5.28277 5.28513 5.28734 5.28941 5.29135 5.29317 5.29487 5.29647 5.29896
 0 0 0 0 0 0 0 0 0 0 0 0 0 0 0 0 0 0 0 0 0 0 0 0 0 0 0 0 0 0 0 0 0 0 0 0 0 0 0 0 0 0 0 0 0 0 0 0 0 0 0 0 0 0 0 0 0 0 0 0 0 0 0 0 0 0 0 0 0 0 0 0 0 0 0 0 0 0 0 0 0 0 0 0 0 0 0 0 0 0 0 0 0 0 0 0 0 0 0 1 0
 #wt and selex for gender,fleet: 1 7
 0.0111571 0.0267842 0.0771378 0.148526 0.239312 0.343966 0.45741 0.575747 0.696269 0.817308 0.938096 1.05864 1.17952 1.3016 1.42578 1.55271 1.68273 1.81573 1.95122 2.08843 2.22637 2.36401 2.50035 2.6345 2.76573 2.89347 3.01727 3.13684 3.25198 3.36257 3.46856 3.56996 3.6668 3.75915 3.8471 3.93076 4.01026 4.08572 4.15728 4.22508 4.28928 4.35002 4.40745 4.4617 4.51294 4.5613 4.60691 4.64992 4.69045 4.72863 4.76459 4.79844 4.83029 4.86026 4.88844 4.91494 4.93985 4.96325 4.98525 5.00591 5.02531 5.04353 5.06063 5.07669 5.09176 5.10591 5.11918 5.13163 5.14331 5.15427 5.16464 5.17447 5.18368 5.19232 5.20042 5.20801 5.21513 5.2218 5.22806 5.23392 5.23942 5.24457 5.2494 5.25392 5.25816 5.26213 5.26586 5.26935 5.27261 5.27568 5.27855 5.28123 5.28375 5.28611 5.28832 5.29039 5.29234 5.29415 5.29586 5.29745 5.29994
 0 0 0 0 0 0 0 0 0 0 0 0 0 0 0 0 0 0 0 0 0 0 0 0 0 0 0 0 0 0 0 0 0 0 0 0 0 0 0 0 0 0 0 0 0 0 0 0 0 0 0 0 0 0 0 0 0 0 0 0 0 0 0 0 0 0 0 0 0 0 0 0 0 0 0 0 0 0 0 0 0 0 0 0 0 0 0 0 0 0 0 0 0 0 0 0 0 0 0 1 0
# M and current age-structure in year Yinit: 2011
 # gender = 1
 0.0439034 0.0439034 0.0439034 0.0439034 0.0439034 0.0439034 0.0439034 0.0439034 0.0439034 0.0439034 0.0439034 0.0439034 0.0439034 0.0439034 0.0439034 0.0439034 0.0439034 0.0439034 0.0439034 0.0439034 0.0439034 0.0439034 0.0439034 0.0439034 0.0439034 0.0439034 0.0439034 0.0439034 0.0439034 0.0439034 0.0439034 0.0439034 0.0439034 0.0439034 0.0439034 0.0439034 0.0439034 0.0439034 0.0439034 0.0439034 0.0439034 0.0439034 0.0439034 0.0439034 0.0439034 0.0439034 0.0439034 0.0439034 0.0439034 0.0439034 0.0439034 0.0439034 0.0439034 0.0439034 0.0439034 0.0439034 0.0439034 0.0439034 0.0439034 0.0439034 0.0439034 0.0439034 0.0439034 0.0439034 0.0439034 0.0439034 0.0439034 0.0439034 0.0439034 0.0439034 0.0439034 0.0439034 0.0439034 0.0439034 0.0439034 0.0439034 0.0439034 0.0439034 0.0439034 0.0439034 0.0439034 0.0439034 0.0439034 0.0439034 0.0439034 0.0439034 0.0439034 0.0439034 0.0439034 0.0439034 0.0439034 0.0439034 0.0439034 0.0439034 0.0439034 0.0439034 0.0439034 0.0439034 0.0439034 0.0439034 0.0439034
 225.695 227.709 199.113 252.406 159.587 118.199 87.917 65.8501 135.01 250.875 95.0091 68.4509 122.979 64.8141 37.806 30.8346 31.07 62.8574 80.7273 31.458 23.5525 24.4778 26.2517 26.6989 27.0655 26.1389 29.6269 35.4602 28.1957 31.4576 21.6867 14.8314 10.1983 7.85606 8.38682 7.86979 7.4549 4.6558 4.30134 5.18182 8.04937 5.31926 3.98715 2.93114 2.22936 1.80509 1.37213 1.11084 1.04742 1.11957 1.25728 1.33452 1.24879 1.0804 0.926871 0.819216 0.760284 0.744546 0.76737 0.827276 0.919048 1.01831 1.06664 1.01307 0.892595 0.770499 0.672384 0.59927 0.545718 0.505418 0.474122 0.448968 0.428191 0.410434 0.394255 0.378394 0.361989 0.344923 0.32762 0.310808 0.295134 0.280989 0.268439 0.257397 0.247597 0.238721 0.230481 0.222639 0.215001 0.207447 0.199911 0.192358 0.184801 0.177303 0.16986 0.162441 0.155241 0.148298 0.14163 0.135253 2.97588
# Age-structure at Ydeclare= 2013
 119.455 110.858 206.721 208.562 182.361 231.143 146.108 108.17 80.4077 60.178 123.271 228.85 86.5925 62.3387 111.925 58.9564 34.3748 28.0271 28.2343 57.1105 73.3372 28.5755 21.393 22.2323 23.8424 24.2475 24.5794 23.7368 26.9031 32.1984 25.6008 28.5609 19.6887 13.4643 9.25786 7.13129 7.61281 7.14325 6.76644 4.2257 3.90386 4.70282 7.30505 4.82724 3.61823 2.65986 2.02298 1.63795 1.24505 1.00794 0.950382 1.01583 1.14077 1.21084 1.13304 0.980257 0.840954 0.743275 0.689803 0.675521 0.696228 0.750578 0.833841 0.9239 0.967744 0.919143 0.809834 0.699058 0.610039 0.543704 0.495116 0.458553 0.430158 0.407336 0.388485 0.372374 0.357695 0.343305 0.328422 0.312938 0.29724 0.281987 0.267766 0.254933 0.243547 0.233529 0.224638 0.216585 0.209109 0.201994 0.195064 0.188212 0.181374 0.174521 0.167665 0.160862 0.15411 0.147379 0.140847 0.134547 2.95117
# Year for Tmin Age-structure (set to Ydecl by SS)
2013
#  recruitment and biomass
# Number of historical assessment years
129
# Historical data
# year recruitment spawner in B0 in R project in R/S project
1888  1889 1890 1891 1892 1893 1894 1895 1896 1897 1898 1899 1900 1901 1902 1903 1904 1905 1906 1907 1908 1909 1910 1911 1912 1913 1914 1915 1916 1917 1918 1919 1920 1921 1922 1923 1924 1925 1926 1927 1928 1929 1930 1931 1932 1933 1934 1935 1936 1937 1938 1939 1940 1941 1942 1943 1944 1945 1946 1947 1948 1949 1950 1951 1952 1953 1954 1955 1956 1957 1958 1959 1960 1961 1962 1963 1964 1965 1966 1967 1968 1969 1970 1971 1972 1973 1974 1975 1976 1977 1978 1979 1980 1981 1982 1983 1984 1985 1986 1987 1988 1989 1990 1991 1992 1993 1994 1995 1996 1997 1998 1999 2000 2001 2002 2003 2004 2005 2006 2007 2008 2009 2010 2011 2012 2013 2014 2015 2016 #years (with first value representing R0)
209.452 208.716 208.695 208.674 208.652 208.623 208.593 208.563 208.538 208.514 208.491 208.468 208.441 208.416 208.396 208.366 208.339 208.316 208.299 208.296 208.302 208.31 208.326 208.346 208.364 208.361 208.315 208.189 207.946 207.537 206.737 205.619 204.213 202.481 200.439 198.143 195.668 193.121 190.646 188.395 186.526 185.185 184.45 184.266 184.492 184.821 184.871 184.296 182.975 181.075 179.067 177.5 176.886 177.593 180.044 184.926 193.21 206.271 224.922 247.935 267.736 268.17 243.519 209.016 178.895 157.748 145.46 141.111 144.381 155.017 171.328 187.558 189.567 168.606 141.417 124.266 123.351 141.995 173.239 197.285 237.647 294.083 354.285 480.382 274.946 201.364 190.891 265.821 242.416 221.751 177.189 195.026 239.102 293.29 355.6 266.006 279.585 195.975 146.096 129.035 109.823 94.3715 77.9796 67.4206 82.022 194.124 140.899 65.4533 61.4151 71.4675 116.582 210.782 111.906 148.255 373.875 192.263 89.6527 114.481 147.251 190.241 287.948 217.388 237.929 225.695 115.833 119.455 123.773 143.424 161.509  #recruits; first value is R0 (virgin)
2175.41  2175.41 2175.4 2175.39 2175.37 2174.5 2173.66 2172.83 2172.63 2172.61 2172.58 2172.58 2172.55 2172.5 2172.42 2172.31 2172.16 2171.96 2171.75 2171.5 2171.22 2170.69 2170.35 2169.98 2169.58 2169.16 2168.71 2168.24 2167.6 2166.57 2165.19 2159.65 2157.26 2155.1 2153.04 2151.54 2149.86 2147.07 2143.54 2138.39 2131.77 2125.31 2119.75 2113.47 2109.22 2105.23 2101.2 2096.05 2090.8 2083.53 2076.74 2069.31 2063.1 2054.57 2043 2030.75 2009.49 1986.92 1953.96 1923.73 1909.23 1893.4 1881.1 1867.41 1850.71 1836.63 1826.27 1814 1802.66 1791.47 1778.2 1766.49 1756.99 1749.79 1746.24 1741.35 1739.83 1740.92 1722.75 1718.97 1711.9 1704.48 1679.03 1663.05 1640.77 1612.14 1580.7 1545.68 1511.34 1471.51 1432.4 1368.22 1306.65 1259.05 1196.39 1091.14 994.889 942.581 866.153 823.24 775.095 731.493 676.205 636.528 570.187 509.647 451.842 421.454 390.792 356.046 316.839 304.959 283.835 287.978 290.688 303.956 317.875 332.485 347.255 362.941 377.931 394.019 410.45 428.891 448.475 469.135 491.553 515.764 540.627 #spbio; first value is SSB_virgin (virgin)
1 0 0 0 0 0 0 0 0 0 0 0 0 0 0 0 0 0 0 0 0 0 0 0 0 0 0 0 0 0 0 0 0 0 0 0 0 0 0 0 0 0 0 0 0 0 0 0 0 0 0 0 0 0 0 0 0 0 0 0 0 0 0 0 0 0 0 0 0 0 0 0 0 0 0 0 0 0 0 0 0 0 0 0 0 0 0 0 0 0 0 0 0 0 0 0 0 0 0 0 0 0 0 0 0 0 0 0 0 0 0 0 0 0 0 0 0 0 0 0 0 0 0 0 0 0 0 0 0  # in Bzero
0 1 1 1 1 1 1 1 1 1 1 1 1 1 1 1 1 1 1 1 1 1 1 1 1 1 1 1 1 1 1 1 1 1 1 1 1 1 1 1 1 1 1 1 1 1 1 1 1 1 1 1 1 1 1 1 1 1 1 1 1 1 1 1 1 1 1 1 1 1 1 1 1 1 1 1 1 1 1 1 1 1 1 1 1 1 1 1 1 1 1 1 1 1 1 1 1 1 1 1 1 1 1 1 1 1 1 1 1 1 1 1 1 1 1 1 1 1 1 1 1 1 1 1 1 1  0 0 0 # in R project
0 1 1 1 1 1 1 1 1 1 1 1 1 1 1 1 1 1 1 1 1 1 1 1 1 1 1 1 1 1 1 1 1 1 1 1 1 1 1 1 1 1 1 1 1 1 1 1 1 1 1 1 1 1 1 1 1 1 1 1 1 1 1 1 1 1 1 1 1 1 1 1 1 1 1 1 1 1 1 1 1 1 1 1 1 1 1 1 1 1 1 1 1 1 1 1 1 1 1 1 1 1 1 1 1 1 1 1 1 1 1 1 1 1 1 1 1 1 1 1 1 1 1 1 1 1  0 0 0 # in R/S project
# Number of years with pre-specified catches
0
# catches for years with pre-specified catches go next
# Number of future recruitments to override
-2
# Process for overiding (-1 for average otherwise index in data list)
# Which probability to product detailed results for (1=0.5; 2=0.6; etc.)
3
# Steepness sigma-R Auto-correlation
0.718 0.5 0
# Target SPR rate (FMSY Proxy); manually change to SPR_MSY if not using SPR_target
0.5
# Discount rate (for cumulative catch)
0.1
# Truncate the series when 0.4B0 is reached (1=Yes)
0
# Set F to FMSY once 0.4B0 is reached (1=Yes)
0
# Maximum possible F for projection (-1 to set to FMSY)
-1
# Defintion of recovery (1=now only;2=now or before)
2
# Projection type
4
# Definition of the 40-10 rule
10 40
# Calculate coefficients of variation (1=Yes)
0
# Number of replicates to use
10
# Random number seed
-99004
# File with multiple parameter vectors 
rebuild.SSO
# User-specific projection (1=Yes); Output replaced (1->9)
0  5
# Catches and Fs (Year; 1/2/3 (F or C or SPR); value); Final row is -1
2016 1 1
-1 -1 -1
# Fixed catch project (1=Yes); Output replaced (1->9); Approach (-1=Read in else 1-9)
0 2 -1
# Split of Fs
2011  0.000518766
 0
 0.163583
 0.00680793
 0.268319
 0.244105
 0.316666
-1  1 1 1 1 1 1 1 1 1 1 1 1
# Yrs to define T_target for projection type 4 (a.k.a. 5 pre-specified inputs)
2022 2023 2024 2025 2026 
# Year for probability of recovery
2026 2027 2028 2029 2030 2031 2032 2033
# Time varying weight-at-age (1=Yes;0=No)
0
# File with time series of weight-at-age data
none
# Use bisection (0) or linear interpolation (1)
1
# Target Depletion
0.4
# CV of implementation error
0
