#Title, #runnumber: 255 yelloweye_data.ss yelloweye_control.ss 5682.71 2178.68 553.12 StartTime: Thu Jun 15 16:05:38 2017
SSv3_default_rebuild.dat
# Number of sexes
1
# Age range to consider (minimum age; maximum age)
0 100
# Number of fleets
12
# First year of projection (Yinit)
2011
# First Year of rebuilding period (Ydecl)
2013
# Number of simulations
1000
# Maximum number of years
500
# Conduct projections with multiple starting values (0=No;else yes)
0
# Number of parameter vectors
1000
# Is the maximum age a plus-group (1=Yes;2=No)
1
# Generate future recruitments using historical recruitments (1)  historical recruits/spawner (2)  or a stock-recruitment (3)
3
# Constant fishing mortality (1) or constant Catch (2) projections
1
# Fishing mortality based on SPR (1) or actual rate (2)
1
# Pre-specify the year of recovery (or -1) to ignore
-1
# Fecundity-at-age
# 0 1 2 3 4 5 6 7 8 9 10 11 12 13 14 15 16 17 18 19 20 21 22 23 24 25 26 27 28 29 30 31 32 33 34 35 36 37 38 39 40 41 42 43 44 45 46 47 48 49 50 51 52 53 54 55 56 57 58 59 60 61 62 63 64 65 66 67 68 69 70 71 72 73 74 75 76 77 78 79 80 81 82 83 84 85 86 87 88 89 90 91 92 93 94 95 96 97 98 99 100 #runnumber: 255 yelloweye_data.ss yelloweye_control.ss 5682.71 2178.68 553.12
 0 0 7.26026e-008 8.26167e-007 6.6758e-006 4.16095e-005 0.000207923 0.000842154 0.00276978 0.00747119 0.0168855 0.0328491 0.0564968 0.0879587 0.126433 0.170502 0.218511 0.268871 0.320236 0.371579 0.422178 0.471568 0.519477 0.565763 0.610373 0.653301 0.694567 0.734204 0.772248 0.808738 0.84371 0.877197 0.909234 0.939855 0.969094 0.996987 1.02357 1.04888 1.07295 1.09584 1.11756 1.13818 1.15772 1.17623 1.19376 1.21034 1.22601 1.24083 1.25481 1.26802 1.28047 1.29222 1.30329 1.31372 1.32354 1.33279 1.3415 1.34969 1.35739 1.36463 1.37144 1.37784 1.38386 1.38951 1.39482 1.3998 1.40448 1.40888 1.413 1.41687 1.42051 1.424 1.42728 1.43036 1.43325 1.43595 1.43849 1.44087 1.4431 1.4452 1.44716 1.449 1.45073 1.45234 1.45386 1.45528 1.45661 1.45786 1.45903 1.46012 1.46115 1.46211 1.46301 1.46386 1.46465 1.46539 1.46608 1.46674 1.46735 1.46792 1.46881 #female fecundity; weighted by N in year Y_init across morphs and areas
# Age specific selectivity and weight adjusted for discard and discard mortality
 #wt and selex for gender,fleet: 1 1
 0.0108045 0.0214401 0.0606618 0.119064 0.196176 0.288838 0.393418 0.506648 0.625866 0.749047 0.874782 1.00225 1.13113 1.26151 1.39361 1.52767 1.66374 1.80163 1.94089 2.08086 2.22073 2.35965 2.4968 2.63144 2.76295 2.89083 3.01469 3.13429 3.24942 3.36 3.46598 3.56737 3.66419 3.75653 3.84447 3.92813 4.00761 4.08307 4.15463 4.22243 4.28663 4.34736 4.40479 4.45905 4.51028 4.55864 4.60425 4.64726 4.68779 4.72598 4.76193 4.79578 4.82764 4.85761 4.88579 4.91229 4.9372 4.96061 4.9826 5.00326 5.02267 5.04089 5.05799 5.07405 5.08913 5.10327 5.11654 5.129 5.14068 5.15164 5.16201 5.17184 5.18105 5.18969 5.19779 5.20538 5.2125 5.21918 5.22543 5.2313 5.2368 5.24195 5.24678 5.2513 5.25554 5.25951 5.26324 5.26673 5.26999 5.27306 5.27593 5.27862 5.28114 5.2835 5.28571 5.28778 5.28972 5.29154 5.29324 5.29483 5.29733
 0 0 0 0 0 0 0 0 0 0 0 0 0 0 0 0 0 0 0 0 0 0 0 0 0 0 0 0 0 0 0 0 0 0 0 0 0 0 0 0 0 0 0 0 0 0 0 0 0 0 0 0 0 0 0 0 0 0 0 0 0 0 0 0 0 0 0 0 0 0 0 0 0 0 0 0 0 0 0 0 0 0 0 0 0 0 0 0 0 0 0 0 0 0 0 0 0 0 0 1 0
 #wt and selex for gender,fleet: 1 3
 0.0107151 0.0198333 0.0539695 0.10605 0.175596 0.260324 0.357369 0.46399 0.577833 0.697051 0.820375 0.947127 1.0771 1.21033 1.34684 1.48647 1.62876 1.77299 1.91826 2.06357 2.20792 2.35044 2.49034 2.62702 2.75998 2.88886 3.01342 3.13347 3.2489 3.35967 3.46577 3.56723 3.66411 3.75648 3.84444 3.9281 4.0076 4.08306 4.15462 4.22243 4.28662 4.34736 4.40479 4.45904 4.51028 4.55864 4.60425 4.64726 4.68779 4.72598 4.76193 4.79578 4.82764 4.85761 4.88579 4.91229 4.9372 4.96061 4.9826 5.00326 5.02267 5.04089 5.05799 5.07405 5.08913 5.10327 5.11654 5.129 5.14068 5.15163 5.16201 5.17184 5.18105 5.18969 5.19779 5.20538 5.2125 5.21918 5.22543 5.2313 5.2368 5.24195 5.24678 5.2513 5.25554 5.25951 5.26324 5.26673 5.26999 5.27306 5.27593 5.27862 5.28114 5.2835 5.28571 5.28778 5.28972 5.29154 5.29324 5.29483 5.29733
 0 0 0 0 0 0 0 0 0 0 0 0 0 0 0 0 0 0 0 0 0 0 0 0 0 0 0 0 0 0 0 0 0 0 0 0 0 0 0 0 0 0 0 0 0 0 0 0 0 0 0 0 0 0 0 0 0 0 0 0 0 0 0 0 0 0 0 0 0 0 0 0 0 0 0 0 0 0 0 0 0 0 0 0 0 0 0 0 0 0 0 0 0 0 0 0 0 0 0 1 0
 #wt and selex for gender,fleet: 1 4
 0.0106579 0.0187913 0.0493761 0.0977925 0.16407 0.246821 0.343879 0.452861 0.571469 0.697623 0.829513 0.965604 1.10462 1.24555 1.38759 1.53014 1.67276 1.81506 1.95671 2.09735 2.2366 2.37406 2.5093 2.64189 2.77142 2.89752 3.01988 3.13823 3.25239 3.3622 3.4676 3.56855 3.66506 3.75716 3.84493 3.92846 4.00786 4.08325 4.15476 4.22253 4.2867 4.34742 4.40483 4.45908 4.51031 4.55866 4.60427 4.64727 4.6878 4.72598 4.76194 4.79579 4.82764 4.85761 4.88579 4.91229 4.9372 4.96061 4.9826 5.00326 5.02267 5.04089 5.058 5.07405 5.08913 5.10327 5.11654 5.129 5.14068 5.15164 5.16201 5.17184 5.18105 5.18969 5.19779 5.20538 5.2125 5.21918 5.22544 5.2313 5.2368 5.24195 5.24678 5.2513 5.25554 5.25951 5.26324 5.26673 5.27 5.27306 5.27593 5.27862 5.28114 5.2835 5.28571 5.28778 5.28972 5.29154 5.29324 5.29483 5.29733
 0 0 0 0 0 0 0 0 0 0 0 0 0 0 0 0 0 0 0 0 0 0 0 0 0 0 0 0 0 0 0 0 0 0 0 0 0 0 0 0 0 0 0 0 0 0 0 0 0 0 0 0 0 0 0 0 0 0 0 0 0 0 0 0 0 0 0 0 0 0 0 0 0 0 0 0 0 0 0 0 0 0 0 0 0 0 0 0 0 0 0 0 0 0 0 0 0 0 0 1 0
 #wt and selex for gender,fleet: 1 5
 0.0107281 0.0200884 0.0555063 0.110208 0.184249 0.275508 0.381029 0.497803 0.623113 0.75465 0.890518 1.02919 1.16947 1.31041 1.45132 1.5917 1.73121 1.86962 2.00675 2.14244 2.27653 2.40881 2.53905 2.66695 2.79223 2.91456 3.03366 3.14927 3.26114 3.36909 3.47299 3.57275 3.66831 3.75968 3.84688 3.92997 4.00903 4.08416 4.15547 4.22308 4.28714 4.34777 4.40511 4.4593 4.51048 4.5588 4.60438 4.64737 4.68788 4.72605 4.762 4.79584 4.82768 4.85765 4.88582 4.91232 4.93722 4.96063 4.98262 5.00328 5.02268 5.0409 5.05801 5.07407 5.08914 5.10328 5.11655 5.129 5.14069 5.15164 5.16202 5.17184 5.18106 5.1897 5.1978 5.20539 5.21251 5.21918 5.22544 5.23131 5.2368 5.24195 5.24678 5.25131 5.25555 5.25952 5.26324 5.26673 5.27 5.27306 5.27593 5.27862 5.28114 5.2835 5.28571 5.28778 5.28972 5.29154 5.29324 5.29484 5.29733
 0 0 0 0 0 0 0 0 0 0 0 0 0 0 0 0 0 0 0 0 0 0 0 0 0 0 0 0 0 0 0 0 0 0 0 0 0 0 0 0 0 0 0 0 0 0 0 0 0 0 0 0 0 0 0 0 0 0 0 0 0 0 0 0 0 0 0 0 0 0 0 0 0 0 0 0 0 0 0 0 0 0 0 0 0 0 0 0 0 0 0 0 0 0 0 0 0 0 0 1 0
 #wt and selex for gender,fleet: 1 6
 0.0111917 0.0274429 0.0773922 0.144943 0.227314 0.318776 0.414885 0.513017 0.612542 0.714564 0.821105 0.934157 1.05501 1.18393 1.32021 1.46242 1.60877 1.75743 1.90677 2.05543 2.20233 2.34665 2.48778 2.62525 2.7587 2.88787 3.01259 3.13272 3.24819 3.35897 3.46507 3.56652 3.66338 3.75573 3.84368 3.92733 4.00681 4.08226 4.15381 4.2216 4.28579 4.34652 4.40394 4.45819 4.50942 4.55777 4.60337 4.64638 4.68691 4.72509 4.76104 4.79489 4.82674 4.8567 4.88488 4.91138 4.93629 4.95969 4.98169 5.00235 5.02175 5.03997 5.05707 5.07313 5.0882 5.10235 5.11562 5.12807 5.13975 5.15071 5.16108 5.1709 5.18011 5.18875 5.19685 5.20444 5.21156 5.21823 5.22448 5.23034 5.23584 5.24099 5.24581 5.25034 5.25458 5.25855 5.26227 5.26576 5.26902 5.27209 5.27495 5.27764 5.28016 5.28252 5.28473 5.2868 5.28874 5.29056 5.29226 5.29385 5.29634
 0 0 0 0 0 0 0 0 0 0 0 0 0 0 0 0 0 0 0 0 0 0 0 0 0 0 0 0 0 0 0 0 0 0 0 0 0 0 0 0 0 0 0 0 0 0 0 0 0 0 0 0 0 0 0 0 0 0 0 0 0 0 0 0 0 0 0 0 0 0 0 0 0 0 0 0 0 0 0 0 0 0 0 0 0 0 0 0 0 0 0 0 0 0 0 0 0 0 0 1 0
 #wt and selex for gender,fleet: 1 7
 0.0111118 0.0264471 0.0766833 0.147942 0.238647 0.343268 0.456713 0.575071 0.695627 0.8167 0.937513 1.05806 1.17891 1.30092 1.42498 1.55176 1.68159 1.81438 1.94968 2.08669 2.22445 2.36194 2.49815 2.6322 2.76336 2.89103 3.01479 3.13432 3.24943 3.36 3.46598 3.56736 3.66418 3.75652 3.84447 3.92812 4.00761 4.08307 4.15462 4.22243 4.28663 4.34736 4.40479 4.45904 4.51028 4.55864 4.60425 4.64726 4.68779 4.72598 4.76193 4.79578 4.82764 4.85761 4.88579 4.91229 4.9372 4.96061 4.9826 5.00326 5.02267 5.04089 5.05799 5.07405 5.08913 5.10327 5.11654 5.129 5.14068 5.15163 5.16201 5.17184 5.18105 5.18969 5.19779 5.20538 5.2125 5.21918 5.22543 5.2313 5.2368 5.24195 5.24678 5.2513 5.25554 5.25951 5.26324 5.26673 5.26999 5.27306 5.27593 5.27862 5.28114 5.2835 5.28571 5.28778 5.28972 5.29154 5.29324 5.29483 5.29733
 0 0 0 0 0 0 0 0 0 0 0 0 0 0 0 0 0 0 0 0 0 0 0 0 0 0 0 0 0 0 0 0 0 0 0 0 0 0 0 0 0 0 0 0 0 0 0 0 0 0 0 0 0 0 0 0 0 0 0 0 0 0 0 0 0 0 0 0 0 0 0 0 0 0 0 0 0 0 0 0 0 0 0 0 0 0 0 0 0 0 0 0 0 0 0 0 0 0 0 1 0
# M and current age-structure in year Yinit: 2011
 # gender = 1
 0.0439034 0.0439034 0.0439034 0.0439034 0.0439034 0.0439034 0.0439034 0.0439034 0.0439034 0.0439034 0.0439034 0.0439034 0.0439034 0.0439034 0.0439034 0.0439034 0.0439034 0.0439034 0.0439034 0.0439034 0.0439034 0.0439034 0.0439034 0.0439034 0.0439034 0.0439034 0.0439034 0.0439034 0.0439034 0.0439034 0.0439034 0.0439034 0.0439034 0.0439034 0.0439034 0.0439034 0.0439034 0.0439034 0.0439034 0.0439034 0.0439034 0.0439034 0.0439034 0.0439034 0.0439034 0.0439034 0.0439034 0.0439034 0.0439034 0.0439034 0.0439034 0.0439034 0.0439034 0.0439034 0.0439034 0.0439034 0.0439034 0.0439034 0.0439034 0.0439034 0.0439034 0.0439034 0.0439034 0.0439034 0.0439034 0.0439034 0.0439034 0.0439034 0.0439034 0.0439034 0.0439034 0.0439034 0.0439034 0.0439034 0.0439034 0.0439034 0.0439034 0.0439034 0.0439034 0.0439034 0.0439034 0.0439034 0.0439034 0.0439034 0.0439034 0.0439034 0.0439034 0.0439034 0.0439034 0.0439034 0.0439034 0.0439034 0.0439034 0.0439034 0.0439034 0.0439034 0.0439034 0.0439034 0.0439034 0.0439034 0.0439034
 226.143 232.74 203.391 264.173 164.693 121.423 89.5555 66.1474 135.767 257.622 93.6029 67.4801 124.249 63.7389 37.1984 30.3213 30.4806 61.7771 78.7897 30.6002 22.9089 23.7984 25.5039 25.9212 26.2836 25.4034 28.8154 34.6141 27.2913 30.4927 20.7971 14.1368 9.8788 7.55072 8.02489 7.52347 7.11432 4.45011 4.09995 4.93325 7.66025 5.09018 3.80763 2.79847 2.12647 1.72055 1.30706 1.05733 0.99614 1.06388 1.19369 1.26591 1.18387 1.02389 0.87816 0.775947 0.719899 0.704746 0.72605 0.782314 0.868427 0.961143 1.0056 0.954788 0.841586 0.726781 0.63438 0.565435 0.514887 0.476817 0.447235 0.423445 0.403786 0.386982 0.371679 0.356691 0.341209 0.325119 0.308818 0.292984 0.278222 0.264899 0.253076 0.24267 0.233431 0.225062 0.217292 0.209898 0.202698 0.195582 0.188485 0.181376 0.174266 0.167213 0.160213 0.153236 0.146466 0.139936 0.133665 0.127667 2.81699
# Age-structure at Ydeclare= 2013
 116.86 109.164 207.132 213.17 186.279 241.918 150.783 111.12 81.905 60.4478 123.955 234.988 85.3027 61.4473 113.065 57.9694 33.8167 27.5556 27.6934 56.118 71.5626 27.7907 20.804 21.6107 23.1583 23.5363 23.8644 23.0641 26.1606 31.4234 24.7742 27.6788 18.8768 12.8308 8.96572 6.85251 7.28254 6.82724 6.45572 4.038 3.72014 4.47608 6.9501 4.61812 3.4544 2.53878 1.92908 1.56079 1.18568 0.959112 0.903592 0.965024 1.08276 1.14826 1.07383 0.928711 0.796523 0.703809 0.652968 0.639222 0.658543 0.709574 0.787679 0.871771 0.912089 0.866003 0.763326 0.659196 0.575387 0.512852 0.467004 0.432474 0.405643 0.384064 0.366234 0.350992 0.337112 0.323518 0.309476 0.294882 0.280097 0.265736 0.252347 0.240263 0.22954 0.220101 0.211722 0.204131 0.197084 0.190378 0.183848 0.177394 0.170957 0.164509 0.15806 0.151663 0.145314 0.138986 0.132846 0.126923 2.79207
# Year for Tmin Age-structure (set to Ydecl by SS)
2013
#  recruitment and biomass
# Number of historical assessment years
129
# Historical data
# year recruitment spawner in B0 in R project in R/S project
1888  1889 1890 1891 1892 1893 1894 1895 1896 1897 1898 1899 1900 1901 1902 1903 1904 1905 1906 1907 1908 1909 1910 1911 1912 1913 1914 1915 1916 1917 1918 1919 1920 1921 1922 1923 1924 1925 1926 1927 1928 1929 1930 1931 1932 1933 1934 1935 1936 1937 1938 1939 1940 1941 1942 1943 1944 1945 1946 1947 1948 1949 1950 1951 1952 1953 1954 1955 1956 1957 1958 1959 1960 1961 1962 1963 1964 1965 1966 1967 1968 1969 1970 1971 1972 1973 1974 1975 1976 1977 1978 1979 1980 1981 1982 1983 1984 1985 1986 1987 1988 1989 1990 1991 1992 1993 1994 1995 1996 1997 1998 1999 2000 2001 2002 2003 2004 2005 2006 2007 2008 2009 2010 2011 2012 2013 2014 2015 2016 #years (with first value representing R0)
209.987 208.678 208.638 208.597 208.555 208.505 208.454 208.401 208.353 208.305 208.256 208.208 208.154 208.103 208.055 207.996 207.939 207.885 207.837 207.802 207.774 207.749 207.73 207.715 207.698 207.66 207.58 207.42 207.146 206.709 205.886 204.75 203.331 201.592 199.549 197.256 194.79 192.254 189.791 187.552 185.691 184.355 183.62 183.432 183.649 183.969 184.012 183.439 182.129 180.25 178.267 176.727 176.135 176.859 179.316 184.188 192.439 205.427 223.938 246.729 266.306 266.803 242.537 208.388 178.479 157.449 145.228 140.922 144.216 154.861 171.175 187.422 189.505 168.66 141.548 124.442 123.58 142.306 173.629 197.742 238.233 294.609 355.261 478.452 273.559 200.271 190.046 263.719 240.415 219.615 175.835 194.54 234.042 288.013 351.972 262.186 277.184 193.122 143.542 126.431 107.391 92.2011 76.144 65.7913 79.9758 189.791 138.648 64.2682 60.4314 70.3517 114.686 213.009 110.337 146.075 383.952 193.346 90.0583 116.615 151.267 196.329 301.372 222.059 243.186 226.143 114.063 116.86 120.441 139.272 160.513  #recruits; first value is R0 (virgin)
2178.68  2178.68 2178.67 2178.67 2178.65 2177.78 2176.94 2176.1 2175.91 2175.88 2175.86 2175.85 2175.81 2175.74 2175.63 2175.47 2175.27 2175.01 2174.71 2174.37 2173.99 2173.33 2172.86 2172.36 2171.82 2171.24 2170.63 2169.98 2169.16 2167.95 2166.37 2160.63 2158.04 2155.67 2153.4 2151.67 2149.77 2146.75 2142.99 2137.6 2130.74 2124.03 2118.23 2111.7 2107.19 2102.96 2098.68 2093.28 2087.78 2080.27 2073.24 2065.57 2059.13 2050.37 2038.58 2026.12 2004.64 1981.88 1948.72 1918.3 1903.63 1887.61 1875.15 1861.3 1844.45 1830.21 1819.71 1807.29 1795.82 1784.48 1771.07 1759.21 1749.55 1742.2 1738.51 1733.48 1731.83 1732.81 1714.56 1710.71 1703.59 1696.15 1670.7 1654.73 1632.5 1603.93 1572.57 1537.64 1503.41 1463.7 1424.73 1360.71 1299.29 1251.82 1189.27 1084.23 988.092 935.79 859.326 816.308 768.003 724.237 668.747 628.765 562.03 501.11 442.948 412.19 381.18 346.05 306.471 294.242 272.768 276.548 278.903 291.782 305.314 319.547 333.955 349.293 363.962 379.763 395.95 414.201 433.665 454.291 476.766 501.137 526.276 #spbio; first value is SSB_virgin (virgin)
1 0 0 0 0 0 0 0 0 0 0 0 0 0 0 0 0 0 0 0 0 0 0 0 0 0 0 0 0 0 0 0 0 0 0 0 0 0 0 0 0 0 0 0 0 0 0 0 0 0 0 0 0 0 0 0 0 0 0 0 0 0 0 0 0 0 0 0 0 0 0 0 0 0 0 0 0 0 0 0 0 0 0 0 0 0 0 0 0 0 0 0 0 0 0 0 0 0 0 0 0 0 0 0 0 0 0 0 0 0 0 0 0 0 0 0 0 0 0 0 0 0 0 0 0 0 0 0 0  # in Bzero
0 1 1 1 1 1 1 1 1 1 1 1 1 1 1 1 1 1 1 1 1 1 1 1 1 1 1 1 1 1 1 1 1 1 1 1 1 1 1 1 1 1 1 1 1 1 1 1 1 1 1 1 1 1 1 1 1 1 1 1 1 1 1 1 1 1 1 1 1 1 1 1 1 1 1 1 1 1 1 1 1 1 1 1 1 1 1 1 1 1 1 1 1 1 1 1 1 1 1 1 1 1 1 1 1 1 1 1 1 1 1 1 1 1 1 1 1 1 1 1 1 1 1 1 1 1  0 0 0 # in R project
0 1 1 1 1 1 1 1 1 1 1 1 1 1 1 1 1 1 1 1 1 1 1 1 1 1 1 1 1 1 1 1 1 1 1 1 1 1 1 1 1 1 1 1 1 1 1 1 1 1 1 1 1 1 1 1 1 1 1 1 1 1 1 1 1 1 1 1 1 1 1 1 1 1 1 1 1 1 1 1 1 1 1 1 1 1 1 1 1 1 1 1 1 1 1 1 1 1 1 1 1 1 1 1 1 1 1 1 1 1 1 1 1 1 1 1 1 1 1 1 1 1 1 1 1 1  0 0 0 # in R/S project
# Number of years with pre-specified catches
0
# catches for years with pre-specified catches go next
# Number of future recruitments to override
-2
# Process for overiding (-1 for average otherwise index in data list)
# Which probability to product detailed results for (1=0.5; 2=0.6; etc.)
3
# Steepness sigma-R Auto-correlation
0.718 0.5 0
# Target SPR rate (FMSY Proxy); manually change to SPR_MSY if not using SPR_target
0.5
# Discount rate (for cumulative catch)
0.1
# Truncate the series when 0.4B0 is reached (1=Yes)
0
# Set F to FMSY once 0.4B0 is reached (1=Yes)
0
# Maximum possible F for projection (-1 to set to FMSY)
-1
# Defintion of recovery (1=now only;2=now or before)
2
# Projection type
4
# Definition of the 40-10 rule
10 40
# Calculate coefficients of variation (1=Yes)
0
# Number of replicates to use
10
# Random number seed
-99004
# File with multiple parameter vectors 
rebuild.SSO
# User-specific projection (1=Yes); Output replaced (1->9)
0  5
# Catches and Fs (Year; 1/2/3 (F or C or SPR); value); Final row is -1
2016 1 1
-1 -1 -1
# Fixed catch project (1=Yes); Output replaced (1->9); Approach (-1=Read in else 1-9)
0 2 -1
# Split of Fs
2011  0.000505741
 0
 0.15992
 0.00683462
 0.272136
 0.245348
 0.315257
-1  1 1 1 1 1 1 1 1 1 1 1 1
# Yrs to define T_target for projection type 4 (a.k.a. 5 pre-specified inputs)
2022 2023 2024 2025 2026 
# Year for probability of recovery
2026 2027 2028 2029 2030 2031 2032 2033
# Time varying weight-at-age (1=Yes;0=No)
0
# File with time series of weight-at-age data
none
# Use bisection (0) or linear interpolation (1)
1
# Target Depletion
0.4
# CV of implementation error
0
