#Title, #runnumber: 271 yelloweye_data.ss yelloweye_control.ss 5689.21 2613.83 1226.06 StartTime: Fri Jul 21 12:34:50 2017
SSv3_default_rebuild.dat
# Number of sexes
1
# Age range to consider (minimum age; maximum age)
0 100
# Number of fleets
12
# First year of projection (Yinit)
2011
# First Year of rebuilding period (Ydecl)
2013
# Number of simulations
1000
# Maximum number of years
500
# Conduct projections with multiple starting values (0=No;else yes)
0
# Number of parameter vectors
1000
# Is the maximum age a plus-group (1=Yes;2=No)
1
# Generate future recruitments using historical recruitments (1)  historical recruits/spawner (2)  or a stock-recruitment (3)
3
# Constant fishing mortality (1) or constant Catch (2) projections
1
# Fishing mortality based on SPR (1) or actual rate (2)
1
# Pre-specify the year of recovery (or -1) to ignore
-1
# Fecundity-at-age
# 0 1 2 3 4 5 6 7 8 9 10 11 12 13 14 15 16 17 18 19 20 21 22 23 24 25 26 27 28 29 30 31 32 33 34 35 36 37 38 39 40 41 42 43 44 45 46 47 48 49 50 51 52 53 54 55 56 57 58 59 60 61 62 63 64 65 66 67 68 69 70 71 72 73 74 75 76 77 78 79 80 81 82 83 84 85 86 87 88 89 90 91 92 93 94 95 96 97 98 99 100 #runnumber: 271 yelloweye_data.ss yelloweye_control.ss 5689.21 2613.83 1226.06
 0 0 2.89244e-008 3.67331e-007 3.31564e-006 2.30259e-005 0.000127631 0.00056893 0.00203386 0.00587559 0.0140229 0.0284663 0.0506028 0.0808202 0.118481 0.16221 0.210291 0.261017 0.312915 0.364844 0.416005 0.465887 0.514199 0.560805 0.605663 0.648786 0.690216 0.730001 0.768194 0.804841 0.839987 0.87367 0.905927 0.936793 0.966301 0.994484 1.02138 1.04702 1.07144 1.09468 1.11677 1.13776 1.15768 1.17658 1.19449 1.21146 1.22752 1.24272 1.25708 1.27066 1.28348 1.29558 1.30701 1.31778 1.32794 1.33751 1.34653 1.35503 1.36303 1.37057 1.37765 1.38432 1.3906 1.3965 1.40205 1.40726 1.41216 1.41677 1.4211 1.42516 1.42898 1.43267 1.43612 1.43937 1.44242 1.44528 1.44796 1.45049 1.45285 1.45507 1.45716 1.45911 1.46095 1.46267 1.46429 1.4658 1.46722 1.46856 1.46981 1.47098 1.47208 1.47311 1.47408 1.47499 1.47584 1.47664 1.47739 1.47809 1.47875 1.47937 1.48034 #female fecundity; weighted by N in year Y_init across morphs and areas
# Age specific selectivity and weight adjusted for discard and discard mortality
 #wt and selex for gender,fleet: 1 1
 0.0110484 0.0229065 0.0632448 0.122551 0.200277 0.293167 0.397569 0.510239 0.62856 0.750562 0.874887 1.00076 1.1279 1.25641 1.38657 1.51866 1.65279 1.78884 1.92644 2.06496 2.20365 2.34168 2.47822 2.61252 2.74394 2.87195 2.99615 3.11623 3.23201 3.34335 3.4502 3.55254 3.65041 3.74384 3.83294 3.91779 3.99851 4.07522 4.14805 4.21713 4.28262 4.34465 4.40335 4.45889 4.51138 4.56098 4.60782 4.65203 4.69374 4.73307 4.77015 4.8051 4.83801 4.86901 4.8982 4.92566 4.95151 4.97583 4.99869 5.0202 5.04041 5.05941 5.07727 5.09405 5.10982 5.12463 5.13853 5.1516 5.16386 5.17538 5.1863 5.19664 5.20635 5.21547 5.22402 5.23205 5.23959 5.24666 5.25329 5.25951 5.26535 5.27083 5.27596 5.28078 5.2853 5.28954 5.29352 5.29725 5.30075 5.30403 5.3071 5.30999 5.31269 5.31523 5.31761 5.31984 5.32193 5.32389 5.32573 5.32745 5.33016
 0 0 0 0 0 0 0 0 0 0 0 0 0 0 0 0 0 0 0 0 0 0 0 0 0 0 0 0 0 0 0 0 0 0 0 0 0 0 0 0 0 0 0 0 0 0 0 0 0 0 0 0 0 0 0 0 0 0 0 0 0 0 0 0 0 0 0 0 0 0 0 0 0 0 0 0 0 0 0 0 0 0 0 0 0 0 0 0 0 0 0 0 0 0 0 0 0 0 0 1 0
 #wt and selex for gender,fleet: 1 3
 0.0109322 0.021024 0.0561619 0.109015 0.179071 0.263964 0.360804 0.466856 0.579801 0.697831 0.819712 0.944795 1.0729 1.20411 1.33851 1.47602 1.6163 1.7587 1.90239 2.04641 2.18978 2.3316 2.47109 2.6076 2.74061 2.86974 2.9947 3.1153 3.23141 3.34297 3.44996 3.55239 3.65031 3.74378 3.8329 3.91776 3.99849 4.07521 4.14804 4.21713 4.28262 4.34465 4.40335 4.45889 4.51138 4.56098 4.60782 4.65203 4.69374 4.73307 4.77015 4.8051 4.83801 4.86901 4.8982 4.92567 4.95151 4.97583 4.99869 5.0202 5.04041 5.05941 5.07727 5.09405 5.10982 5.12463 5.13854 5.1516 5.16386 5.17538 5.1863 5.19664 5.20635 5.21547 5.22403 5.23205 5.23959 5.24666 5.25329 5.25951 5.26535 5.27083 5.27596 5.28078 5.2853 5.28954 5.29352 5.29725 5.30075 5.30403 5.3071 5.30999 5.31269 5.31523 5.31761 5.31984 5.32193 5.32389 5.32573 5.32745 5.33016
 0 0 0 0 0 0 0 0 0 0 0 0 0 0 0 0 0 0 0 0 0 0 0 0 0 0 0 0 0 0 0 0 0 0 0 0 0 0 0 0 0 0 0 0 0 0 0 0 0 0 0 0 0 0 0 0 0 0 0 0 0 0 0 0 0 0 0 0 0 0 0 0 0 0 0 0 0 0 0 0 0 0 0 0 0 0 0 0 0 0 0 0 0 0 0 0 0 0 0 1 0
 #wt and selex for gender,fleet: 1 4
 0.0108683 0.0199707 0.0520225 0.101763 0.169103 0.252446 0.349468 0.457715 0.574883 0.698947 0.828185 0.961184 1.09683 1.23429 1.37298 1.51249 1.65252 1.79279 1.933 2.07278 2.21168 2.34922 2.48486 2.61809 2.74844 2.87547 2.99883 3.11824 3.23348 3.34442 3.45097 3.55309 3.65079 3.74411 3.83313 3.91792 3.9986 4.07528 4.14809 4.21717 4.28264 4.34466 4.40337 4.45889 4.51139 4.56099 4.60782 4.65203 4.69374 4.73307 4.77015 4.8051 4.83801 4.86901 4.8982 4.92566 4.95151 4.97582 4.99869 5.02019 5.04041 5.05941 5.07727 5.09405 5.10981 5.12462 5.13853 5.15159 5.16386 5.17538 5.18629 5.19664 5.20635 5.21547 5.22402 5.23205 5.23958 5.24665 5.25329 5.25951 5.26535 5.27082 5.27596 5.28078 5.2853 5.28954 5.29351 5.29724 5.30074 5.30402 5.3071 5.30998 5.31269 5.31523 5.3176 5.31983 5.32193 5.32389 5.32573 5.32745 5.33016
 0 0 0 0 0 0 0 0 0 0 0 0 0 0 0 0 0 0 0 0 0 0 0 0 0 0 0 0 0 0 0 0 0 0 0 0 0 0 0 0 0 0 0 0 0 0 0 0 0 0 0 0 0 0 0 0 0 0 0 0 0 0 0 0 0 0 0 0 0 0 0 0 0 0 0 0 0 0 0 0 0 0 0 0 0 0 0 0 0 0 0 0 0 0 0 0 0 0 0 1 0
 #wt and selex for gender,fleet: 1 5
 0.0109375 0.0211375 0.0570857 0.112055 0.186092 0.277095 0.382157 0.498328 0.622938 0.753719 0.888806 1.0267 1.1662 1.30638 1.44654 1.58616 1.72488 1.86244 1.99867 2.13342 2.26655 2.39787 2.5272 2.65428 2.77887 2.90067 3.01943 3.13488 3.24679 3.35497 3.45928 3.5596 3.65587 3.74807 3.8362 3.92031 4.00046 4.07673 4.14923 4.21806 4.28335 4.34522 4.40381 4.45925 4.51168 4.56122 4.60802 4.65219 4.69387 4.73319 4.77025 4.80518 4.83808 4.86907 4.89825 4.92571 4.95155 4.97586 4.99872 5.02022 5.04044 5.05944 5.07729 5.09407 5.10983 5.12464 5.13855 5.15161 5.16388 5.17539 5.18631 5.19665 5.20636 5.21548 5.22403 5.23206 5.2396 5.24667 5.2533 5.25952 5.26536 5.27083 5.27597 5.28079 5.28531 5.28955 5.29353 5.29726 5.30075 5.30403 5.30711 5.30999 5.3127 5.31524 5.31762 5.31985 5.32194 5.3239 5.32574 5.32746 5.33017
 0 0 0 0 0 0 0 0 0 0 0 0 0 0 0 0 0 0 0 0 0 0 0 0 0 0 0 0 0 0 0 0 0 0 0 0 0 0 0 0 0 0 0 0 0 0 0 0 0 0 0 0 0 0 0 0 0 0 0 0 0 0 0 0 0 0 0 0 0 0 0 0 0 0 0 0 0 0 0 0 0 0 0 0 0 0 0 0 0 0 0 0 0 0 0 0 0 0 0 1 0
 #wt and selex for gender,fleet: 1 6
 0.0114775 0.0288319 0.0786995 0.146234 0.228683 0.32052 0.417356 0.516429 0.616755 0.719005 0.82487 0.936241 1.05454 1.18034 1.31333 1.4524 1.59601 1.74245 1.89008 2.03749 2.18354 2.32733 2.46819 2.60561 2.73919 2.86867 2.99383 3.11454 3.23071 3.34229 3.44928 3.5517 3.64961 3.74307 3.83217 3.91702 3.99773 4.07444 4.14726 4.21634 4.28182 4.34383 4.40253 4.45806 4.51055 4.56014 4.60697 4.65118 4.69288 4.73221 4.76929 4.80423 4.83714 4.86814 4.89732 4.92479 4.95063 4.97494 4.99781 5.01931 5.03953 5.05853 5.07638 5.09316 5.10892 5.12373 5.13764 5.1507 5.16297 5.17448 5.1854 5.19574 5.20545 5.21456 5.22311 5.23114 5.23867 5.24574 5.25237 5.25859 5.26442 5.2699 5.27503 5.27985 5.28437 5.2886 5.29258 5.29631 5.2998 5.30308 5.30616 5.30904 5.31175 5.31428 5.31666 5.31889 5.32098 5.32294 5.32478 5.3265 5.32921
 0 0 0 0 0 0 0 0 0 0 0 0 0 0 0 0 0 0 0 0 0 0 0 0 0 0 0 0 0 0 0 0 0 0 0 0 0 0 0 0 0 0 0 0 0 0 0 0 0 0 0 0 0 0 0 0 0 0 0 0 0 0 0 0 0 0 0 0 0 0 0 0 0 0 0 0 0 0 0 0 0 0 0 0 0 0 0 0 0 0 0 0 0 0 0 0 0 0 0 1 0
 #wt and selex for gender,fleet: 1 7
 0.0114804 0.029048 0.0810258 0.154021 0.245975 0.351167 0.464485 0.582083 0.701346 0.820709 0.939511 1.05785 1.17638 1.29604 1.41777 1.5423 1.67002 1.8009 1.93452 2.07013 2.2068 2.34349 2.47919 2.61299 2.74413 2.87199 2.99612 3.11619 3.23196 3.34331 3.45017 3.55252 3.65039 3.74383 3.83293 3.91778 3.9985 4.07521 4.14804 4.21713 4.28262 4.34465 4.40336 4.45889 4.51138 4.56098 4.60782 4.65203 4.69374 4.73307 4.77015 4.8051 4.83801 4.86901 4.8982 4.92567 4.95151 4.97583 4.99869 5.0202 5.04041 5.05941 5.07727 5.09405 5.10982 5.12463 5.13854 5.1516 5.16386 5.17538 5.1863 5.19664 5.20635 5.21547 5.22403 5.23205 5.23959 5.24666 5.25329 5.25951 5.26535 5.27083 5.27596 5.28078 5.2853 5.28954 5.29352 5.29725 5.30075 5.30403 5.3071 5.30999 5.31269 5.31523 5.31761 5.31984 5.32193 5.32389 5.32573 5.32745 5.33016
 0 0 0 0 0 0 0 0 0 0 0 0 0 0 0 0 0 0 0 0 0 0 0 0 0 0 0 0 0 0 0 0 0 0 0 0 0 0 0 0 0 0 0 0 0 0 0 0 0 0 0 0 0 0 0 0 0 0 0 0 0 0 0 0 0 0 0 0 0 0 0 0 0 0 0 0 0 0 0 0 0 0 0 0 0 0 0 0 0 0 0 0 0 0 0 0 0 0 0 1 0
# M and current age-structure in year Yinit: 2011
 # gender = 1
 0.0588683 0.0588683 0.0588683 0.0588683 0.0588683 0.0588683 0.0588683 0.0588683 0.0588683 0.0588683 0.0588683 0.0588683 0.0588683 0.0588683 0.0588683 0.0588683 0.0588683 0.0588683 0.0588683 0.0588683 0.0588683 0.0588683 0.0588683 0.0588683 0.0588683 0.0588683 0.0588683 0.0588683 0.0588683 0.0588683 0.0588683 0.0588683 0.0588683 0.0588683 0.0588683 0.0588683 0.0588683 0.0588683 0.0588683 0.0588683 0.0588683 0.0588683 0.0588683 0.0588683 0.0588683 0.0588683 0.0588683 0.0588683 0.0588683 0.0588683 0.0588683 0.0588683 0.0588683 0.0588683 0.0588683 0.0588683 0.0588683 0.0588683 0.0588683 0.0588683 0.0588683 0.0588683 0.0588683 0.0588683 0.0588683 0.0588683 0.0588683 0.0588683 0.0588683 0.0588683 0.0588683 0.0588683 0.0588683 0.0588683 0.0588683 0.0588683 0.0588683 0.0588683 0.0588683 0.0588683 0.0588683 0.0588683 0.0588683 0.0588683 0.0588683 0.0588683 0.0588683 0.0588683 0.0588683 0.0588683 0.0588683 0.0588683 0.0588683 0.0588683 0.0588683 0.0588683 0.0588683 0.0588683 0.0588683 0.0588683 0.0588683
 602.056 600.5 524.502 655.56 408.899 302.155 222.345 164.784 337.163 613.066 235.812 167.667 296.522 159.522 89.8934 72.0965 71.0315 144.165 191.977 70.3391 52.9947 56.0725 61.2895 62.4895 62.8604 60.7821 69.7125 83.6905 68.6102 73.5771 51.1197 34.4812 24.5234 19.2152 19.9438 18.6052 17.0792 11.6285 10.9122 13.1204 17.6695 13.3607 9.72355 7.18072 5.48299 4.45186 3.47458 2.85434 2.68133 2.81704 3.08312 3.21779 3.0388 2.67791 2.32482 2.06318 1.91189 1.86272 1.9044 2.02899 2.21663 2.40692 2.48768 2.37629 2.12793 1.85978 1.6335 1.45992 1.33052 1.23247 1.15613 1.09484 1.04428 1.00093 0.960964 0.920851 0.878235 0.832854 0.786164 0.74049 0.697872 0.659507 0.625666 0.596087 0.570012 0.546522 0.524747 0.503923 0.483417 0.462812 0.441864 0.420495 0.398797 0.377029 0.355358 0.333833 0.313079 0.293253 0.274454 0.256748 3.896
# Age-structure at Ydeclare= 2013
 315.313 290.913 535.184 533.798 466.232 582.705 363.423 268.507 197.536 146.35 299.332 544.063 209.19 148.685 262.874 141.385 79.6569 63.8768 62.9258 127.702 170.044 62.3 46.9364 49.6611 54.2805 55.3426 55.6703 53.8292 61.7374 74.1155 60.7599 65.1577 45.2695 30.5348 21.7165 17.0156 17.6607 16.4752 15.1237 10.297 9.66265 11.6178 15.6459 11.8304 8.60978 6.35816 4.85487 3.94184 3.07651 2.52731 2.37411 2.49426 2.72984 2.84907 2.69059 2.37105 2.05842 1.82675 1.6928 1.64927 1.68617 1.79648 1.96262 2.1311 2.2026 2.10398 1.88408 1.64666 1.4463 1.29262 1.17805 1.09123 1.02363 0.96937 0.92461 0.886227 0.850838 0.815322 0.777589 0.737408 0.696069 0.65563 0.617895 0.583927 0.553964 0.527775 0.504688 0.483891 0.464611 0.446173 0.428018 0.409774 0.391226 0.372306 0.353095 0.333821 0.314634 0.295576 0.2772 0.259647 3.91984
# Year for Tmin Age-structure (set to Ydecl by SS)
2013
#  recruitment and biomass
# Number of historical assessment years
129
# Historical data
# year recruitment spawner in B0 in R project in R/S project
1888  1889 1890 1891 1892 1893 1894 1895 1896 1897 1898 1899 1900 1901 1902 1903 1904 1905 1906 1907 1908 1909 1910 1911 1912 1913 1914 1915 1916 1917 1918 1919 1920 1921 1922 1923 1924 1925 1926 1927 1928 1929 1930 1931 1932 1933 1934 1935 1936 1937 1938 1939 1940 1941 1942 1943 1944 1945 1946 1947 1948 1949 1950 1951 1952 1953 1954 1955 1956 1957 1958 1959 1960 1961 1962 1963 1964 1965 1966 1967 1968 1969 1970 1971 1972 1973 1974 1975 1976 1977 1978 1979 1980 1981 1982 1983 1984 1985 1986 1987 1988 1989 1990 1991 1992 1993 1994 1995 1996 1997 1998 1999 2000 2001 2002 2003 2004 2005 2006 2007 2008 2009 2010 2011 2012 2013 2014 2015 2016 #years (with first value representing R0)
476.218 498.542 499.611 500.741 501.936 503.187 504.515 505.924 507.434 509.044 510.759 512.59 514.534 516.616 518.849 521.205 523.725 526.415 529.281 532.34 535.568 538.934 542.421 545.978 549.546 552.994 556.175 558.856 560.813 561.778 560.859 558.196 553.768 547.476 539.464 530.059 519.708 508.948 498.399 488.655 480.249 473.606 468.905 465.912 464.075 462.391 459.622 454.688 447.231 437.818 427.835 418.837 412.118 408.524 408.9 414.53 427.168 448.883 479.975 515.736 540.802 531.556 482.805 417.345 358.51 315.731 289.694 278.839 282.067 297.783 321.145 340.894 337.285 301.533 256.607 226.987 223.956 251.855 297.003 335.222 400.407 491.952 610.019 724.032 479.891 354.435 333.825 431.526 412.234 386.347 324.648 360.697 440.983 568.303 711.603 578.536 617.581 452.433 349.127 321.807 287.256 254.888 212.544 184.361 226.017 572.951 401.453 185.182 176.39 206.703 345.074 603.742 321.444 425.799 1042.86 540.426 248.927 316.605 405.601 517.48 782.196 590.038 636.912 602.056 308.552 315.313 323.814 372.231 425.595  #recruits; first value is R0 (virgin)
2613.83  2613.83 2613.82 2613.79 2613.74 2612.85 2611.99 2611.11 2610.84 2610.74 2610.68 2610.72 2610.9 2611.3 2611.97 2612.98 2614.36 2616.11 2618.26 2620.78 2623.66 2626.65 2630.19 2634.01 2638.13 2642.52 2647.18 2652.1 2657.15 2662.61 2668.03 2669.86 2674.99 2680.66 2686.78 2693.76 2700.94 2707.42 2713.57 2718.51 2722.38 2726.66 2731.98 2736.73 2743.38 2750.17 2756.66 2761.67 2766.05 2767.84 2769.28 2769.2 2769.3 2766.19 2759.17 2750.5 2732.32 2712.04 2681.06 2651.78 2636.62 2618.94 2603.98 2587.07 2566.51 2547.51 2531.52 2512.96 2494.94 2476.74 2456.4 2437.41 2420.47 2405.6 2393.98 2380.47 2369.23 2359.57 2330.13 2313.48 2292.49 2270.08 2229.3 2197.08 2158.15 2112.6 2063.99 2011.67 1959.98 1903.01 1847.14 1767.43 1690.4 1629.64 1555.69 1442.44 1340.11 1282.27 1202.18 1155.89 1102.41 1055.18 996.194 956.47 893.972 839.662 790.816 770.958 753.169 732.948 709.606 713.816 708.879 728.543 746.142 773.492 800.844 828.347 855.472 882.946 909.23 936.341 963.871 993.983 1026.28 1061.03 1098.91 1139.7 1181.88 #spbio; first value is SSB_virgin (virgin)
1 0 0 0 0 0 0 0 0 0 0 0 0 0 0 0 0 0 0 0 0 0 0 0 0 0 0 0 0 0 0 0 0 0 0 0 0 0 0 0 0 0 0 0 0 0 0 0 0 0 0 0 0 0 0 0 0 0 0 0 0 0 0 0 0 0 0 0 0 0 0 0 0 0 0 0 0 0 0 0 0 0 0 0 0 0 0 0 0 0 0 0 0 0 0 0 0 0 0 0 0 0 0 0 0 0 0 0 0 0 0 0 0 0 0 0 0 0 0 0 0 0 0 0 0 0 0 0 0  # in Bzero
0 1 1 1 1 1 1 1 1 1 1 1 1 1 1 1 1 1 1 1 1 1 1 1 1 1 1 1 1 1 1 1 1 1 1 1 1 1 1 1 1 1 1 1 1 1 1 1 1 1 1 1 1 1 1 1 1 1 1 1 1 1 1 1 1 1 1 1 1 1 1 1 1 1 1 1 1 1 1 1 1 1 1 1 1 1 1 1 1 1 1 1 1 1 1 1 1 1 1 1 1 1 1 1 1 1 1 1 1 1 1 1 1 1 1 1 1 1 1 1 1 1 1 1 1 1  0 0 0 # in R project
0 1 1 1 1 1 1 1 1 1 1 1 1 1 1 1 1 1 1 1 1 1 1 1 1 1 1 1 1 1 1 1 1 1 1 1 1 1 1 1 1 1 1 1 1 1 1 1 1 1 1 1 1 1 1 1 1 1 1 1 1 1 1 1 1 1 1 1 1 1 1 1 1 1 1 1 1 1 1 1 1 1 1 1 1 1 1 1 1 1 1 1 1 1 1 1 1 1 1 1 1 1 1 1 1 1 1 1 1 1 1 1 1 1 1 1 1 1 1 1 1 1 1 1 1 1  0 0 0 # in R/S project
# Number of years with pre-specified catches
0
# catches for years with pre-specified catches go next
# Number of future recruitments to override
-2
# Process for overiding (-1 for average otherwise index in data list)
# Which probability to product detailed results for (1=0.5; 2=0.6; etc.)
3
# Steepness sigma-R Auto-correlation
0.718 0.5 0
# Target SPR rate (FMSY Proxy); manually change to SPR_MSY if not using SPR_target
0.5
# Discount rate (for cumulative catch)
0.1
# Truncate the series when 0.4B0 is reached (1=Yes)
0
# Set F to FMSY once 0.4B0 is reached (1=Yes)
0
# Maximum possible F for projection (-1 to set to FMSY)
-1
# Defintion of recovery (1=now only;2=now or before)
2
# Projection type
4
# Definition of the 40-10 rule
10 40
# Calculate coefficients of variation (1=Yes)
0
# Number of replicates to use
10
# Random number seed
-99004
# File with multiple parameter vectors 
rebuild.SSO
# User-specific projection (1=Yes); Output replaced (1->9)
0  5
# Catches and Fs (Year; 1/2/3 (F or C or SPR); value); Final row is -1
2016 1 1
-1 -1 -1
# Fixed catch project (1=Yes); Output replaced (1->9); Approach (-1=Read in else 1-9)
0 2 -1
# Split of Fs
2011  0.000594648
 0
 0.187959
 0.00653047
 0.265532
 0.236883
 0.3025
-1  1 1 1 1 1 1 1 1 1 1 1 1
# Yrs to define T_target for projection type 4 (a.k.a. 5 pre-specified inputs)
2022 2023 2024 2025 2026 
# Year for probability of recovery
2026 2027 2028 2029 2030 2031 2032 2033
# Time varying weight-at-age (1=Yes;0=No)
0
# File with time series of weight-at-age data
none
# Use bisection (0) or linear interpolation (1)
1
# Target Depletion
0.4
# CV of implementation error
0
