#Title, #runnumber: 255 yelloweye_data.ss yelloweye_control.ss 5594.12 2242.29 694.704 StartTime: Thu Jun 15 14:37:11 2017
SSv3_default_rebuild.dat
# Number of sexes
1
# Age range to consider (minimum age; maximum age)
0 100
# Number of fleets
12
# First year of projection (Yinit)
2011
# First Year of rebuilding period (Ydecl)
2013
# Number of simulations
1000
# Maximum number of years
500
# Conduct projections with multiple starting values (0=No;else yes)
0
# Number of parameter vectors
1000
# Is the maximum age a plus-group (1=Yes;2=No)
1
# Generate future recruitments using historical recruitments (1)  historical recruits/spawner (2)  or a stock-recruitment (3)
3
# Constant fishing mortality (1) or constant Catch (2) projections
1
# Fishing mortality based on SPR (1) or actual rate (2)
1
# Pre-specify the year of recovery (or -1) to ignore
-1
# Fecundity-at-age
# 0 1 2 3 4 5 6 7 8 9 10 11 12 13 14 15 16 17 18 19 20 21 22 23 24 25 26 27 28 29 30 31 32 33 34 35 36 37 38 39 40 41 42 43 44 45 46 47 48 49 50 51 52 53 54 55 56 57 58 59 60 61 62 63 64 65 66 67 68 69 70 71 72 73 74 75 76 77 78 79 80 81 82 83 84 85 86 87 88 89 90 91 92 93 94 95 96 97 98 99 100 #runnumber: 255 yelloweye_data.ss yelloweye_control.ss 5594.12 2242.29 694.704
 0 0 7.15991e-008 8.32015e-007 6.82048e-006 4.29378e-005 0.000215958 0.000877665 0.00288869 0.00778257 0.0175471 0.0340331 0.0583422 0.0905341 0.129724 0.174425 0.222934 0.27364 0.325201 0.376603 0.427145 0.476383 0.524064 0.570062 0.614333 0.656881 0.697733 0.736924 0.774497 0.81049 0.844943 0.877893 0.909378 0.939432 0.968095 0.995403 1.02139 1.04611 1.06959 1.09188 1.11302 1.13305 1.15201 1.16996 1.18692 1.20295 1.21809 1.23238 1.24586 1.25856 1.27053 1.28181 1.29243 1.30242 1.31182 1.32066 1.32897 1.33678 1.34412 1.35101 1.35748 1.36356 1.36927 1.37462 1.37964 1.38436 1.38878 1.39292 1.39681 1.40045 1.40387 1.40716 1.41023 1.41312 1.41582 1.41835 1.42073 1.42295 1.42503 1.42698 1.42881 1.43052 1.43212 1.43363 1.43503 1.43635 1.43758 1.43873 1.43981 1.44082 1.44177 1.44266 1.44349 1.44426 1.44499 1.44567 1.44631 1.4469 1.44746 1.44798 1.44879 #female fecundity; weighted by N in year Y_init across morphs and areas
# Age specific selectivity and weight adjusted for discard and discard mortality
 #wt and selex for gender,fleet: 1 1
 0.010738 0.021322 0.0612001 0.12059 0.198936 0.292873 0.398617 0.51281 0.632758 0.756445 0.882504 1.01019 1.13929 1.26995 1.40246 1.53706 1.67376 1.81231 1.95217 2.09261 2.23275 2.37171 2.50865 2.64283 2.77364 2.90061 3.02339 3.14174 3.25551 3.36461 3.46903 3.56878 3.66393 3.75454 3.84074 3.92262 4.00034 4.07402 4.14381 4.20986 4.27232 4.33135 4.38709 4.4397 4.48932 4.53609 4.58017 4.62168 4.66076 4.69753 4.73212 4.76465 4.79522 4.82396 4.85095 4.87631 4.90011 4.92246 4.94344 4.96312 4.98159 4.99891 5.01516 5.0304 5.04469 5.05808 5.07063 5.0824 5.09343 5.10376 5.11353 5.12278 5.13144 5.13956 5.14716 5.15427 5.16094 5.16719 5.17303 5.17851 5.18364 5.18844 5.19293 5.19714 5.20108 5.20477 5.20822 5.21145 5.21448 5.21731 5.21996 5.22244 5.22476 5.22694 5.22897 5.23088 5.23266 5.23433 5.23589 5.23735 5.23962
 0 0 0 0 0 0 0 0 0 0 0 0 0 0 0 0 0 0 0 0 0 0 0 0 0 0 0 0 0 0 0 0 0 0 0 0 0 0 0 0 0 0 0 0 0 0 0 0 0 0 0 0 0 0 0 0 0 0 0 0 0 0 0 0 0 0 0 0 0 0 0 0 0 0 0 0 0 0 0 0 0 0 0 0 0 0 0 0 0 0 0 0 0 0 0 0 0 0 0 1 0
 #wt and selex for gender,fleet: 1 3
 0.0106497 0.0196587 0.0541737 0.106916 0.17734 0.263032 0.36102 0.46849 0.583058 0.702882 0.826749 0.954065 1.0847 1.21873 1.35617 1.49679 1.64005 1.78514 1.93105 2.07674 2.22121 2.36356 2.50304 2.63905 2.77115 2.899 3.02236 3.14109 3.2551 3.36436 3.46887 3.56869 3.66387 3.75451 3.84071 3.92261 4.00033 4.07401 4.1438 4.20986 4.27232 4.33135 4.38709 4.4397 4.48932 4.53609 4.58017 4.62168 4.66076 4.69753 4.73212 4.76465 4.79522 4.82396 4.85095 4.8763 4.90011 4.92246 4.94344 4.96312 4.98159 4.99891 5.01516 5.0304 5.04468 5.05808 5.07063 5.0824 5.09343 5.10376 5.11353 5.12278 5.13144 5.13956 5.14716 5.15427 5.16094 5.16719 5.17303 5.17851 5.18364 5.18844 5.19293 5.19714 5.20108 5.20477 5.20822 5.21145 5.21448 5.21731 5.21996 5.22244 5.22476 5.22694 5.22897 5.23088 5.23266 5.23433 5.23589 5.23735 5.23962
 0 0 0 0 0 0 0 0 0 0 0 0 0 0 0 0 0 0 0 0 0 0 0 0 0 0 0 0 0 0 0 0 0 0 0 0 0 0 0 0 0 0 0 0 0 0 0 0 0 0 0 0 0 0 0 0 0 0 0 0 0 0 0 0 0 0 0 0 0 0 0 0 0 0 0 0 0 0 0 0 0 0 0 0 0 0 0 0 0 0 0 0 0 0 0 0 0 0 0 1 0
 #wt and selex for gender,fleet: 1 4
 0.0105059 0.0168674 0.0398814 0.0793039 0.156376 1.22755 1.26949 1.2917 1.3195 1.35305 1.39273 1.43919 1.49331 1.55606 1.62831 1.71068 1.80338 1.90605 2.01772 2.13687 2.26161 2.38988 2.51972 2.64935 2.77737 2.90269 3.02451 3.14233 3.25581 3.36476 3.4691 3.56881 3.66394 3.75455 3.84074 3.92262 4.00034 4.07402 4.14381 4.20986 4.27232 4.33135 4.38709 4.4397 4.48932 4.53609 4.58017 4.62168 4.66076 4.69753 4.73212 4.76465 4.79522 4.82396 4.85095 4.87631 4.90011 4.92246 4.94344 4.96312 4.98159 4.99891 5.01516 5.0304 5.04469 5.05808 5.07063 5.0824 5.09343 5.10376 5.11353 5.12278 5.13144 5.13956 5.14716 5.15427 5.16094 5.16719 5.17303 5.17851 5.18364 5.18844 5.19293 5.19714 5.20108 5.20477 5.20822 5.21145 5.21448 5.21731 5.21996 5.22244 5.22476 5.22694 5.22897 5.23088 5.23266 5.23433 5.23589 5.23735 5.23962
 0 0 0 0 0 0 0 0 0 0 0 0 0 0 0 0 0 0 0 0 0 0 0 0 0 0 0 0 0 0 0 0 0 0 0 0 0 0 0 0 0 0 0 0 0 0 0 0 0 0 0 0 0 0 0 0 0 0 0 0 0 0 0 0 0 0 0 0 0 0 0 0 0 0 0 0 0 0 0 0 0 0 0 0 0 0 0 0 0 0 0 0 0 0 0 0 0 0 0 1 0
 #wt and selex for gender,fleet: 1 5
 0.0106594 0.0198599 0.0554526 0.11047 0.184847 0.276318 0.381824 0.49831 0.623051 0.75376 0.888581 1.02604 1.16501 1.30464 1.44436 1.58381 1.72273 1.86097 1.99838 2.13477 2.26989 2.40341 2.53497 2.66416 2.79056 2.9138 3.03352 3.14942 3.26127 3.3689 3.47221 3.57113 3.66565 3.75581 3.84167 3.92332 4.00085 4.0744 4.14409 4.21007 4.27248 4.33147 4.38719 4.43977 4.48938 4.53614 4.58021 4.62171 4.66078 4.69755 4.73214 4.76466 4.79524 4.82397 4.85096 4.87631 4.90012 4.92247 4.94344 4.96313 4.98159 4.99892 5.01517 5.0304 5.04469 5.05808 5.07063 5.0824 5.09343 5.10376 5.11354 5.12278 5.13144 5.13956 5.14716 5.15428 5.16094 5.16719 5.17303 5.17851 5.18364 5.18844 5.19293 5.19714 5.20108 5.20477 5.20822 5.21145 5.21448 5.21731 5.21996 5.22244 5.22476 5.22694 5.22897 5.23088 5.23266 5.23433 5.23589 5.23735 5.23962
 0 0 0 0 0 0 0 0 0 0 0 0 0 0 0 0 0 0 0 0 0 0 0 0 0 0 0 0 0 0 0 0 0 0 0 0 0 0 0 0 0 0 0 0 0 0 0 0 0 0 0 0 0 0 0 0 0 0 0 0 0 0 0 0 0 0 0 0 0 0 0 0 0 0 0 0 0 0 0 0 0 0 0 0 0 0 0 0 0 0 0 0 0 0 0 0 0 0 0 1 0
 #wt and selex for gender,fleet: 1 6
 0.0110921 0.0270715 0.0772196 0.144916 0.227228 0.318317 0.413769 0.511148 0.610175 0.712319 0.819801 0.9346 1.05779 1.18933 1.32816 1.47259 1.62067 1.77054 1.92058 2.06952 2.21636 2.36033 2.50087 2.63754 2.77004 2.8981 3.02159 3.14037 3.2544 3.36366 3.46817 3.56797 3.66314 3.75376 3.83995 3.92183 3.99954 4.07321 4.14299 4.20903 4.27149 4.33051 4.38624 4.43884 4.48845 4.53523 4.5793 4.6208 4.65988 4.69664 4.73123 4.76376 4.79433 4.82306 4.85005 4.8754 4.89921 4.92156 4.94253 4.96221 4.98068 4.998 5.01425 5.02948 5.04377 5.05716 5.06972 5.08148 5.09251 5.10284 5.11261 5.12186 5.13051 5.13862 5.14622 5.15334 5.16 5.16624 5.17209 5.17756 5.18269 5.18749 5.19198 5.19619 5.20012 5.20381 5.20726 5.21049 5.21352 5.21635 5.219 5.22148 5.2238 5.22597 5.22801 5.22991 5.23169 5.23336 5.23492 5.23638 5.23865
 0 0 0 0 0 0 0 0 0 0 0 0 0 0 0 0 0 0 0 0 0 0 0 0 0 0 0 0 0 0 0 0 0 0 0 0 0 0 0 0 0 0 0 0 0 0 0 0 0 0 0 0 0 0 0 0 0 0 0 0 0 0 0 0 0 0 0 0 0 0 0 0 0 0 0 0 0 0 0 0 0 0 0 0 0 0 0 0 0 0 0 0 0 0 0 0 0 0 0 1 0
 #wt and selex for gender,fleet: 1 7
 0.0105146 0.0170539 0.0417844 0.500541 0.524679 0.553142 0.589284 0.633556 0.688211 0.756001 0.839178 0.938742 1.05402 1.18276 1.32176 1.46762 1.61735 1.76858 1.91959 2.06914 2.21635 2.36054 2.50121 2.63797 2.77052 2.89864 3.02215 3.14097 3.25504 3.36432 3.46885 3.56867 3.66386 3.7545 3.84071 3.92261 4.00033 4.07401 4.1438 4.20986 4.27232 4.33135 4.38709 4.4397 4.48932 4.53609 4.58017 4.62168 4.66076 4.69753 4.73212 4.76465 4.79522 4.82396 4.85095 4.8763 4.90011 4.92246 4.94344 4.96312 4.98159 4.99891 5.01516 5.0304 5.04468 5.05808 5.07063 5.0824 5.09343 5.10376 5.11353 5.12278 5.13144 5.13956 5.14716 5.15427 5.16094 5.16719 5.17303 5.17851 5.18363 5.18844 5.19293 5.19714 5.20108 5.20477 5.20822 5.21145 5.21448 5.21731 5.21996 5.22244 5.22476 5.22694 5.22897 5.23088 5.23266 5.23433 5.23589 5.23735 5.23962
 0 0 0 0 0 0 0 0 0 0 0 0 0 0 0 0 0 0 0 0 0 0 0 0 0 0 0 0 0 0 0 0 0 0 0 0 0 0 0 0 0 0 0 0 0 0 0 0 0 0 0 0 0 0 0 0 0 0 0 0 0 0 0 0 0 0 0 0 0 0 0 0 0 0 0 0 0 0 0 0 0 0 0 0 0 0 0 0 0 0 0 0 0 0 0 0 0 0 0 1 0
# M and current age-structure in year Yinit: 2011
 # gender = 1
 0.0439034 0.0439034 0.0439034 0.0439034 0.0439034 0.0439034 0.0439034 0.0439034 0.0439034 0.0439034 0.0439034 0.0439034 0.0439034 0.0439034 0.0439034 0.0439034 0.0439034 0.0439034 0.0439034 0.0439034 0.0439034 0.0439034 0.0439034 0.0439034 0.0439034 0.0439034 0.0439034 0.0439034 0.0439034 0.0439034 0.0439034 0.0439034 0.0439034 0.0439034 0.0439034 0.0439034 0.0439034 0.0439034 0.0439034 0.0439034 0.0439034 0.0439034 0.0439034 0.0439034 0.0439034 0.0439034 0.0439034 0.0439034 0.0439034 0.0439034 0.0439034 0.0439034 0.0439034 0.0439034 0.0439034 0.0439034 0.0439034 0.0439034 0.0439034 0.0439034 0.0439034 0.0439034 0.0439034 0.0439034 0.0439034 0.0439034 0.0439034 0.0439034 0.0439034 0.0439034 0.0439034 0.0439034 0.0439034 0.0439034 0.0439034 0.0439034 0.0439034 0.0439034 0.0439034 0.0439034 0.0439034 0.0439034 0.0439034 0.0439034 0.0439034 0.0439034 0.0439034 0.0439034 0.0439034 0.0439034 0.0439034 0.0439034 0.0439034 0.0439034 0.0439034 0.0439034 0.0439034 0.0439034 0.0439034 0.0439034 0.0439034
 229.135 229.517 198.775 254.414 166.653 125.639 95.4905 70.9094 146.979 286.407 104.129 75.7128 146.939 74.1487 43.2308 35.4255 35.6704 75.0068 98.8869 36.3846 27.693 29.2119 31.7127 32.6411 33.3736 32.0399 36.478 44.4632 35.3148 40.8929 27.9344 18.9099 13.5753 10.3627 11.0048 10.3662 9.79664 6.19652 5.72616 6.89933 10.4018 6.99314 5.17213 3.79951 2.89227 2.33938 1.77546 1.43701 1.35588 1.45023 1.62778 1.72372 1.60937 1.39179 1.19485 1.05716 0.981952 0.962008 0.991313 1.06772 1.18384 1.30747 1.36501 1.29563 1.14328 0.988236 0.862942 0.769201 0.700357 0.64853 0.608351 0.576173 0.549713 0.527189 0.506705 0.486571 0.465598 0.443568 0.421025 0.398959 0.378294 0.359618 0.343078 0.328587 0.315808 0.304318 0.293727 0.283707 0.27399 0.264411 0.25487 0.24532 0.235773 0.226303 0.216908 0.207546 0.19846 0.189697 0.181279 0.173227 3.85006
# Age-structure at Ydeclare= 2013
 123.622 114.092 209.873 210.219 182.053 232.989 152.587 114.991 87.3439 64.807 134.211 261.308 94.9375 68.9924 133.842 67.5202 39.3579 32.247 32.4664 68.2641 89.9925 33.1106 25.2002 26.5817 28.8566 29.7005 30.3663 29.152 33.1891 40.4533 32.1291 37.2032 25.4134 17.2029 12.3497 9.42692 10.0109 9.42986 8.91166 5.63669 5.20877 6.27588 9.46175 6.36109 4.70463 3.45605 2.6308 2.12788 1.61493 1.30707 1.23327 1.31908 1.48058 1.56782 1.46381 1.26591 1.08678 0.961541 0.893134 0.874993 0.901647 0.971141 1.07676 1.1892 1.24154 1.17843 1.03986 0.898843 0.784883 0.699622 0.637005 0.589866 0.553321 0.524053 0.499986 0.479499 0.460869 0.442556 0.42348 0.403443 0.382939 0.362869 0.344073 0.327087 0.312044 0.298864 0.287241 0.276791 0.267158 0.258044 0.249206 0.240493 0.231815 0.223129 0.214446 0.205832 0.197288 0.188772 0.180508 0.172537 3.82424
# Year for Tmin Age-structure (set to Ydecl by SS)
2013
#  recruitment and biomass
# Number of historical assessment years
129
# Historical data
# year recruitment spawner in B0 in R project in R/S project
1888  1889 1890 1891 1892 1893 1894 1895 1896 1897 1898 1899 1900 1901 1902 1903 1904 1905 1906 1907 1908 1909 1910 1911 1912 1913 1914 1915 1916 1917 1918 1919 1920 1921 1922 1923 1924 1925 1926 1927 1928 1929 1930 1931 1932 1933 1934 1935 1936 1937 1938 1939 1940 1941 1942 1943 1944 1945 1946 1947 1948 1949 1950 1951 1952 1953 1954 1955 1956 1957 1958 1959 1960 1961 1962 1963 1964 1965 1966 1967 1968 1969 1970 1971 1972 1973 1974 1975 1976 1977 1978 1979 1980 1981 1982 1983 1984 1985 1986 1987 1988 1989 1990 1991 1992 1993 1994 1995 1996 1997 1998 1999 2000 2001 2002 2003 2004 2005 2006 2007 2008 2009 2010 2011 2012 2013 2014 2015 2016 #years (with first value representing R0)
216.591 214.262 214.185 214.107 214.026 213.935 213.842 213.746 213.652 213.557 213.46 213.361 213.256 213.152 213.048 212.932 212.816 212.702 212.592 212.494 212.402 212.311 212.228 212.146 212.064 211.961 211.817 211.596 211.261 210.766 209.885 208.695 207.226 205.439 203.353 201.022 198.52 195.95 193.452 191.172 189.26 187.853 187.021 186.706 186.769 186.921 186.804 186.105 184.723 182.829 180.878 179.398 178.882 179.691 182.241 187.212 195.569 208.656 227.229 249.976 269.39 269.905 245.87 211.732 181.626 160.379 148.015 143.669 147.056 157.97 174.786 191.819 194.755 174.034 146.338 128.663 127.622 146.677 178.467 202.066 240.965 295.197 356.389 470.219 275.178 200.604 189.87 261.365 239.588 219.204 177.034 198.08 234.863 294.584 365.733 268.163 287.8 202.677 154.273 140.767 121.932 106.017 88.2661 76.3615 92.4292 233.549 166.055 74.525 70.1833 81.4507 133.087 251.495 123.663 162.383 426.643 209.245 96.522 124.33 156.512 198.661 290.236 217.018 239.818 229.135 119.212 123.622 128.14 148.041 175.715  #recruits; first value is R0 (virgin)
2242.29  2242.29 2242.28 2242.27 2242.25 2241.38 2240.54 2239.71 2239.51 2239.48 2239.45 2239.43 2239.36 2239.25 2239.08 2238.85 2238.55 2238.15 2237.7 2237.19 2236.6 2235.73 2235.02 2234.26 2233.44 2232.57 2231.66 2230.69 2229.54 2227.98 2226.04 2219.95 2216.98 2214.21 2211.54 2209.4 2207.07 2203.61 2199.42 2193.58 2186.26 2179.09 2172.81 2165.79 2160.78 2156.02 2151.22 2145.29 2139.25 2131.19 2123.62 2115.4 2108.39 2099.06 2086.71 2073.66 2051.55 2028.08 1994.15 1963.13 1947.96 1931.51 1918.65 1904.42 1887.22 1872.65 1861.84 1849.13 1837.39 1825.81 1812.16 1800.15 1790.39 1782.94 1779.21 1774.14 1772.55 1773.56 1755.06 1751.23 1744.1 1736.64 1711.01 1695.08 1672.88 1644.42 1613.18 1578.42 1544.46 1505.04 1466.52 1402.73 1341.2 1293.32 1230.39 1124.66 1027.31 975.915 899.917 858.399 811.496 768.559 713.465 675.576 611.809 553.807 499.088 471.848 444.094 413.241 378.184 370.71 354.007 362.399 369.356 386.224 403.671 421.791 439.986 458.959 477.191 496.448 516.033 537.657 560.472 584.424 610.101 637.523 665.431 #spbio; first value is SSB_virgin (virgin)
1 0 0 0 0 0 0 0 0 0 0 0 0 0 0 0 0 0 0 0 0 0 0 0 0 0 0 0 0 0 0 0 0 0 0 0 0 0 0 0 0 0 0 0 0 0 0 0 0 0 0 0 0 0 0 0 0 0 0 0 0 0 0 0 0 0 0 0 0 0 0 0 0 0 0 0 0 0 0 0 0 0 0 0 0 0 0 0 0 0 0 0 0 0 0 0 0 0 0 0 0 0 0 0 0 0 0 0 0 0 0 0 0 0 0 0 0 0 0 0 0 0 0 0 0 0 0 0 0  # in Bzero
0 1 1 1 1 1 1 1 1 1 1 1 1 1 1 1 1 1 1 1 1 1 1 1 1 1 1 1 1 1 1 1 1 1 1 1 1 1 1 1 1 1 1 1 1 1 1 1 1 1 1 1 1 1 1 1 1 1 1 1 1 1 1 1 1 1 1 1 1 1 1 1 1 1 1 1 1 1 1 1 1 1 1 1 1 1 1 1 1 1 1 1 1 1 1 1 1 1 1 1 1 1 1 1 1 1 1 1 1 1 1 1 1 1 1 1 1 1 1 1 1 1 1 1 1 1  0 0 0 # in R project
0 1 1 1 1 1 1 1 1 1 1 1 1 1 1 1 1 1 1 1 1 1 1 1 1 1 1 1 1 1 1 1 1 1 1 1 1 1 1 1 1 1 1 1 1 1 1 1 1 1 1 1 1 1 1 1 1 1 1 1 1 1 1 1 1 1 1 1 1 1 1 1 1 1 1 1 1 1 1 1 1 1 1 1 1 1 1 1 1 1 1 1 1 1 1 1 1 1 1 1 1 1 1 1 1 1 1 1 1 1 1 1 1 1 1 1 1 1 1 1 1 1 1 1 1 1  0 0 0 # in R/S project
# Number of years with pre-specified catches
0
# catches for years with pre-specified catches go next
# Number of future recruitments to override
-2
# Process for overiding (-1 for average otherwise index in data list)
# Which probability to product detailed results for (1=0.5; 2=0.6; etc.)
3
# Steepness sigma-R Auto-correlation
0.718 0.5 0
# Target SPR rate (FMSY Proxy); manually change to SPR_MSY if not using SPR_target
0.5
# Discount rate (for cumulative catch)
0.1
# Truncate the series when 0.4B0 is reached (1=Yes)
0
# Set F to FMSY once 0.4B0 is reached (1=Yes)
0
# Maximum possible F for projection (-1 to set to FMSY)
-1
# Defintion of recovery (1=now only;2=now or before)
2
# Projection type
4
# Definition of the 40-10 rule
10 40
# Calculate coefficients of variation (1=Yes)
0
# Number of replicates to use
10
# Random number seed
-99004
# File with multiple parameter vectors 
rebuild.SSO
# User-specific projection (1=Yes); Output replaced (1->9)
0  5
# Catches and Fs (Year; 1/2/3 (F or C or SPR); value); Final row is -1
2016 1 1
-1 -1 -1
# Fixed catch project (1=Yes); Output replaced (1->9); Approach (-1=Read in else 1-9)
0 2 -1
# Split of Fs
2011  0.000586356
 0
 0.186228
 0.00761416
 0.27067
 0.254127
 0.280775
-1  1 1 1 1 1 1 1 1 1 1 1 1
# Yrs to define T_target for projection type 4 (a.k.a. 5 pre-specified inputs)
2022 2023 2024 2025 2026 
# Year for probability of recovery
2026 2027 2028 2029 2030 2031 2032 2033
# Time varying weight-at-age (1=Yes;0=No)
0
# File with time series of weight-at-age data
none
# Use bisection (0) or linear interpolation (1)
1
# Target Depletion
0.4
# CV of implementation error
0
