#Title, #runnumber: 282 yelloweye_data.ss yelloweye_control.ss 5727.69 2219.54 656.915 StartTime: Fri Jul 21 14:36:49 2017
SSv3_default_rebuild.dat
# Number of sexes
1
# Age range to consider (minimum age; maximum age)
0 100
# Number of fleets
12
# First year of projection (Yinit)
2011
# First Year of rebuilding period (Ydecl)
2013
# Number of simulations
1000
# Maximum number of years
500
# Conduct projections with multiple starting values (0=No;else yes)
0
# Number of parameter vectors
1000
# Is the maximum age a plus-group (1=Yes;2=No)
1
# Generate future recruitments using historical recruitments (1)  historical recruits/spawner (2)  or a stock-recruitment (3)
3
# Constant fishing mortality (1) or constant Catch (2) projections
1
# Fishing mortality based on SPR (1) or actual rate (2)
1
# Pre-specify the year of recovery (or -1) to ignore
-1
# Fecundity-at-age
# 0 1 2 3 4 5 6 7 8 9 10 11 12 13 14 15 16 17 18 19 20 21 22 23 24 25 26 27 28 29 30 31 32 33 34 35 36 37 38 39 40 41 42 43 44 45 46 47 48 49 50 51 52 53 54 55 56 57 58 59 60 61 62 63 64 65 66 67 68 69 70 71 72 73 74 75 76 77 78 79 80 81 82 83 84 85 86 87 88 89 90 91 92 93 94 95 96 97 98 99 100 #runnumber: 282 yelloweye_data.ss yelloweye_control.ss 5727.69 2219.54 656.915
 0 0 3.94327e-008 4.62358e-007 3.9276e-006 2.59826e-005 0.000138462 0.000598619 0.00209377 0.0059623 0.0141021 0.0284674 0.0504258 0.0803484 0.117594 0.160795 0.208252 0.258278 0.309423 0.360568 0.41093 0.460009 0.507523 0.553341 0.597422 0.639781 0.68046 0.719509 0.756981 0.792923 0.82738 0.860394 0.892 0.922236 0.951136 0.978733 1.00506 1.03016 1.05406 1.07681 1.09843 1.11897 1.13847 1.15696 1.17449 1.1911 1.20681 1.22168 1.23574 1.24903 1.26158 1.27343 1.28461 1.29516 1.3051 1.31448 1.32331 1.33163 1.33947 1.34685 1.35379 1.36033 1.36647 1.37226 1.37769 1.38281 1.38761 1.39213 1.39637 1.40036 1.4041 1.40771 1.4111 1.41428 1.41727 1.42008 1.42271 1.42519 1.42751 1.42969 1.43173 1.43365 1.43545 1.43714 1.43873 1.44022 1.44161 1.44293 1.44415 1.44531 1.44639 1.4474 1.44835 1.44925 1.45008 1.45087 1.45161 1.4523 1.45294 1.45355 1.45451 #female fecundity; weighted by N in year Y_init across morphs and areas
# Age specific selectivity and weight adjusted for discard and discard mortality
 #wt and selex for gender,fleet: 1 1
 0.0122227 0.0331302 0.0828895 0.150405 0.232651 0.324559 0.421999 0.522197 0.623872 0.72723 0.833547 0.944484 1.06144 1.18513 1.31546 1.45156 1.59208 1.73544 1.88007 2.02459 2.16784 2.30893 2.44716 2.58201 2.7131 2.84015 2.96295 3.08137 3.19533 3.30478 3.40971 3.51017 3.60618 3.69783 3.78521 3.86842 3.94757 4.02279 4.09421 4.16195 4.22617 4.287 4.34458 4.39904 4.45054 4.49919 4.54514 4.58851 4.62944 4.66803 4.70442 4.73872 4.77103 4.80146 4.83011 4.85708 4.88246 4.90634 4.9288 4.94992 4.96978 4.98845 5.006 5.02249 5.03799 5.05255 5.06622 5.07906 5.09113 5.10245 5.11319 5.12336 5.13291 5.14188 5.15029 5.15819 5.1656 5.17256 5.17909 5.18521 5.19096 5.19635 5.20141 5.20616 5.21061 5.21479 5.2187 5.22238 5.22583 5.22906 5.23209 5.23493 5.2376 5.2401 5.24245 5.24465 5.24671 5.24865 5.25046 5.25216 5.25484
 0 0 0 0 0 0 0 0 0 0 0 0 0 0 0 0 0 0 0 0 0 0 0 0 0 0 0 0 0 0 0 0 0 0 0 0 0 0 0 0 0 0 0 0 0 0 0 0 0 0 0 0 0 0 0 0 0 0 0 0 0 0 0 0 0 0 0 0 0 0 0 0 0 0 0 0 0 0 0 0 0 0 0 0 0 0 0 0 0 0 0 0 0 0 0 0 0 0 0 1 0
 #wt and selex for gender,fleet: 1 3
 0.0115822 0.0255164 0.0639326 0.118655 0.188454 0.270346 0.361306 0.458886 0.561593 0.669078 0.781881 0.900811 1.02636 1.15839 1.29612 1.43827 1.58339 1.73001 1.87683 2.02272 2.1668 2.30837 2.44687 2.58186 2.71303 2.84011 2.96293 3.08136 3.19532 3.30478 3.40971 3.51017 3.60618 3.69783 3.78521 3.86842 3.94757 4.02279 4.09421 4.16196 4.22617 4.287 4.34458 4.39904 4.45054 4.49919 4.54514 4.58851 4.62944 4.66804 4.70442 4.73872 4.77103 4.80146 4.83011 4.85708 4.88246 4.90634 4.9288 4.94992 4.96979 4.98846 5.006 5.02249 5.03799 5.05255 5.06622 5.07907 5.09113 5.10245 5.11319 5.12336 5.13291 5.14188 5.15029 5.15819 5.16561 5.17256 5.17909 5.18521 5.19096 5.19635 5.20141 5.20616 5.21061 5.21479 5.2187 5.22238 5.22583 5.22906 5.23209 5.23494 5.2376 5.24011 5.24245 5.24465 5.24671 5.24865 5.25046 5.25217 5.25484
 0 0 0 0 0 0 0 0 0 0 0 0 0 0 0 0 0 0 0 0 0 0 0 0 0 0 0 0 0 0 0 0 0 0 0 0 0 0 0 0 0 0 0 0 0 0 0 0 0 0 0 0 0 0 0 0 0 0 0 0 0 0 0 0 0 0 0 0 0 0 0 0 0 0 0 0 0 0 0 0 0 0 0 0 0 0 0 0 0 0 0 0 0 0 0 0 0 0 0 1 0
 #wt and selex for gender,fleet: 1 4
 0.0113962 0.0228817 0.056237 0.106561 0.173595 0.255681 0.350585 0.455995 0.569763 0.690013 0.815177 0.944028 1.07568 1.20957 1.34533 1.4827 1.62139 1.76105 1.90117 2.04115 2.18034 2.31806 2.45364 2.5865 2.71616 2.8422 2.9643 3.08226 3.1959 3.30515 3.40995 3.51032 3.60628 3.6979 3.78525 3.86845 3.94759 4.0228 4.09421 4.16196 4.22618 4.287 4.34458 4.39905 4.45054 4.49919 4.54514 4.58851 4.62944 4.66803 4.70442 4.73872 4.77103 4.80146 4.83011 4.85708 4.88246 4.90634 4.9288 4.94992 4.96978 4.98845 5.006 5.02249 5.03799 5.05255 5.06622 5.07906 5.09113 5.10245 5.11319 5.12336 5.13291 5.14188 5.15029 5.15819 5.1656 5.17256 5.17909 5.18521 5.19096 5.19635 5.20141 5.20616 5.21061 5.21479 5.2187 5.22238 5.22583 5.22906 5.23209 5.23494 5.2376 5.2401 5.24245 5.24465 5.24671 5.24865 5.25046 5.25216 5.25484
 0 0 0 0 0 0 0 0 0 0 0 0 0 0 0 0 0 0 0 0 0 0 0 0 0 0 0 0 0 0 0 0 0 0 0 0 0 0 0 0 0 0 0 0 0 0 0 0 0 0 0 0 0 0 0 0 0 0 0 0 0 0 0 0 0 0 0 0 0 0 0 0 0 0 0 0 0 0 0 0 0 0 0 0 0 0 0 0 0 0 0 0 0 0 0 0 0 0 0 1 0
 #wt and selex for gender,fleet: 1 5
 0.0114703 0.0240154 0.0604145 0.115138 0.188155 0.277558 0.380737 0.494998 0.617855 0.747142 0.881034 1.01803 1.15688 1.29662 1.43644 1.57574 1.71406 1.85106 1.9865 2.12019 2.25194 2.38161 2.509 2.63392 2.75616 2.8755 2.99171 3.10459 3.21396 3.31965 3.42154 3.51954 3.6136 3.7037 3.78986 3.8721 3.95049 4.02512 4.09606 4.16345 4.22737 4.28797 4.34537 4.39969 4.45107 4.49963 4.54551 4.58882 4.6297 4.66826 4.70462 4.73888 4.77117 4.80158 4.83022 4.85718 4.88255 4.90642 4.92887 4.94999 4.96984 4.98851 5.00605 5.02254 5.03803 5.05258 5.06626 5.0791 5.09116 5.10248 5.11322 5.12339 5.13294 5.1419 5.15032 5.15822 5.16563 5.17259 5.17911 5.18524 5.19098 5.19638 5.20143 5.20618 5.21063 5.21481 5.21873 5.2224 5.22585 5.22908 5.23211 5.23496 5.23762 5.24012 5.24247 5.24467 5.24673 5.24867 5.25048 5.25218 5.25486
 0 0 0 0 0 0 0 0 0 0 0 0 0 0 0 0 0 0 0 0 0 0 0 0 0 0 0 0 0 0 0 0 0 0 0 0 0 0 0 0 0 0 0 0 0 0 0 0 0 0 0 0 0 0 0 0 0 0 0 0 0 0 0 0 0 0 0 0 0 0 0 0 0 0 0 0 0 0 0 0 0 0 0 0 0 0 0 0 0 0 0 0 0 0 0 0 0 0 0 1 0
 #wt and selex for gender,fleet: 1 6
 0.0121652 0.0325347 0.0815446 0.148164 0.229536 0.320722 0.417655 0.517574 0.619192 0.722702 0.829359 0.940787 1.05833 1.18264 1.31355 1.45015 1.59107 1.73471 1.87953 2.02415 2.16746 2.30856 2.44678 2.58161 2.71267 2.83969 2.96246 3.08085 3.19477 3.3042 3.40911 3.50954 3.60553 3.69716 3.78452 3.86771 3.94685 4.02205 4.09346 4.16119 4.2254 4.28622 4.34379 4.39824 4.44973 4.49838 4.54432 4.58769 4.6286 4.6672 4.70358 4.73787 4.77018 4.80061 4.82926 4.85622 4.8816 4.90548 4.92794 4.94906 4.96891 4.98758 5.00513 5.02162 5.03711 5.05167 5.06534 5.07818 5.09025 5.10157 5.1123 5.12247 5.13202 5.14098 5.1494 5.15729 5.1647 5.17165 5.17818 5.1843 5.19005 5.19544 5.20049 5.20524 5.20969 5.21386 5.21778 5.22145 5.2249 5.22813 5.23116 5.234 5.23667 5.23917 5.24152 5.24372 5.24578 5.24771 5.24953 5.25123 5.2539
 0 0 0 0 0 0 0 0 0 0 0 0 0 0 0 0 0 0 0 0 0 0 0 0 0 0 0 0 0 0 0 0 0 0 0 0 0 0 0 0 0 0 0 0 0 0 0 0 0 0 0 0 0 0 0 0 0 0 0 0 0 0 0 0 0 0 0 0 0 0 0 0 0 0 0 0 0 0 0 0 0 0 0 0 0 0 0 0 0 0 0 0 0 0 0 0 0 0 0 1 0
 #wt and selex for gender,fleet: 1 7
 0.0112269 0.0203319 0.170218 0.40789 0.418997 0.439095 0.470479 0.51588 0.578036 0.658702 0.757785 0.873184 1.00148 1.13897 1.28242 1.42934 1.57793 1.72685 1.87507 2.02178 2.16632 2.30812 2.44674 2.5818 2.713 2.8401 2.96293 3.08136 3.19532 3.30477 3.40971 3.51017 3.60618 3.69783 3.78521 3.86842 3.94757 4.02279 4.09421 4.16196 4.22617 4.287 4.34458 4.39904 4.45054 4.49919 4.54514 4.58851 4.62944 4.66804 4.70442 4.73872 4.77103 4.80146 4.83011 4.85708 4.88246 4.90634 4.9288 4.94992 4.96978 4.98845 5.006 5.02249 5.03799 5.05255 5.06622 5.07906 5.09113 5.10245 5.11319 5.12336 5.13291 5.14188 5.15029 5.15819 5.16561 5.17256 5.17909 5.18521 5.19096 5.19635 5.20141 5.20616 5.21061 5.21479 5.2187 5.22238 5.22583 5.22906 5.23209 5.23494 5.2376 5.2401 5.24245 5.24465 5.24671 5.24865 5.25046 5.25217 5.25484
 0 0 0 0 0 0 0 0 0 0 0 0 0 0 0 0 0 0 0 0 0 0 0 0 0 0 0 0 0 0 0 0 0 0 0 0 0 0 0 0 0 0 0 0 0 0 0 0 0 0 0 0 0 0 0 0 0 0 0 0 0 0 0 0 0 0 0 0 0 0 0 0 0 0 0 0 0 0 0 0 0 0 0 0 0 0 0 0 0 0 0 0 0 0 0 0 0 0 0 1 0
# M and current age-structure in year Yinit: 2011
 # gender = 1
 0.0439034 0.0439034 0.0439034 0.0439034 0.0439034 0.0439034 0.0439034 0.0439034 0.0439034 0.0439034 0.0439034 0.0439034 0.0439034 0.0439034 0.0439034 0.0439034 0.0439034 0.0439034 0.0439034 0.0439034 0.0439034 0.0439034 0.0439034 0.0439034 0.0439034 0.0439034 0.0439034 0.0439034 0.0439034 0.0439034 0.0439034 0.0439034 0.0439034 0.0439034 0.0439034 0.0439034 0.0439034 0.0439034 0.0439034 0.0439034 0.0439034 0.0439034 0.0439034 0.0439034 0.0439034 0.0439034 0.0439034 0.0439034 0.0439034 0.0439034 0.0439034 0.0439034 0.0439034 0.0439034 0.0439034 0.0439034 0.0439034 0.0439034 0.0439034 0.0439034 0.0439034 0.0439034 0.0439034 0.0439034 0.0439034 0.0439034 0.0439034 0.0439034 0.0439034 0.0439034 0.0439034 0.0439034 0.0439034 0.0439034 0.0439034 0.0439034 0.0439034 0.0439034 0.0439034 0.0439034 0.0439034 0.0439034 0.0439034 0.0439034 0.0439034 0.0439034 0.0439034 0.0439034 0.0439034 0.0439034 0.0439034 0.0439034 0.0439034 0.0439034 0.0439034 0.0439034 0.0439034 0.0439034 0.0439034 0.0439034 0.0439034
 215.581 212.154 194.431 250.147 154.812 118.882 89.4954 66.3131 136.816 275.303 98.3736 70.6357 136.827 70.9043 41.458 34.0547 33.8041 69.9645 93.6769 33.7089 25.6575 27.602 30.9013 32.0677 32.5858 31.1361 36.3721 51.0968 31.7239 48.9284 26.3145 18.1914 14.0281 10.3522 11.1947 10.3002 9.83412 6.0274 5.59513 6.73622 11.0303 6.75262 5.22051 3.80191 2.84313 2.28345 1.73455 1.39793 1.30739 1.38389 1.5382 1.61978 1.51287 1.30993 1.12301 0.989612 0.914333 0.89087 0.913017 0.977495 1.07555 1.17661 1.21946 1.15974 1.03226 0.899716 0.789967 0.706224 0.643805 0.596211 0.558863 0.52856 0.503321 0.481653 0.461994 0.442984 0.423668 0.403875 0.384008 0.364805 0.346929 0.330787 0.316433 0.303767 0.292496 0.28227 0.272779 0.263764 0.255017 0.246408 0.237859 0.229328 0.220821 0.212398 0.204044 0.195715 0.187623 0.179801 0.172266 0.165034 3.81128
# Age-structure at Ydeclare= 2013
 111.863 105.047 197.458 194.315 178.074 229.075 141.731 108.778 81.8244 60.574 124.866 251.073 89.6625 64.3518 124.612 64.5584 37.7406 30.9969 30.7656 63.6705 85.2446 30.6732 23.3461 25.1147 28.1162 29.1771 29.6482 28.3291 33.0929 46.4901 28.8638 44.5173 23.9422 16.5515 12.7635 9.41909 10.1856 9.3718 8.94778 5.48418 5.09089 6.12917 10.0363 6.14414 4.7501 3.45934 2.58696 2.07772 1.57827 1.27199 1.18961 1.25922 1.39963 1.47386 1.37658 1.19193 1.02185 0.900467 0.83197 0.810622 0.830775 0.889445 0.978672 1.07063 1.10962 1.05528 0.939281 0.818678 0.718814 0.642614 0.585818 0.542511 0.508527 0.480954 0.457988 0.438272 0.420384 0.403086 0.38551 0.3675 0.349423 0.331949 0.315683 0.300995 0.287934 0.276409 0.266152 0.256848 0.248212 0.240009 0.23205 0.224216 0.216437 0.208675 0.200934 0.193269 0.185668 0.178088 0.170726 0.163608 3.77495
# Year for Tmin Age-structure (set to Ydecl by SS)
2013
#  recruitment and biomass
# Number of historical assessment years
129
# Historical data
# year recruitment spawner in B0 in R project in R/S project
1888  1889 1890 1891 1892 1893 1894 1895 1896 1897 1898 1899 1900 1901 1902 1903 1904 1905 1906 1907 1908 1909 1910 1911 1912 1913 1914 1915 1916 1917 1918 1919 1920 1921 1922 1923 1924 1925 1926 1927 1928 1929 1930 1931 1932 1933 1934 1935 1936 1937 1938 1939 1940 1941 1942 1943 1944 1945 1946 1947 1948 1949 1950 1951 1952 1953 1954 1955 1956 1957 1958 1959 1960 1961 1962 1963 1964 1965 1966 1967 1968 1969 1970 1971 1972 1973 1974 1975 1976 1977 1978 1979 1980 1981 1982 1983 1984 1985 1986 1987 1988 1989 1990 1991 1992 1993 1994 1995 1996 1997 1998 1999 2000 2001 2002 2003 2004 2005 2006 2007 2008 2009 2010 2011 2012 2013 2014 2015 2016 #years (with first value representing R0)
218.114 209.965 209.701 209.429 209.148 208.852 208.547 208.232 207.914 207.587 207.251 206.906 206.548 206.183 205.812 205.421 205.022 204.618 204.209 203.808 203.406 203.001 202.601 202.202 201.805 201.392 200.948 200.441 199.844 199.121 198.071 196.766 195.238 193.457 191.442 189.246 186.934 184.6 182.368 180.368 178.738 177.603 177.028 176.959 177.26 177.651 177.785 177.356 176.267 174.68 173.038 171.849 171.588 172.598 175.273 180.238 188.341 200.72 217.823 238.122 254.89 255.319 234.651 204.293 176.829 157.303 146.176 142.859 147.185 158.896 176.156 193.106 195.9 175.881 149.195 132.468 132.618 153.389 187.299 215.063 263.495 329.128 384.369 562.535 305.489 224.001 211.568 300.748 272.921 255.747 203.014 235.17 259.7 318.892 502.278 275.718 376.647 228.207 167.366 151.357 130.006 110.51 88.0428 73.7828 88.3455 226.137 157.126 71.2262 67.7951 78.346 127.539 234.572 115.521 153.568 410.42 194.874 90.2892 116.535 148.098 184.546 285.369 212.276 221.676 215.581 109.762 111.863 115.896 135.349 174.84  #recruits; first value is R0 (virgin)
2219.54  2219.54 2219.53 2219.5 2219.44 2218.52 2217.6 2216.68 2216.37 2216.2 2216 2215.76 2215.41 2214.93 2214.28 2213.43 2212.37 2211.07 2209.57 2207.85 2205.93 2203.58 2201.29 2198.81 2196.18 2193.4 2190.48 2187.43 2184.11 2180.82 2177.1 2169.16 2164.31 2159.61 2154.96 2150.8 2146.42 2140.87 2134.54 2126.53 2117.01 2107.62 2099.1 2089.85 2082.59 2075.62 2068.58 2060.45 2052.25 2042.06 2032.41 2022.17 2013.23 2002.03 1987.89 1973.14 1949.51 1924.77 1889.84 1857.62 1841 1822.7 1808.17 1792.56 1774.13 1758.19 1746.2 1732.26 1719.39 1706.7 1691.98 1678.72 1667.64 1658.88 1653.87 1647.66 1644.81 1644.85 1626.16 1621.89 1614.65 1607.29 1582.45 1567.18 1545.97 1518.75 1488.98 1455.89 1423.9 1386.75 1350.83 1290.34 1231.65 1188.2 1130.62 1031.39 943.572 897.27 827.911 790.793 745.45 705.429 654.024 618.924 561.065 509.439 462.419 439.546 416.923 389.405 357.553 352.523 337.747 347.272 355.303 372.09 389.121 406.709 424.206 442.223 459.28 477.19 495.12 514.866 535.51 557.095 580.244 605.069 630.329 #spbio; first value is SSB_virgin (virgin)
1 0 0 0 0 0 0 0 0 0 0 0 0 0 0 0 0 0 0 0 0 0 0 0 0 0 0 0 0 0 0 0 0 0 0 0 0 0 0 0 0 0 0 0 0 0 0 0 0 0 0 0 0 0 0 0 0 0 0 0 0 0 0 0 0 0 0 0 0 0 0 0 0 0 0 0 0 0 0 0 0 0 0 0 0 0 0 0 0 0 0 0 0 0 0 0 0 0 0 0 0 0 0 0 0 0 0 0 0 0 0 0 0 0 0 0 0 0 0 0 0 0 0 0 0 0 0 0 0  # in Bzero
0 1 1 1 1 1 1 1 1 1 1 1 1 1 1 1 1 1 1 1 1 1 1 1 1 1 1 1 1 1 1 1 1 1 1 1 1 1 1 1 1 1 1 1 1 1 1 1 1 1 1 1 1 1 1 1 1 1 1 1 1 1 1 1 1 1 1 1 1 1 1 1 1 1 1 1 1 1 1 1 1 1 1 1 1 1 1 1 1 1 1 1 1 1 1 1 1 1 1 1 1 1 1 1 1 1 1 1 1 1 1 1 1 1 1 1 1 1 1 1 1 1 1 1 1 1  0 0 0 # in R project
0 1 1 1 1 1 1 1 1 1 1 1 1 1 1 1 1 1 1 1 1 1 1 1 1 1 1 1 1 1 1 1 1 1 1 1 1 1 1 1 1 1 1 1 1 1 1 1 1 1 1 1 1 1 1 1 1 1 1 1 1 1 1 1 1 1 1 1 1 1 1 1 1 1 1 1 1 1 1 1 1 1 1 1 1 1 1 1 1 1 1 1 1 1 1 1 1 1 1 1 1 1 1 1 1 1 1 1 1 1 1 1 1 1 1 1 1 1 1 1 1 1 1 1 1 1  0 0 0 # in R/S project
# Number of years with pre-specified catches
0
# catches for years with pre-specified catches go next
# Number of future recruitments to override
-2
# Process for overiding (-1 for average otherwise index in data list)
# Which probability to product detailed results for (1=0.5; 2=0.6; etc.)
3
# Steepness sigma-R Auto-correlation
0.718 0.5 0
# Target SPR rate (FMSY Proxy); manually change to SPR_MSY if not using SPR_target
0.5
# Discount rate (for cumulative catch)
0.1
# Truncate the series when 0.4B0 is reached (1=Yes)
0
# Set F to FMSY once 0.4B0 is reached (1=Yes)
0
# Maximum possible F for projection (-1 to set to FMSY)
-1
# Defintion of recovery (1=now only;2=now or before)
2
# Projection type
4
# Definition of the 40-10 rule
10 40
# Calculate coefficients of variation (1=Yes)
0
# Number of replicates to use
10
# Random number seed
-99004
# File with multiple parameter vectors 
rebuild.SSO
# User-specific projection (1=Yes); Output replaced (1->9)
0  5
# Catches and Fs (Year; 1/2/3 (F or C or SPR); value); Final row is -1
2016 1 1
-1 -1 -1
# Fixed catch project (1=Yes); Output replaced (1->9); Approach (-1=Read in else 1-9)
0 2 -1
# Split of Fs
2011  0.00032736
 0
 0.106394
 0.00778643
 0.32367
 0.29222
 0.269602
-1  1 1 1 1 1 1 1 1 1 1 1 1
# Yrs to define T_target for projection type 4 (a.k.a. 5 pre-specified inputs)
2022 2023 2024 2025 2026 
# Year for probability of recovery
2026 2027 2028 2029 2030 2031 2032 2033
# Time varying weight-at-age (1=Yes;0=No)
0
# File with time series of weight-at-age data
none
# Use bisection (0) or linear interpolation (1)
1
# Target Depletion
0.4
# CV of implementation error
0
