#Title, #runnumber: 272 yelloweye_data.ss yelloweye_control.ss 5704.5 1132.27 320.944 StartTime: Fri Jul 21 13:11:09 2017
SSv3_default_rebuild.dat
# Number of sexes
1
# Age range to consider (minimum age; maximum age)
0 100
# Number of fleets
12
# First year of projection (Yinit)
2011
# First Year of rebuilding period (Ydecl)
2013
# Number of simulations
1000
# Maximum number of years
500
# Conduct projections with multiple starting values (0=No;else yes)
0
# Number of parameter vectors
1000
# Is the maximum age a plus-group (1=Yes;2=No)
1
# Generate future recruitments using historical recruitments (1)  historical recruits/spawner (2)  or a stock-recruitment (3)
3
# Constant fishing mortality (1) or constant Catch (2) projections
1
# Fishing mortality based on SPR (1) or actual rate (2)
1
# Pre-specify the year of recovery (or -1) to ignore
-1
# Fecundity-at-age
# 0 1 2 3 4 5 6 7 8 9 10 11 12 13 14 15 16 17 18 19 20 21 22 23 24 25 26 27 28 29 30 31 32 33 34 35 36 37 38 39 40 41 42 43 44 45 46 47 48 49 50 51 52 53 54 55 56 57 58 59 60 61 62 63 64 65 66 67 68 69 70 71 72 73 74 75 76 77 78 79 80 81 82 83 84 85 86 87 88 89 90 91 92 93 94 95 96 97 98 99 100 #runnumber: 272 yelloweye_data.ss yelloweye_control.ss 5704.5 1132.27 320.944
 0 0 2.99904e-008 3.83313e-007 3.47604e-006 2.42232e-005 0.000134582 0.00060052 0.00214567 0.00618643 0.0147196 0.0297685 0.0527008 0.0838201 0.122382 0.166915 0.215644 0.266836 0.319028 0.371105 0.422299 0.472129 0.520332 0.566786 0.611463 0.654383 0.69559 0.735135 0.77307 0.809443 0.844298 0.877675 0.909612 0.940143 0.969306 0.997134 1.02366 1.04893 1.07298 1.09583 1.11755 1.13816 1.1577 1.17623 1.19377 1.21036 1.22606 1.2409 1.25492 1.26815 1.28064 1.29242 1.30353 1.31399 1.32386 1.33314 1.34189 1.35011 1.35786 1.36514 1.37199 1.37842 1.38448 1.39016 1.3955 1.40052 1.40524 1.40966 1.41382 1.41772 1.42138 1.42491 1.42822 1.43132 1.43423 1.43697 1.43953 1.44193 1.44419 1.4463 1.44829 1.45015 1.45189 1.45353 1.45506 1.4565 1.45784 1.45911 1.46029 1.4614 1.46244 1.46341 1.46433 1.46518 1.46599 1.46674 1.46744 1.4681 1.46872 1.4693 1.47021 #female fecundity; weighted by N in year Y_init across morphs and areas
# Age specific selectivity and weight adjusted for discard and discard mortality
 #wt and selex for gender,fleet: 1 1
 0.0110108 0.022545 0.0616442 0.119778 0.196508 0.288884 0.393456 0.507052 0.627037 0.75135 0.878477 1.00743 1.1377 1.26916 1.40192 1.53612 1.67184 1.80897 1.94716 2.08588 2.22446 2.36213 2.49815 2.6318 2.76249 2.8897 3.01304 3.13222 3.24705 3.35741 3.46323 3.56451 3.66127 3.75358 3.84152 3.92521 4.00474 4.08026 4.1519 4.2198 4.2841 4.34496 4.4025 4.45689 4.50826 4.55676 4.60252 4.64567 4.68635 4.72468 4.76079 4.79479 4.82679 4.8569 4.88523 4.91187 4.93692 4.96047 4.98259 5.00338 5.02292 5.04126 5.05849 5.07466 5.08985 5.1041 5.11748 5.13004 5.14182 5.15287 5.16334 5.17325 5.18255 5.19128 5.19946 5.20713 5.21432 5.22107 5.22739 5.23332 5.23888 5.24409 5.24897 5.25355 5.25784 5.26187 5.26564 5.26917 5.27248 5.27559 5.2785 5.28122 5.28378 5.28617 5.28841 5.29051 5.29248 5.29433 5.29606 5.29768 5.30021
 0 0 0 0 0 0 0 0 0 0 0 0 0 0 0 0 0 0 0 0 0 0 0 0 0 0 0 0 0 0 0 0 0 0 0 0 0 0 0 0 0 0 0 0 0 0 0 0 0 0 0 0 0 0 0 0 0 0 0 0 0 0 0 0 0 0 0 0 0 0 0 0 0 0 0 0 0 0 0 0 0 0 0 0 0 0 0 0 0 0 0 0 0 0 0 0 0 0 0 1 0
 #wt and selex for gender,fleet: 1 3
 0.0109224 0.0210415 0.0558111 0.10837 0.178234 0.263132 0.360248 0.466884 0.580717 0.699913 0.823196 0.949872 1.07971 1.21272 1.34893 1.48818 1.63004 1.7738 1.91858 2.06341 2.20732 2.34941 2.48895 2.62529 2.75797 2.88661 3.01096 3.13084 3.24614 3.35681 3.46284 3.56425 3.6611 3.75347 3.84145 3.92516 4.00471 4.08024 4.15189 4.21979 4.2841 4.34495 4.4025 4.45689 4.50826 4.55676 4.60252 4.64567 4.68635 4.72468 4.76079 4.79479 4.82679 4.8569 4.88523 4.91187 4.93692 4.96047 4.98259 5.00338 5.02292 5.04126 5.05849 5.07466 5.08985 5.1041 5.11748 5.13004 5.14182 5.15287 5.16334 5.17326 5.18256 5.19128 5.19946 5.20713 5.21432 5.22107 5.22739 5.23332 5.23888 5.24409 5.24898 5.25355 5.25785 5.26187 5.26564 5.26917 5.27248 5.27559 5.2785 5.28122 5.28378 5.28617 5.28841 5.29052 5.29249 5.29433 5.29606 5.29768 5.30021
 0 0 0 0 0 0 0 0 0 0 0 0 0 0 0 0 0 0 0 0 0 0 0 0 0 0 0 0 0 0 0 0 0 0 0 0 0 0 0 0 0 0 0 0 0 0 0 0 0 0 0 0 0 0 0 0 0 0 0 0 0 0 0 0 0 0 0 0 0 0 0 0 0 0 0 0 0 0 0 0 0 0 0 0 0 0 0 0 0 0 0 0 0 0 0 0 0 0 0 1 0
 #wt and selex for gender,fleet: 1 4
 0.010845 0.0197074 0.0504801 0.0989733 0.16532 0.248278 0.345826 0.455678 0.575573 0.703426 0.837384 0.975835 1.1174 1.26091 1.40541 1.55008 1.69429 1.83754 1.97941 2.11954 2.25765 2.39343 2.52662 2.65695 2.78415 2.90798 3.0282 3.14462 3.25708 3.36543 3.46961 3.56955 3.66525 3.75671 3.84399 3.92714 4.00627 4.08147 4.15286 4.22056 4.28471 4.34545 4.4029 4.45721 4.50853 4.55698 4.6027 4.64582 4.68648 4.72479 4.76088 4.79487 4.82686 4.85696 4.88528 4.91192 4.93696 4.9605 4.98262 5.00341 5.02294 5.04128 5.05851 5.07468 5.08987 5.10412 5.1175 5.13005 5.14183 5.15288 5.16335 5.17327 5.18257 5.19129 5.19947 5.20714 5.21433 5.22108 5.2274 5.23333 5.23889 5.2441 5.24898 5.25356 5.25785 5.26188 5.26565 5.26918 5.27249 5.2756 5.2785 5.28123 5.28378 5.28618 5.28842 5.29052 5.29249 5.29434 5.29607 5.29769 5.30022
 0 0 0 0 0 0 0 0 0 0 0 0 0 0 0 0 0 0 0 0 0 0 0 0 0 0 0 0 0 0 0 0 0 0 0 0 0 0 0 0 0 0 0 0 0 0 0 0 0 0 0 0 0 0 0 0 0 0 0 0 0 0 0 0 0 0 0 0 0 0 0 0 0 0 0 0 0 0 0 0 0 0 0 0 0 0 0 0 0 0 0 0 0 0 0 0 0 0 0 1 0
 #wt and selex for gender,fleet: 1 5
 0.0109358 0.0212955 0.0572425 0.112249 0.186323 0.277355 0.382453 0.498681 0.62338 0.754284 0.889524 1.02759 1.1673 1.30771 1.44815 1.58813 1.7273 1.86545 2.00241 2.138 2.27207 2.40438 2.53468 2.66269 2.78807 2.91052 3.02974 3.14545 3.25742 3.36546 3.46944 3.56928 3.66493 3.75638 3.84366 3.92684 4.006 4.08123 4.15265 4.22038 4.28456 4.34531 4.40279 4.45712 4.50844 4.5569 4.60264 4.64577 4.68643 4.72475 4.76085 4.79484 4.82683 4.85694 4.88526 4.9119 4.93694 4.96049 4.98261 5.0034 5.02293 5.04127 5.0585 5.07468 5.08986 5.10411 5.11749 5.13005 5.14183 5.15288 5.16335 5.17326 5.18256 5.19128 5.19946 5.20713 5.21433 5.22107 5.2274 5.23333 5.23888 5.2441 5.24898 5.25356 5.25785 5.26187 5.26564 5.26918 5.27249 5.27559 5.2785 5.28123 5.28378 5.28618 5.28842 5.29052 5.29249 5.29434 5.29606 5.29768 5.30022
 0 0 0 0 0 0 0 0 0 0 0 0 0 0 0 0 0 0 0 0 0 0 0 0 0 0 0 0 0 0 0 0 0 0 0 0 0 0 0 0 0 0 0 0 0 0 0 0 0 0 0 0 0 0 0 0 0 0 0 0 0 0 0 0 0 0 0 0 0 0 0 0 0 0 0 0 0 0 0 0 0 0 0 0 0 0 0 0 0 0 0 0 0 0 0 0 0 0 0 1 0
 #wt and selex for gender,fleet: 1 6
 0.0115035 0.0295402 0.0798382 0.147623 0.229803 0.320753 0.416166 0.51355 0.612418 0.713991 0.820334 0.933418 1.05445 1.18361 1.32009 1.4624 1.60873 1.75725 1.90637 2.05475 2.20135 2.34537 2.4862 2.6234 2.7566 2.88555 3.01008 3.13006 3.2454 3.35609 3.46211 3.56352 3.66036 3.75271 3.84068 3.92437 4.00391 4.07942 4.15106 4.21895 4.28325 4.34409 4.40163 4.45601 4.50738 4.55587 4.60162 4.64477 4.68544 4.72377 4.75988 4.79387 4.82587 4.85598 4.8843 4.91094 4.93599 4.95953 4.98166 5.00244 5.02197 5.04032 5.05754 5.07372 5.0889 5.10316 5.11653 5.12909 5.14087 5.15192 5.16239 5.1723 5.18159 5.19031 5.19849 5.20616 5.21335 5.22009 5.22641 5.23234 5.2379 5.2431 5.24799 5.25256 5.25685 5.26088 5.26464 5.26818 5.27149 5.27459 5.2775 5.28022 5.28278 5.28517 5.28741 5.28951 5.29148 5.29332 5.29505 5.29667 5.29921
 0 0 0 0 0 0 0 0 0 0 0 0 0 0 0 0 0 0 0 0 0 0 0 0 0 0 0 0 0 0 0 0 0 0 0 0 0 0 0 0 0 0 0 0 0 0 0 0 0 0 0 0 0 0 0 0 0 0 0 0 0 0 0 0 0 0 0 0 0 0 0 0 0 0 0 0 0 0 0 0 0 0 0 0 0 0 0 0 0 0 0 0 0 0 0 0 0 0 0 1 0
 #wt and selex for gender,fleet: 1 7
 0.0107507 0.0180432 0.0434322 0.500928 0.525907 0.5552 0.591512 0.63543 0.68928 0.755824 0.837332 0.934883 1.04796 1.17453 1.31155 1.45576 1.60418 1.75446 1.90484 2.05405 2.20115 2.34547 2.48649 2.62379 2.75706 2.88607 3.01064 3.13066 3.24603 3.35675 3.4628 3.56423 3.66109 3.75346 3.84145 3.92516 4.00471 4.08024 4.15189 4.21979 4.2841 4.34495 4.4025 4.45689 4.50826 4.55676 4.60252 4.64567 4.68635 4.72468 4.76079 4.79479 4.82679 4.8569 4.88523 4.91187 4.93692 4.96047 4.98259 5.00338 5.02292 5.04126 5.05849 5.07466 5.08985 5.1041 5.11748 5.13004 5.14182 5.15287 5.16334 5.17325 5.18255 5.19128 5.19946 5.20713 5.21432 5.22107 5.22739 5.23332 5.23888 5.24409 5.24898 5.25355 5.25785 5.26187 5.26564 5.26917 5.27248 5.27559 5.2785 5.28122 5.28378 5.28617 5.28841 5.29052 5.29249 5.29433 5.29606 5.29768 5.30021
 0 0 0 0 0 0 0 0 0 0 0 0 0 0 0 0 0 0 0 0 0 0 0 0 0 0 0 0 0 0 0 0 0 0 0 0 0 0 0 0 0 0 0 0 0 0 0 0 0 0 0 0 0 0 0 0 0 0 0 0 0 0 0 0 0 0 0 0 0 0 0 0 0 0 0 0 0 0 0 0 0 0 0 0 0 0 0 0 0 0 0 0 0 0 0 0 0 0 0 1 0
# M and current age-structure in year Yinit: 2011
 # gender = 1
 0.0439034 0.0439034 0.0439034 0.0439034 0.0439034 0.0439034 0.0439034 0.0439034 0.0439034 0.0439034 0.0439034 0.0439034 0.0439034 0.0439034 0.0439034 0.0439034 0.0439034 0.0439034 0.0439034 0.0439034 0.0439034 0.0439034 0.0439034 0.0439034 0.0439034 0.0439034 0.0439034 0.0439034 0.0439034 0.0439034 0.0439034 0.0439034 0.0439034 0.0439034 0.0439034 0.0439034 0.0439034 0.0439034 0.0439034 0.0439034 0.0439034 0.0439034 0.0439034 0.0439034 0.0439034 0.0439034 0.0439034 0.0439034 0.0439034 0.0439034 0.0439034 0.0439034 0.0439034 0.0439034 0.0439034 0.0439034 0.0439034 0.0439034 0.0439034 0.0439034 0.0439034 0.0439034 0.0439034 0.0439034 0.0439034 0.0439034 0.0439034 0.0439034 0.0439034 0.0439034 0.0439034 0.0439034 0.0439034 0.0439034 0.0439034 0.0439034 0.0439034 0.0439034 0.0439034 0.0439034 0.0439034 0.0439034 0.0439034 0.0439034 0.0439034 0.0439034 0.0439034 0.0439034 0.0439034 0.0439034 0.0439034 0.0439034 0.0439034 0.0439034 0.0439034 0.0439034 0.0439034 0.0439034 0.0439034 0.0439034 0.0439034
 113.435 115.507 102.732 132.585 83.1633 62.622 46.6946 34.5587 71.6418 140.796 50.1429 36.093 70.3822 35.588 20.6494 16.8033 16.7747 34.5209 45.2422 16.9998 12.899 13.678 15.0467 15.4691 15.6224 14.9655 17.1668 21.1727 16.0084 19.0877 12.6553 8.32765 6.12778 4.64711 4.90851 4.57051 4.30882 2.75226 2.56018 3.07364 4.65658 3.20215 2.36687 1.73685 1.31712 1.06488 0.813499 0.660056 0.621368 0.661207 0.738058 0.781327 0.734286 0.638583 0.549045 0.485177 0.449646 0.439502 0.451909 0.485582 0.536694 0.590518 0.615455 0.586318 0.520729 0.452525 0.396483 0.35406 0.322651 0.298854 0.280305 0.265374 0.253038 0.242499 0.232912 0.223535 0.213858 0.203802 0.193608 0.183693 0.174433 0.16606 0.158614 0.152051 0.146219 0.140938 0.136044 0.1314 0.126893 0.122452 0.118035 0.11362 0.109208 0.104835 0.100495 0.0961691 0.0919715 0.0879205 0.0840273 0.0803014 1.78628
# Age-structure at Ydeclare= 2013
 59.0518 55.0931 103.898 105.794 94.0898 121.419 76.1433 57.3135 42.7093 31.5823 65.4103 128.435 45.7066 32.8803 64.0891 32.3954 18.7926 15.2896 15.2617 31.4044 41.155 15.4632 11.7327 12.4408 13.6853 14.0692 14.2082 13.6104 15.6118 19.2542 14.5574 17.3569 11.5074 7.57199 5.57156 4.22518 4.46273 4.15533 3.91732 2.50214 2.32747 2.7942 4.23314 2.91091 2.15156 1.57883 1.19727 0.967961 0.739453 0.599971 0.564798 0.601006 0.670855 0.710181 0.667419 0.580429 0.499043 0.440991 0.408695 0.399473 0.41075 0.441356 0.487812 0.536733 0.559398 0.532914 0.473299 0.411307 0.360369 0.32181 0.293262 0.271632 0.254773 0.241201 0.229989 0.22041 0.211696 0.203173 0.194377 0.185238 0.175972 0.16696 0.158544 0.150933 0.144166 0.1382 0.1329 0.1281 0.123652 0.119431 0.115334 0.111299 0.107284 0.10327 0.0992609 0.0952855 0.0913413 0.0874095 0.0835942 0.0799122 1.77294
# Year for Tmin Age-structure (set to Ydecl by SS)
2013
#  recruitment and biomass
# Number of historical assessment years
129
# Historical data
# year recruitment spawner in B0 in R project in R/S project
1888  1889 1890 1891 1892 1893 1894 1895 1896 1897 1898 1899 1900 1901 1902 1903 1904 1905 1906 1907 1908 1909 1910 1911 1912 1913 1914 1915 1916 1917 1918 1919 1920 1921 1922 1923 1924 1925 1926 1927 1928 1929 1930 1931 1932 1933 1934 1935 1936 1937 1938 1939 1940 1941 1942 1943 1944 1945 1946 1947 1948 1949 1950 1951 1952 1953 1954 1955 1956 1957 1958 1959 1960 1961 1962 1963 1964 1965 1966 1967 1968 1969 1970 1971 1972 1973 1974 1975 1976 1977 1978 1979 1980 1981 1982 1983 1984 1985 1986 1987 1988 1989 1990 1991 1992 1993 1994 1995 1996 1997 1998 1999 2000 2001 2002 2003 2004 2005 2006 2007 2008 2009 2010 2011 2012 2013 2014 2015 2016 #years (with first value representing R0)
109.25 107.859 107.814 107.768 107.72 107.667 107.613 107.556 107.501 107.445 107.388 107.329 107.267 107.204 107.141 107.072 107.002 106.933 106.865 106.802 106.742 106.682 106.624 106.567 106.509 106.439 106.346 106.213 106.02 105.747 105.279 104.655 103.889 102.966 101.895 100.706 99.4376 98.1429 96.8928 95.7617 94.8259 94.1561 93.7891 93.6966 93.806 93.9648 93.9826 93.6895 93.0271 92.0814 91.0883 90.3236 90.0427 90.4302 91.6948 94.1689 98.3115 104.746 113.752 124.544 133.414 133.219 121.574 105.075 90.3871 79.9573 73.8902 71.8011 73.5438 78.943 87.0096 94.6936 95.2169 84.8303 71.5027 63.0343 62.5873 71.7857 87.0199 99.1055 119.582 148.11 180.876 235.764 138.511 101.978 96.2479 131.439 120.885 111.942 90.9157 102.356 118.245 152.189 193.903 137.268 153.545 105.752 78.8974 71.1406 61.4881 52.7902 42.8559 36.5121 43.979 108.163 77.0349 35.2211 33.3928 38.9784 63.9501 120.552 58.9796 78.219 209.773 102.002 47.0441 60.799 78.0115 99.1369 151.255 112.161 120.691 113.435 57.5657 59.0518 60.9381 70.673 86.416  #recruits; first value is R0 (virgin)
1132.27  1132.27 1132.27 1132.25 1132.23 1131.76 1131.3 1130.84 1130.68 1130.6 1130.51 1130.42 1130.29 1130.14 1129.93 1129.69 1129.4 1129.05 1128.65 1128.22 1127.73 1127.09 1126.52 1125.91 1125.26 1124.58 1123.87 1123.12 1122.27 1121.47 1120.48 1117.4 1115.9 1114.49 1113.13 1112.04 1110.86 1109.11 1106.98 1104.03 1100.34 1096.73 1093.56 1090.02 1087.48 1085.08 1082.65 1079.66 1076.61 1072.55 1068.73 1064.58 1061.04 1056.33 1050.11 1043.54 1032.46 1020.73 1003.8 988.269 980.631 972.11 965.468 958.239 949.529 942.035 936.484 929.903 923.837 917.826 910.775 904.457 899.255 895.22 893.071 890.262 889.094 889.3 879.862 877.672 873.847 869.828 856.789 848.512 837.094 822.514 806.536 788.763 771.352 751.157 731.341 698.85 667.086 642.81 611.052 558.082 509.668 483.591 445.391 424.078 398.701 375.862 346.447 326.389 294.141 264.863 237.117 223 208.858 192.898 174.816 170.45 161.426 164.992 167.835 175.619 183.672 192.057 200.484 209.297 217.728 226.664 235.74 245.822 256.499 267.781 279.989 293.157 306.664 #spbio; first value is SSB_virgin (virgin)
1 0 0 0 0 0 0 0 0 0 0 0 0 0 0 0 0 0 0 0 0 0 0 0 0 0 0 0 0 0 0 0 0 0 0 0 0 0 0 0 0 0 0 0 0 0 0 0 0 0 0 0 0 0 0 0 0 0 0 0 0 0 0 0 0 0 0 0 0 0 0 0 0 0 0 0 0 0 0 0 0 0 0 0 0 0 0 0 0 0 0 0 0 0 0 0 0 0 0 0 0 0 0 0 0 0 0 0 0 0 0 0 0 0 0 0 0 0 0 0 0 0 0 0 0 0 0 0 0  # in Bzero
0 1 1 1 1 1 1 1 1 1 1 1 1 1 1 1 1 1 1 1 1 1 1 1 1 1 1 1 1 1 1 1 1 1 1 1 1 1 1 1 1 1 1 1 1 1 1 1 1 1 1 1 1 1 1 1 1 1 1 1 1 1 1 1 1 1 1 1 1 1 1 1 1 1 1 1 1 1 1 1 1 1 1 1 1 1 1 1 1 1 1 1 1 1 1 1 1 1 1 1 1 1 1 1 1 1 1 1 1 1 1 1 1 1 1 1 1 1 1 1 1 1 1 1 1 1  0 0 0 # in R project
0 1 1 1 1 1 1 1 1 1 1 1 1 1 1 1 1 1 1 1 1 1 1 1 1 1 1 1 1 1 1 1 1 1 1 1 1 1 1 1 1 1 1 1 1 1 1 1 1 1 1 1 1 1 1 1 1 1 1 1 1 1 1 1 1 1 1 1 1 1 1 1 1 1 1 1 1 1 1 1 1 1 1 1 1 1 1 1 1 1 1 1 1 1 1 1 1 1 1 1 1 1 1 1 1 1 1 1 1 1 1 1 1 1 1 1 1 1 1 1 1 1 1 1 1 1  0 0 0 # in R/S project
# Number of years with pre-specified catches
0
# catches for years with pre-specified catches go next
# Number of future recruitments to override
-2
# Process for overiding (-1 for average otherwise index in data list)
# Which probability to product detailed results for (1=0.5; 2=0.6; etc.)
3
# Steepness sigma-R Auto-correlation
0.718 0.5 0
# Target SPR rate (FMSY Proxy); manually change to SPR_MSY if not using SPR_target
0.5
# Discount rate (for cumulative catch)
0.1
# Truncate the series when 0.4B0 is reached (1=Yes)
0
# Set F to FMSY once 0.4B0 is reached (1=Yes)
0
# Maximum possible F for projection (-1 to set to FMSY)
-1
# Defintion of recovery (1=now only;2=now or before)
2
# Projection type
4
# Definition of the 40-10 rule
10 40
# Calculate coefficients of variation (1=Yes)
0
# Number of replicates to use
10
# Random number seed
-99004
# File with multiple parameter vectors 
rebuild.SSO
# User-specific projection (1=Yes); Output replaced (1->9)
0  5
# Catches and Fs (Year; 1/2/3 (F or C or SPR); value); Final row is -1
2016 1 1
-1 -1 -1
# Fixed catch project (1=Yes); Output replaced (1->9); Approach (-1=Read in else 1-9)
0 2 -1
# Split of Fs
2011  0.000559953
 0
 0.176432
 0.00737826
 0.281609
 0.257767
 0.276253
-1  1 1 1 1 1 1 1 1 1 1 1 1
# Yrs to define T_target for projection type 4 (a.k.a. 5 pre-specified inputs)
2022 2023 2024 2025 2026 
# Year for probability of recovery
2026 2027 2028 2029 2030 2031 2032 2033
# Time varying weight-at-age (1=Yes;0=No)
0
# File with time series of weight-at-age data
none
# Use bisection (0) or linear interpolation (1)
1
# Target Depletion
0.4
# CV of implementation error
0
