#Title, #runnumber: 255 yelloweye_data.ss yelloweye_control.ss 5520.84 2246.71 632.524 StartTime: Thu Jun 15 15:25:43 2017
SSv3_default_rebuild.dat
# Number of sexes
1
# Age range to consider (minimum age; maximum age)
0 100
# Number of fleets
12
# First year of projection (Yinit)
2011
# First Year of rebuilding period (Ydecl)
2013
# Number of simulations
1000
# Maximum number of years
500
# Conduct projections with multiple starting values (0=No;else yes)
0
# Number of parameter vectors
1000
# Is the maximum age a plus-group (1=Yes;2=No)
1
# Generate future recruitments using historical recruitments (1)  historical recruits/spawner (2)  or a stock-recruitment (3)
3
# Constant fishing mortality (1) or constant Catch (2) projections
1
# Fishing mortality based on SPR (1) or actual rate (2)
1
# Pre-specify the year of recovery (or -1) to ignore
-1
# Fecundity-at-age
# 0 1 2 3 4 5 6 7 8 9 10 11 12 13 14 15 16 17 18 19 20 21 22 23 24 25 26 27 28 29 30 31 32 33 34 35 36 37 38 39 40 41 42 43 44 45 46 47 48 49 50 51 52 53 54 55 56 57 58 59 60 61 62 63 64 65 66 67 68 69 70 71 72 73 74 75 76 77 78 79 80 81 82 83 84 85 86 87 88 89 90 91 92 93 94 95 96 97 98 99 100 #runnumber: 255 yelloweye_data.ss yelloweye_control.ss 5520.84 2246.71 632.524
 0 0 8.37413e-008 9.26978e-007 7.34246e-006 4.50443e-005 0.000221974 0.000887397 0.00288363 0.00769802 0.0172536 0.0333516 0.0570912 0.0885827 0.127025 0.171016 0.218923 0.269173 0.320436 0.371693 0.422225 0.471567 0.519445 0.565718 0.61033 0.653275 0.694571 0.734252 0.772353 0.80891 0.84396 0.877536 0.909672 0.9404 0.969754 0.997769 1.02448 1.04992 1.07413 1.09715 1.11902 1.13978 1.15947 1.17813 1.1958 1.21253 1.22835 1.24331 1.25743 1.27078 1.28337 1.29525 1.30645 1.31701 1.32695 1.33632 1.34515 1.35345 1.36127 1.36862 1.37553 1.38203 1.38814 1.39389 1.39928 1.40435 1.40912 1.41359 1.41779 1.42173 1.42543 1.429 1.43235 1.43549 1.43843 1.4412 1.44379 1.44622 1.44851 1.45065 1.45266 1.45454 1.4563 1.45796 1.45951 1.46097 1.46233 1.46361 1.46481 1.46594 1.46699 1.46798 1.46891 1.46978 1.47059 1.47135 1.47207 1.47274 1.47337 1.47396 1.47488 #female fecundity; weighted by N in year Y_init across morphs and areas
# Age specific selectivity and weight adjusted for discard and discard mortality
 #wt and selex for gender,fleet: 1 1
 0.0110714 0.0226855 0.0619142 0.120235 0.197158 0.289724 0.394477 0.508252 0.628421 0.752933 0.880277 1.00946 1.13995 1.2716 1.40448 1.53873 1.67442 1.81145 1.94951 2.08811 2.22658 2.3642 2.50022 2.63395 2.76477 2.89216 3.01574 3.13519 3.25031 3.36098 3.46713 3.56874 3.66585 3.7585 3.8468 3.93083 4.01071 4.08657 4.15855 4.22678 4.29141 4.35258 4.41044 4.46513 4.51679 4.56558 4.61161 4.65504 4.69598 4.73457 4.77092 4.80515 4.83738 4.86771 4.89625 4.92309 4.94833 4.97206 4.99437 5.01533 5.03502 5.05352 5.0709 5.08722 5.10254 5.11692 5.13042 5.1431 5.15499 5.16615 5.17672 5.18674 5.19613 5.20494 5.21321 5.22096 5.22823 5.23505 5.24145 5.24744 5.25306 5.25833 5.26327 5.26791 5.27225 5.27632 5.28014 5.28371 5.28707 5.29021 5.29316 5.29592 5.2985 5.30093 5.3032 5.30533 5.30733 5.3092 5.31095 5.3126 5.31517
 0 0 0 0 0 0 0 0 0 0 0 0 0 0 0 0 0 0 0 0 0 0 0 0 0 0 0 0 0 0 0 0 0 0 0 0 0 0 0 0 0 0 0 0 0 0 0 0 0 0 0 0 0 0 0 0 0 0 0 0 0 0 0 0 0 0 0 0 0 0 0 0 0 0 0 0 0 0 0 0 0 0 0 0 0 0 0 0 0 0 0 0 0 0 0 0 0 0 0 1 0
 #wt and selex for gender,fleet: 1 3
 0.0109808 0.0212129 0.0562113 0.10904 0.179154 0.264242 0.361464 0.468119 0.581897 0.700984 0.824134 0.950674 1.08039 1.21331 1.34945 1.48867 1.63053 1.77434 1.91921 2.06417 2.20825 2.35056 2.49033 2.62694 2.7599 2.88884 3.0135 3.1337 3.24933 3.36034 3.46671 3.56847 3.66567 3.75839 3.84672 3.93078 4.01068 4.08655 4.15853 4.22677 4.2914 4.35257 4.41043 4.46513 4.51679 4.56558 4.61161 4.65504 4.69598 4.73457 4.77092 4.80515 4.83738 4.86771 4.89625 4.92309 4.94833 4.97206 4.99437 5.01533 5.03502 5.05352 5.0709 5.08722 5.10254 5.11692 5.13042 5.1431 5.15499 5.16615 5.17672 5.18674 5.19613 5.20494 5.21321 5.22096 5.22823 5.23505 5.24145 5.24744 5.25306 5.25833 5.26327 5.26791 5.27225 5.27632 5.28014 5.28371 5.28707 5.29021 5.29316 5.29592 5.2985 5.30093 5.3032 5.30533 5.30733 5.3092 5.31095 5.31259 5.31517
 0 0 0 0 0 0 0 0 0 0 0 0 0 0 0 0 0 0 0 0 0 0 0 0 0 0 0 0 0 0 0 0 0 0 0 0 0 0 0 0 0 0 0 0 0 0 0 0 0 0 0 0 0 0 0 0 0 0 0 0 0 0 0 0 0 0 0 0 0 0 0 0 0 0 0 0 0 0 0 0 0 0 0 0 0 0 0 0 0 0 0 0 0 0 0 0 0 0 0 1 0
 #wt and selex for gender,fleet: 1 4
 0.010897 0.0198339 0.0507356 0.0993617 0.165791 0.248738 0.34616 0.455762 0.575293 0.702684 0.836107 0.973979 1.11495 1.25789 1.40185 1.54607 1.68996 1.83301 1.97484 2.1151 2.25348 2.38968 2.52341 2.65435 2.78223 2.90678 3.02773 3.14487 3.25803 3.36707 3.47189 3.57244 3.66871 3.76072 3.8485 3.93214 4.01172 4.08736 4.15916 4.22725 4.29178 4.35287 4.41067 4.46531 4.51694 4.5657 4.61171 4.65512 4.69605 4.73462 4.77096 4.80519 4.83741 4.86774 4.89627 4.92311 4.94835 4.97208 4.99438 5.01534 5.03503 5.05353 5.07091 5.08723 5.10255 5.11693 5.13043 5.1431 5.155 5.16616 5.17673 5.18674 5.19614 5.20495 5.21321 5.22097 5.22824 5.23506 5.24145 5.24745 5.25307 5.25834 5.26328 5.26791 5.27225 5.27633 5.28014 5.28372 5.28707 5.29021 5.29316 5.29592 5.29851 5.30093 5.30321 5.30534 5.30733 5.3092 5.31096 5.3126 5.31517
 0 0 0 0 0 0 0 0 0 0 0 0 0 0 0 0 0 0 0 0 0 0 0 0 0 0 0 0 0 0 0 0 0 0 0 0 0 0 0 0 0 0 0 0 0 0 0 0 0 0 0 0 0 0 0 0 0 0 0 0 0 0 0 0 0 0 0 0 0 0 0 0 0 0 0 0 0 0 0 0 0 0 0 0 0 0 0 0 0 0 0 0 0 0 0 0 0 0 0 1 0
 #wt and selex for gender,fleet: 1 5
 0.0109982 0.0215222 0.0578551 0.113326 0.187871 0.279303 0.384671 0.501012 0.625664 0.756376 0.891307 1.02898 1.16824 1.30819 1.44818 1.58776 1.72662 1.86455 2.00139 2.13698 2.27115 2.40366 2.53425 2.66261 2.7884 2.9113 3.03098 3.14717 3.25963 3.36815 3.47261 3.57291 3.66901 3.76089 3.8486 3.93219 4.01174 4.08735 4.15914 4.22723 4.29176 4.35285 4.41065 4.46529 4.51693 4.56568 4.6117 4.65511 4.69604 4.73461 4.77095 4.80518 4.8374 4.86773 4.89627 4.9231 4.94834 4.97207 4.99438 5.01534 5.03503 5.05353 5.07091 5.08722 5.10254 5.11693 5.13043 5.1431 5.15499 5.16615 5.17673 5.18674 5.19613 5.20495 5.21321 5.22097 5.22824 5.23505 5.24145 5.24744 5.25307 5.25834 5.26328 5.26791 5.27225 5.27632 5.28014 5.28372 5.28707 5.29021 5.29316 5.29592 5.29851 5.30093 5.3032 5.30533 5.30733 5.3092 5.31095 5.3126 5.31517
 0 0 0 0 0 0 0 0 0 0 0 0 0 0 0 0 0 0 0 0 0 0 0 0 0 0 0 0 0 0 0 0 0 0 0 0 0 0 0 0 0 0 0 0 0 0 0 0 0 0 0 0 0 0 0 0 0 0 0 0 0 0 0 0 0 0 0 0 0 0 0 0 0 0 0 0 0 0 0 0 0 0 0 0 0 0 0 0 0 0 0 0 0 0 0 0 0 0 0 1 0
 #wt and selex for gender,fleet: 1 6
 0.0116092 0.0299665 0.0807404 0.148997 0.231516 0.322629 0.418043 0.515319 0.614031 0.715434 0.821601 0.934497 1.05534 1.18432 1.32066 1.46289 1.6092 1.75778 1.907 2.05553 2.20232 2.34655 2.48763 2.62508 2.75856 2.88781 3.01264 3.13294 3.24861 3.35963 3.466 3.56775 3.66494 3.75764 3.84596 3.93 4.00989 4.08575 4.15772 4.22594 4.29056 4.35173 4.40958 4.46427 4.51593 4.56471 4.61074 4.65416 4.6951 4.73368 4.77002 4.80425 4.83648 4.86681 4.89534 4.92218 4.94742 4.97115 4.99346 5.01442 5.03411 5.05261 5.06998 5.0863 5.10162 5.116 5.1295 5.14218 5.15407 5.16523 5.1758 5.18581 5.1952 5.20401 5.21227 5.22002 5.22729 5.2341 5.2405 5.24649 5.25211 5.25738 5.26232 5.26695 5.27129 5.27536 5.27917 5.28275 5.2861 5.28924 5.29219 5.29495 5.29753 5.29996 5.30223 5.30436 5.30635 5.30822 5.30998 5.31162 5.31419
 0 0 0 0 0 0 0 0 0 0 0 0 0 0 0 0 0 0 0 0 0 0 0 0 0 0 0 0 0 0 0 0 0 0 0 0 0 0 0 0 0 0 0 0 0 0 0 0 0 0 0 0 0 0 0 0 0 0 0 0 0 0 0 0 0 0 0 0 0 0 0 0 0 0 0 0 0 0 0 0 0 0 0 0 0 0 0 0 0 0 0 0 0 0 0 0 0 0 0 1 0
 #wt and selex for gender,fleet: 1 7
 0.0107959 0.0181343 0.0437454 0.503784 0.527375 0.556638 0.592964 0.636899 0.69074 0.757211 0.838561 0.935885 1.04871 1.17507 1.31195 1.45611 1.60456 1.75493 1.90545 2.05482 2.20212 2.34666 2.48791 2.62547 2.75902 2.88833 3.0132 3.13353 3.24923 3.36028 3.46668 3.56845 3.66566 3.75839 3.84672 3.93078 4.01067 4.08655 4.15853 4.22677 4.2914 4.35257 4.41043 4.46512 4.51679 4.56558 4.61161 4.65504 4.69598 4.73457 4.77092 4.80515 4.83738 4.86771 4.89625 4.92309 4.94833 4.97206 4.99437 5.01533 5.03502 5.05352 5.0709 5.08722 5.10254 5.11692 5.13042 5.1431 5.15499 5.16615 5.17672 5.18674 5.19613 5.20494 5.21321 5.22096 5.22823 5.23505 5.24145 5.24744 5.25306 5.25833 5.26327 5.26791 5.27225 5.27632 5.28014 5.28371 5.28707 5.29021 5.29316 5.29592 5.2985 5.30093 5.3032 5.30533 5.30733 5.3092 5.31095 5.31259 5.31517
 0 0 0 0 0 0 0 0 0 0 0 0 0 0 0 0 0 0 0 0 0 0 0 0 0 0 0 0 0 0 0 0 0 0 0 0 0 0 0 0 0 0 0 0 0 0 0 0 0 0 0 0 0 0 0 0 0 0 0 0 0 0 0 0 0 0 0 0 0 0 0 0 0 0 0 0 0 0 0 0 0 0 0 0 0 0 0 0 0 0 0 0 0 0 0 0 0 0 0 1 0
# M and current age-structure in year Yinit: 2011
 # gender = 1
 0.0439034 0.0439034 0.0439034 0.0439034 0.0439034 0.0439034 0.0439034 0.0439034 0.0439034 0.0439034 0.0439034 0.0439034 0.0439034 0.0439034 0.0439034 0.0439034 0.0439034 0.0439034 0.0439034 0.0439034 0.0439034 0.0439034 0.0439034 0.0439034 0.0439034 0.0439034 0.0439034 0.0439034 0.0439034 0.0439034 0.0439034 0.0439034 0.0439034 0.0439034 0.0439034 0.0439034 0.0439034 0.0439034 0.0439034 0.0439034 0.0439034 0.0439034 0.0439034 0.0439034 0.0439034 0.0439034 0.0439034 0.0439034 0.0439034 0.0439034 0.0439034 0.0439034 0.0439034 0.0439034 0.0439034 0.0439034 0.0439034 0.0439034 0.0439034 0.0439034 0.0439034 0.0439034 0.0439034 0.0439034 0.0439034 0.0439034 0.0439034 0.0439034 0.0439034 0.0439034 0.0439034 0.0439034 0.0439034 0.0439034 0.0439034 0.0439034 0.0439034 0.0439034 0.0439034 0.0439034 0.0439034 0.0439034 0.0439034 0.0439034 0.0439034 0.0439034 0.0439034 0.0439034 0.0439034 0.0439034 0.0439034 0.0439034 0.0439034 0.0439034 0.0439034 0.0439034 0.0439034 0.0439034 0.0439034 0.0439034 0.0439034
 225.924 228.683 203.676 263.861 165.344 123.775 92.6028 68.6961 141.532 277.949 99.2212 71.1292 137.607 68.9372 40.1006 32.8356 32.9871 68.8855 90.4677 33.1954 25.1841 26.6916 29.0721 29.734 30.2366 28.9949 33.2462 41.281 30.3661 36.2348 25.8134 18.0111 11.3825 7.82366 8.76378 9.73889 9.23494 5.48868 4.92183 5.61532 9.95514 6.43441 4.229 3.28168 2.333 1.76008 1.46844 1.33641 1.34429 1.4635 1.61779 1.65579 1.49178 1.25943 1.07159 0.94994 0.888686 0.879039 0.914533 0.991104 1.10038 1.21406 1.26606 1.19685 1.04882 0.901808 0.78568 0.699554 0.635354 0.585193 0.544689 0.511594 0.484795 0.463185 0.445133 0.428864 0.412824 0.396221 0.379007 0.361727 0.345072 0.329588 0.315497 0.302835 0.291408 0.280929 0.271127 0.261766 0.252653 0.243668 0.23474 0.225836 0.216966 0.208196 0.199517 0.190885 0.182512 0.174436 0.166685 0.159273 3.54141
# Age-structure at Ydeclare= 2013
 116.291 109.034 206.931 209.454 186.541 241.638 151.385 113.281 84.6963 62.7766 129.212 253.526 90.4338 64.7908 125.288 62.745 36.4898 29.8738 30.0078 62.6581 82.2837 30.1909 22.9038 24.2741 26.4383 27.0394 27.4957 26.3658 30.2306 37.5353 27.6097 32.9444 23.4685 16.3744 10.3478 7.11226 7.96669 8.85291 8.39462 4.98914 4.47378 5.10404 9.04852 5.84831 3.84371 2.98265 2.12038 1.59965 1.33458 1.21457 1.22172 1.33004 1.47026 1.50479 1.35572 1.14456 0.973851 0.863292 0.807623 0.798855 0.83111 0.900695 0.999997 1.10331 1.15057 1.08766 0.953136 0.819538 0.714004 0.635734 0.577391 0.531806 0.494996 0.464921 0.440566 0.420928 0.404522 0.389738 0.375161 0.360072 0.344429 0.328725 0.31359 0.299519 0.286714 0.275207 0.264822 0.2553 0.246392 0.237885 0.229603 0.221438 0.213325 0.205233 0.197172 0.189202 0.181315 0.173471 0.165861 0.158523 3.51457
# Year for Tmin Age-structure (set to Ydecl by SS)
2013
#  recruitment and biomass
# Number of historical assessment years
129
# Historical data
# year recruitment spawner in B0 in R project in R/S project
1888  1889 1890 1891 1892 1893 1894 1895 1896 1897 1898 1899 1900 1901 1902 1903 1904 1905 1906 1907 1908 1909 1910 1911 1912 1913 1914 1915 1916 1917 1918 1919 1920 1921 1922 1923 1924 1925 1926 1927 1928 1929 1930 1931 1932 1933 1934 1935 1936 1937 1938 1939 1940 1941 1942 1943 1944 1945 1946 1947 1948 1949 1950 1951 1952 1953 1954 1955 1956 1957 1958 1959 1960 1961 1962 1963 1964 1965 1966 1967 1968 1969 1970 1971 1972 1973 1974 1975 1976 1977 1978 1979 1980 1981 1982 1983 1984 1985 1986 1987 1988 1989 1990 1991 1992 1993 1994 1995 1996 1997 1998 1999 2000 2001 2002 2003 2004 2005 2006 2007 2008 2009 2010 2011 2012 2013 2014 2015 2016 #years (with first value representing R0)
216.146 213.487 213.402 213.315 213.224 213.124 213.022 212.916 212.813 212.709 212.601 212.493 212.376 212.26 212.145 212.017 211.888 211.761 211.636 211.523 211.416 211.31 211.211 211.115 211.021 210.907 210.756 210.533 210.197 209.702 208.837 207.678 206.257 204.536 202.532 200.29 197.879 195.388 192.94 190.663 188.685 187.115 185.987 185.198 184.57 183.797 182.569 180.71 178.333 175.838 173.838 172.905 173.44 175.577 179.403 185.29 194.101 207.425 226.549 250.708 272.203 273.934 249.861 215.376 184.453 161.798 147.792 141.933 144.041 154.158 171.735 192.584 202.067 186.28 158.623 136.755 127.154 130.109 144.52 176.516 227.369 266.513 366.318 508.389 255.416 198.005 193.972 284.872 260.686 202.488 155.286 193.212 260.335 316.438 375.459 265.502 304.898 208.216 155.085 139.39 119.386 102.814 84.141 71.6057 86.1497 216.759 153.951 69.3325 65.3003 75.7337 123.924 235.761 116.255 154.798 414.155 201.521 93.5177 120.576 154.194 197.102 301.016 222.37 238.946 225.924 113.927 116.291 119.936 139.039 170.626  #recruits; first value is R0 (virgin)
2246.71  2246.71 2246.7 2246.69 2246.67 2245.8 2244.96 2244.13 2243.93 2243.9 2243.87 2243.84 2243.77 2243.66 2243.47 2243.22 2242.89 2242.46 2241.98 2241.41 2240.78 2239.84 2239.07 2238.23 2237.34 2236.39 2235.39 2234.34 2233.09 2231.44 2229.4 2223.19 2220.11 2217.24 2214.45 2212.2 2209.76 2206.19 2201.87 2195.91 2188.46 2181.16 2174.76 2167.63 2162.51 2157.67 2152.79 2146.78 2140.68 2132.58 2124.97 2116.73 2109.72 2100.38 2088 2074.91 2052.75 2029.22 1995.19 1963.83 1948.17 1931.06 1917.42 1902.3 1884.13 1868.55 1856.72 1843.02 1830.32 1817.87 1803.44 1790.72 1780.35 1772.45 1768.37 1763.08 1761.32 1762.28 1744.01 1740.23 1733.21 1725.89 1700.6 1684.92 1663.09 1635.07 1604.35 1570.06 1536.39 1496.97 1458.06 1393.47 1331.03 1282.44 1218.62 1111.96 1014.56 961.855 884.941 841.905 793.429 749.531 694.037 654.881 590.311 531.615 475.857 447.23 418.354 385.605 348.473 338.862 319.88 326.256 331.251 346.258 361.862 378.17 394.593 411.83 428.357 445.962 463.918 483.944 505.169 527.557 551.713 577.707 604.335 #spbio; first value is SSB_virgin (virgin)
1 0 0 0 0 0 0 0 0 0 0 0 0 0 0 0 0 0 0 0 0 0 0 0 0 0 0 0 0 0 0 0 0 0 0 0 0 0 0 0 0 0 0 0 0 0 0 0 0 0 0 0 0 0 0 0 0 0 0 0 0 0 0 0 0 0 0 0 0 0 0 0 0 0 0 0 0 0 0 0 0 0 0 0 0 0 0 0 0 0 0 0 0 0 0 0 0 0 0 0 0 0 0 0 0 0 0 0 0 0 0 0 0 0 0 0 0 0 0 0 0 0 0 0 0 0 0 0 0  # in Bzero
0 1 1 1 1 1 1 1 1 1 1 1 1 1 1 1 1 1 1 1 1 1 1 1 1 1 1 1 1 1 1 1 1 1 1 1 1 1 1 1 1 1 1 1 1 1 1 1 1 1 1 1 1 1 1 1 1 1 1 1 1 1 1 1 1 1 1 1 1 1 1 1 1 1 1 1 1 1 1 1 1 1 1 1 1 1 1 1 1 1 1 1 1 1 1 1 1 1 1 1 1 1 1 1 1 1 1 1 1 1 1 1 1 1 1 1 1 1 1 1 1 1 1 1 1 1  0 0 0 # in R project
0 1 1 1 1 1 1 1 1 1 1 1 1 1 1 1 1 1 1 1 1 1 1 1 1 1 1 1 1 1 1 1 1 1 1 1 1 1 1 1 1 1 1 1 1 1 1 1 1 1 1 1 1 1 1 1 1 1 1 1 1 1 1 1 1 1 1 1 1 1 1 1 1 1 1 1 1 1 1 1 1 1 1 1 1 1 1 1 1 1 1 1 1 1 1 1 1 1 1 1 1 1 1 1 1 1 1 1 1 1 1 1 1 1 1 1 1 1 1 1 1 1 1 1 1 1  0 0 0 # in R/S project
# Number of years with pre-specified catches
0
# catches for years with pre-specified catches go next
# Number of future recruitments to override
-2
# Process for overiding (-1 for average otherwise index in data list)
# Which probability to product detailed results for (1=0.5; 2=0.6; etc.)
3
# Steepness sigma-R Auto-correlation
0.718 0.5 0
# Target SPR rate (FMSY Proxy); manually change to SPR_MSY if not using SPR_target
0.5
# Discount rate (for cumulative catch)
0.1
# Truncate the series when 0.4B0 is reached (1=Yes)
0
# Set F to FMSY once 0.4B0 is reached (1=Yes)
0
# Maximum possible F for projection (-1 to set to FMSY)
-1
# Defintion of recovery (1=now only;2=now or before)
2
# Projection type
4
# Definition of the 40-10 rule
10 40
# Calculate coefficients of variation (1=Yes)
0
# Number of replicates to use
10
# Random number seed
-99004
# File with multiple parameter vectors 
rebuild.SSO
# User-specific projection (1=Yes); Output replaced (1->9)
0  5
# Catches and Fs (Year; 1/2/3 (F or C or SPR); value); Final row is -1
2016 1 1
-1 -1 -1
# Fixed catch project (1=Yes); Output replaced (1->9); Approach (-1=Read in else 1-9)
0 2 -1
# Split of Fs
2011  0.000559758
 0
 0.175896
 0.0073353
 0.281599
 0.258196
 0.276413
-1  1 1 1 1 1 1 1 1 1 1 1 1
# Yrs to define T_target for projection type 4 (a.k.a. 5 pre-specified inputs)
2022 2023 2024 2025 2026 
# Year for probability of recovery
2026 2027 2028 2029 2030 2031 2032 2033
# Time varying weight-at-age (1=Yes;0=No)
0
# File with time series of weight-at-age data
none
# Use bisection (0) or linear interpolation (1)
1
# Target Depletion
0.4
# CV of implementation error
0
