#Title, #runnumber: 274 yelloweye_data.ss yelloweye_control.ss 5704.5 2264.57 641.856 StartTime: Fri Jul 21 14:36:11 2017
SSv3_default_rebuild.dat
# Number of sexes
1
# Age range to consider (minimum age; maximum age)
0 100
# Number of fleets
12
# First year of projection (Yinit)
2011
# First Year of rebuilding period (Ydecl)
2013
# Number of simulations
1000
# Maximum number of years
500
# Conduct projections with multiple starting values (0=No;else yes)
0
# Number of parameter vectors
1000
# Is the maximum age a plus-group (1=Yes;2=No)
1
# Generate future recruitments using historical recruitments (1)  historical recruits/spawner (2)  or a stock-recruitment (3)
3
# Constant fishing mortality (1) or constant Catch (2) projections
1
# Fishing mortality based on SPR (1) or actual rate (2)
1
# Pre-specify the year of recovery (or -1) to ignore
-1
# Fecundity-at-age
# 0 1 2 3 4 5 6 7 8 9 10 11 12 13 14 15 16 17 18 19 20 21 22 23 24 25 26 27 28 29 30 31 32 33 34 35 36 37 38 39 40 41 42 43 44 45 46 47 48 49 50 51 52 53 54 55 56 57 58 59 60 61 62 63 64 65 66 67 68 69 70 71 72 73 74 75 76 77 78 79 80 81 82 83 84 85 86 87 88 89 90 91 92 93 94 95 96 97 98 99 100 #runnumber: 274 yelloweye_data.ss yelloweye_control.ss 5704.5 2264.57 641.856
 0 0 2.99911e-008 3.83321e-007 3.4761e-006 2.42236e-005 0.000134584 0.000600528 0.00214569 0.00618649 0.0147197 0.0297687 0.0527011 0.0838205 0.122382 0.166916 0.215644 0.266837 0.319029 0.371106 0.422299 0.47213 0.520332 0.566787 0.611464 0.654384 0.69559 0.735135 0.77307 0.809443 0.844298 0.877675 0.909612 0.940144 0.969306 0.997134 1.02366 1.04893 1.07298 1.09583 1.11755 1.13816 1.1577 1.17623 1.19376 1.21036 1.22606 1.2409 1.25492 1.26815 1.28064 1.29242 1.30353 1.31399 1.32385 1.33314 1.34189 1.35011 1.35786 1.36514 1.37199 1.37842 1.38448 1.39016 1.3955 1.40052 1.40524 1.40966 1.41382 1.41772 1.42138 1.42491 1.42822 1.43132 1.43423 1.43697 1.43953 1.44193 1.44419 1.4463 1.44829 1.45015 1.45189 1.45353 1.45506 1.4565 1.45784 1.45911 1.46029 1.4614 1.46244 1.46341 1.46433 1.46518 1.46599 1.46674 1.46744 1.4681 1.46872 1.4693 1.47021 #female fecundity; weighted by N in year Y_init across morphs and areas
# Age specific selectivity and weight adjusted for discard and discard mortality
 #wt and selex for gender,fleet: 1 1
 0.0110109 0.0225452 0.0616446 0.119778 0.196509 0.288885 0.393457 0.507053 0.627038 0.751351 0.878478 1.00743 1.1377 1.26916 1.40192 1.53612 1.67185 1.80897 1.94716 2.08589 2.22446 2.36213 2.49815 2.6318 2.76249 2.8897 3.01304 3.13222 3.24706 3.35741 3.46323 3.56451 3.66127 3.75358 3.84152 3.92521 4.00474 4.08026 4.1519 4.2198 4.2841 4.34496 4.4025 4.45689 4.50826 4.55676 4.60252 4.64567 4.68635 4.72468 4.76079 4.79479 4.82679 4.8569 4.88523 4.91187 4.93692 4.96046 4.98259 5.00338 5.02291 5.04126 5.05849 5.07466 5.08985 5.1041 5.11748 5.13003 5.14182 5.15287 5.16334 5.17325 5.18255 5.19127 5.19945 5.20713 5.21432 5.22106 5.22739 5.23332 5.23888 5.24409 5.24897 5.25355 5.25784 5.26186 5.26563 5.26917 5.27248 5.27558 5.27849 5.28122 5.28377 5.28617 5.28841 5.29051 5.29248 5.29433 5.29606 5.29768 5.30021
 0 0 0 0 0 0 0 0 0 0 0 0 0 0 0 0 0 0 0 0 0 0 0 0 0 0 0 0 0 0 0 0 0 0 0 0 0 0 0 0 0 0 0 0 0 0 0 0 0 0 0 0 0 0 0 0 0 0 0 0 0 0 0 0 0 0 0 0 0 0 0 0 0 0 0 0 0 0 0 0 0 0 0 0 0 0 0 0 0 0 0 0 0 0 0 0 0 0 0 1 0
 #wt and selex for gender,fleet: 1 3
 0.0109224 0.0210417 0.0558115 0.10837 0.178235 0.263132 0.360248 0.466884 0.580718 0.699913 0.823197 0.949872 1.07971 1.21272 1.34893 1.48818 1.63004 1.7738 1.91859 2.06341 2.20732 2.34942 2.48895 2.62529 2.75797 2.88661 3.01096 3.13084 3.24614 3.35681 3.46284 3.56425 3.6611 3.75347 3.84145 3.92516 4.00471 4.08024 4.15189 4.21979 4.2841 4.34495 4.4025 4.45689 4.50826 4.55676 4.60252 4.64567 4.68635 4.72468 4.76079 4.79479 4.82679 4.8569 4.88523 4.91187 4.93692 4.96046 4.98259 5.00338 5.02291 5.04126 5.05849 5.07466 5.08985 5.1041 5.11748 5.13004 5.14182 5.15287 5.16334 5.17325 5.18255 5.19127 5.19945 5.20713 5.21432 5.22106 5.22739 5.23332 5.23888 5.24409 5.24897 5.25355 5.25784 5.26187 5.26564 5.26917 5.27248 5.27558 5.27849 5.28122 5.28377 5.28617 5.28841 5.29051 5.29248 5.29433 5.29606 5.29768 5.30021
 0 0 0 0 0 0 0 0 0 0 0 0 0 0 0 0 0 0 0 0 0 0 0 0 0 0 0 0 0 0 0 0 0 0 0 0 0 0 0 0 0 0 0 0 0 0 0 0 0 0 0 0 0 0 0 0 0 0 0 0 0 0 0 0 0 0 0 0 0 0 0 0 0 0 0 0 0 0 0 0 0 0 0 0 0 0 0 0 0 0 0 0 0 0 0 0 0 0 0 1 0
 #wt and selex for gender,fleet: 1 4
 0.010845 0.0197076 0.0504804 0.0989736 0.16532 0.248278 0.345826 0.455678 0.575574 0.703427 0.837385 0.975836 1.1174 1.26092 1.40541 1.55008 1.6943 1.83754 1.97941 2.11955 2.25765 2.39343 2.52663 2.65695 2.78415 2.90798 3.0282 3.14462 3.25708 3.36544 3.46961 3.56956 3.66525 3.75671 3.84399 3.92714 4.00627 4.08147 4.15286 4.22056 4.28471 4.34545 4.4029 4.45721 4.50853 4.55698 4.6027 4.64582 4.68648 4.72479 4.76088 4.79487 4.82686 4.85696 4.88528 4.91191 4.93696 4.9605 4.98262 5.00341 5.02294 5.04128 5.05851 5.07468 5.08987 5.10412 5.1175 5.13005 5.14183 5.15288 5.16335 5.17326 5.18256 5.19129 5.19947 5.20714 5.21433 5.22107 5.2274 5.23333 5.23889 5.2441 5.24898 5.25356 5.25785 5.26187 5.26564 5.26918 5.27249 5.27559 5.2785 5.28123 5.28378 5.28617 5.28842 5.29052 5.29249 5.29433 5.29606 5.29768 5.30022
 0 0 0 0 0 0 0 0 0 0 0 0 0 0 0 0 0 0 0 0 0 0 0 0 0 0 0 0 0 0 0 0 0 0 0 0 0 0 0 0 0 0 0 0 0 0 0 0 0 0 0 0 0 0 0 0 0 0 0 0 0 0 0 0 0 0 0 0 0 0 0 0 0 0 0 0 0 0 0 0 0 0 0 0 0 0 0 0 0 0 0 0 0 0 0 0 0 0 0 1 0
 #wt and selex for gender,fleet: 1 5
 0.0109359 0.0212957 0.0572428 0.112249 0.186323 0.277355 0.382454 0.498682 0.62338 0.754284 0.889524 1.02759 1.1673 1.30771 1.44815 1.58813 1.7273 1.86545 2.0024 2.138 2.27207 2.40438 2.53468 2.66268 2.78807 2.91052 3.02974 3.14545 3.25742 3.36546 3.46945 3.56928 3.66493 3.75638 3.84366 3.92684 4.006 4.08123 4.15265 4.22038 4.28456 4.34531 4.40279 4.45712 4.50844 4.5569 4.60263 4.64577 4.68643 4.72475 4.76085 4.79483 4.82683 4.85694 4.88526 4.9119 4.93694 4.96048 4.98261 5.0034 5.02293 5.04127 5.0585 5.07467 5.08986 5.10411 5.11749 5.13004 5.14182 5.15288 5.16334 5.17326 5.18256 5.19128 5.19946 5.20713 5.21433 5.22107 5.22739 5.23332 5.23888 5.24409 5.24898 5.25356 5.25785 5.26187 5.26564 5.26917 5.27249 5.27559 5.2785 5.28122 5.28378 5.28617 5.28841 5.29052 5.29249 5.29433 5.29606 5.29768 5.30022
 0 0 0 0 0 0 0 0 0 0 0 0 0 0 0 0 0 0 0 0 0 0 0 0 0 0 0 0 0 0 0 0 0 0 0 0 0 0 0 0 0 0 0 0 0 0 0 0 0 0 0 0 0 0 0 0 0 0 0 0 0 0 0 0 0 0 0 0 0 0 0 0 0 0 0 0 0 0 0 0 0 0 0 0 0 0 0 0 0 0 0 0 0 0 0 0 0 0 0 1 0
 #wt and selex for gender,fleet: 1 6
 0.0115035 0.0295405 0.0798386 0.147624 0.229803 0.320753 0.416166 0.51355 0.612418 0.71399 0.820334 0.933418 1.05445 1.18361 1.32009 1.4624 1.60873 1.75725 1.90637 2.05475 2.20135 2.34537 2.48621 2.6234 2.7566 2.88556 3.01008 3.13006 3.2454 3.35609 3.46212 3.56352 3.66036 3.75271 3.84068 3.92437 4.00391 4.07943 4.15106 4.21895 4.28325 4.34409 4.40163 4.45601 4.50738 4.55587 4.60162 4.64477 4.68544 4.72377 4.75987 4.79387 4.82587 4.85598 4.8843 4.91094 4.93598 4.95953 4.98165 5.00244 5.02197 5.04032 5.05754 5.07372 5.0889 5.10315 5.11653 5.12909 5.14087 5.15192 5.16238 5.17229 5.18159 5.19031 5.19849 5.20615 5.21335 5.22009 5.22641 5.23234 5.23789 5.2431 5.24798 5.25256 5.25685 5.26087 5.26464 5.26817 5.27148 5.27459 5.27749 5.28022 5.28277 5.28516 5.28741 5.28951 5.29148 5.29332 5.29505 5.29667 5.2992
 0 0 0 0 0 0 0 0 0 0 0 0 0 0 0 0 0 0 0 0 0 0 0 0 0 0 0 0 0 0 0 0 0 0 0 0 0 0 0 0 0 0 0 0 0 0 0 0 0 0 0 0 0 0 0 0 0 0 0 0 0 0 0 0 0 0 0 0 0 0 0 0 0 0 0 0 0 0 0 0 0 0 0 0 0 0 0 0 0 0 0 0 0 0 0 0 0 0 0 1 0
 #wt and selex for gender,fleet: 1 7
 0.0107507 0.0180433 0.0434325 0.500929 0.525907 0.5552 0.591512 0.63543 0.68928 0.755825 0.837333 0.934884 1.04796 1.17453 1.31155 1.45576 1.60419 1.75447 1.90484 2.05405 2.20115 2.34547 2.48649 2.62379 2.75707 2.88608 3.01065 3.13066 3.24603 3.35675 3.4628 3.56423 3.66109 3.75346 3.84145 3.92516 4.00471 4.08024 4.15189 4.21979 4.2841 4.34495 4.4025 4.45689 4.50826 4.55676 4.60252 4.64567 4.68635 4.72468 4.76079 4.79479 4.82679 4.8569 4.88523 4.91187 4.93692 4.96046 4.98259 5.00338 5.02291 5.04126 5.05849 5.07466 5.08985 5.1041 5.11748 5.13004 5.14182 5.15287 5.16334 5.17325 5.18255 5.19127 5.19945 5.20713 5.21432 5.22106 5.22739 5.23332 5.23888 5.24409 5.24897 5.25355 5.25784 5.26186 5.26564 5.26917 5.27248 5.27558 5.27849 5.28122 5.28377 5.28617 5.28841 5.29051 5.29248 5.29433 5.29606 5.29768 5.30021
 0 0 0 0 0 0 0 0 0 0 0 0 0 0 0 0 0 0 0 0 0 0 0 0 0 0 0 0 0 0 0 0 0 0 0 0 0 0 0 0 0 0 0 0 0 0 0 0 0 0 0 0 0 0 0 0 0 0 0 0 0 0 0 0 0 0 0 0 0 0 0 0 0 0 0 0 0 0 0 0 0 0 0 0 0 0 0 0 0 0 0 0 0 0 0 0 0 0 0 1 0
# M and current age-structure in year Yinit: 2011
 # gender = 1
 0.0439034 0.0439034 0.0439034 0.0439034 0.0439034 0.0439034 0.0439034 0.0439034 0.0439034 0.0439034 0.0439034 0.0439034 0.0439034 0.0439034 0.0439034 0.0439034 0.0439034 0.0439034 0.0439034 0.0439034 0.0439034 0.0439034 0.0439034 0.0439034 0.0439034 0.0439034 0.0439034 0.0439034 0.0439034 0.0439034 0.0439034 0.0439034 0.0439034 0.0439034 0.0439034 0.0439034 0.0439034 0.0439034 0.0439034 0.0439034 0.0439034 0.0439034 0.0439034 0.0439034 0.0439034 0.0439034 0.0439034 0.0439034 0.0439034 0.0439034 0.0439034 0.0439034 0.0439034 0.0439034 0.0439034 0.0439034 0.0439034 0.0439034 0.0439034 0.0439034 0.0439034 0.0439034 0.0439034 0.0439034 0.0439034 0.0439034 0.0439034 0.0439034 0.0439034 0.0439034 0.0439034 0.0439034 0.0439034 0.0439034 0.0439034 0.0439034 0.0439034 0.0439034 0.0439034 0.0439034 0.0439034 0.0439034 0.0439034 0.0439034 0.0439034 0.0439034 0.0439034 0.0439034 0.0439034 0.0439034 0.0439034 0.0439034 0.0439034 0.0439034 0.0439034 0.0439034 0.0439034 0.0439034 0.0439034 0.0439034 0.0439034
 226.845 230.989 205.443 265.146 166.311 125.232 93.3808 69.1103 143.268 281.581 100.274 72.1773 140.76 71.1691 41.2956 33.6042 33.5471 69.0379 90.4806 33.9975 25.7967 27.3547 30.092 30.9369 31.2435 29.9296 34.3321 42.3439 32.0151 38.1744 25.3096 16.6544 12.2553 9.29392 9.81668 9.14071 8.61734 5.50433 5.12021 6.1471 9.31287 6.40412 4.73362 3.47361 2.63417 2.12969 1.62696 1.32008 1.2427 1.32238 1.47608 1.56261 1.46853 1.27713 1.09806 0.97033 0.899271 0.878982 0.903796 0.97114 1.07336 1.18101 1.23088 1.1726 1.04143 0.905028 0.792947 0.708104 0.645287 0.597694 0.560597 0.530735 0.506063 0.484986 0.465813 0.447059 0.427705 0.407594 0.387206 0.367377 0.348858 0.332111 0.317221 0.304094 0.292431 0.281869 0.272082 0.262793 0.25378 0.244899 0.236066 0.227234 0.218412 0.209664 0.200985 0.192334 0.183939 0.175837 0.168051 0.160599 3.57251
# Age-structure at Ydeclare= 2013
 118.091 110.174 207.774 211.566 188.16 242.815 152.272 114.616 85.4108 63.1582 130.806 256.861 91.4023 65.7527 128.174 64.7847 37.5822 30.5771 30.5213 62.8052 82.3065 30.9246 23.4641 24.8804 27.3694 28.1371 28.4152 27.2195 31.2224 38.5071 29.1132 34.7129 23.0138 15.1432 11.1429 8.45007 8.92514 8.31037 7.83437 5.00411 4.6548 5.58823 8.46601 5.82165 4.30301 3.15757 2.39447 1.93587 1.47887 1.19991 1.12957 1.20198 1.34168 1.42032 1.3348 1.16083 0.99806 0.88196 0.81737 0.798927 0.82148 0.882689 0.9756 1.07344 1.11877 1.0658 0.946574 0.822593 0.72072 0.643605 0.58651 0.543252 0.509533 0.482391 0.459966 0.440809 0.423382 0.406336 0.388745 0.370466 0.351935 0.333913 0.317081 0.301859 0.288326 0.276394 0.265793 0.256194 0.247298 0.238856 0.230663 0.222592 0.214563 0.206536 0.198517 0.190567 0.182678 0.174815 0.167185 0.159821 3.54582
# Year for Tmin Age-structure (set to Ydecl by SS)
2013
#  recruitment and biomass
# Number of historical assessment years
129
# Historical data
# year recruitment spawner in B0 in R project in R/S project
1888  1889 1890 1891 1892 1893 1894 1895 1896 1897 1898 1899 1900 1901 1902 1903 1904 1905 1906 1907 1908 1909 1910 1911 1912 1913 1914 1915 1916 1917 1918 1919 1920 1921 1922 1923 1924 1925 1926 1927 1928 1929 1930 1931 1932 1933 1934 1935 1936 1937 1938 1939 1940 1941 1942 1943 1944 1945 1946 1947 1948 1949 1950 1951 1952 1953 1954 1955 1956 1957 1958 1959 1960 1961 1962 1963 1964 1965 1966 1967 1968 1969 1970 1971 1972 1973 1974 1975 1976 1977 1978 1979 1980 1981 1982 1983 1984 1985 1986 1987 1988 1989 1990 1991 1992 1993 1994 1995 1996 1997 1998 1999 2000 2001 2002 2003 2004 2005 2006 2007 2008 2009 2010 2011 2012 2013 2014 2015 2016 #years (with first value representing R0)
218.502 215.72 215.629 215.537 215.441 215.335 215.226 215.113 215.003 214.891 214.776 214.659 214.534 214.408 214.283 214.144 214.005 213.866 213.73 213.604 213.484 213.363 213.249 213.135 213.018 212.878 212.693 212.426 212.041 211.494 210.559 209.309 207.778 205.932 203.79 201.411 198.875 196.286 193.786 191.523 189.652 188.312 187.578 187.393 187.612 187.929 187.965 187.379 186.054 184.162 182.176 180.647 180.085 180.86 183.389 188.338 196.623 209.491 227.504 249.087 266.826 266.437 243.148 210.149 180.774 159.914 147.78 143.602 147.087 157.886 174.019 189.386 190.433 169.66 143.005 126.068 125.174 143.571 174.039 198.211 239.163 296.22 361.751 471.526 277.022 203.955 192.495 262.876 241.768 223.882 181.83 204.712 236.483 304.373 387.806 274.527 307.086 211.5 157.791 142.278 122.972 105.577 85.7085 73.021 87.9532 216.318 154.062 70.4374 66.7811 77.9508 127.888 241.097 117.945 156.419 419.531 203.983 94.0788 121.587 156.008 198.254 302.481 224.299 241.356 226.845 115.119 118.091 121.864 141.332 172.823  #recruits; first value is R0 (virgin)
2264.57  2264.57 2264.56 2264.53 2264.48 2263.55 2262.63 2261.7 2261.39 2261.23 2261.05 2260.87 2260.61 2260.3 2259.9 2259.41 2258.82 2258.12 2257.34 2256.46 2255.49 2254.2 2253.06 2251.84 2250.55 2249.19 2247.76 2246.27 2244.57 2242.96 2240.98 2234.83 2231.81 2229 2226.28 2224.1 2221.73 2218.23 2213.98 2208.08 2200.7 2193.47 2187.13 2180.05 2174.98 2170.18 2165.32 2159.33 2153.23 2145.11 2137.46 2129.16 2122.08 2112.67 2100.23 2087.1 2064.93 2041.48 2007.62 1976.55 1961.27 1944.23 1930.94 1916.48 1899.06 1884.08 1872.97 1859.81 1847.68 1835.66 1821.55 1808.92 1798.51 1790.44 1786.14 1780.53 1778.19 1778.6 1759.73 1755.35 1747.7 1739.66 1713.58 1697.02 1674.19 1645.03 1613.07 1577.52 1542.7 1502.31 1462.68 1397.7 1334.17 1285.62 1222.1 1116.16 1019.33 967.18 890.781 848.153 797.399 751.722 692.892 652.775 588.278 529.723 474.229 445.995 417.711 385.789 349.625 340.893 322.844 329.974 335.66 351.226 367.332 384.101 400.954 418.579 435.441 453.311 471.461 491.625 512.977 535.538 559.954 586.288 613.299 #spbio; first value is SSB_virgin (virgin)
1 0 0 0 0 0 0 0 0 0 0 0 0 0 0 0 0 0 0 0 0 0 0 0 0 0 0 0 0 0 0 0 0 0 0 0 0 0 0 0 0 0 0 0 0 0 0 0 0 0 0 0 0 0 0 0 0 0 0 0 0 0 0 0 0 0 0 0 0 0 0 0 0 0 0 0 0 0 0 0 0 0 0 0 0 0 0 0 0 0 0 0 0 0 0 0 0 0 0 0 0 0 0 0 0 0 0 0 0 0 0 0 0 0 0 0 0 0 0 0 0 0 0 0 0 0 0 0 0  # in Bzero
0 1 1 1 1 1 1 1 1 1 1 1 1 1 1 1 1 1 1 1 1 1 1 1 1 1 1 1 1 1 1 1 1 1 1 1 1 1 1 1 1 1 1 1 1 1 1 1 1 1 1 1 1 1 1 1 1 1 1 1 1 1 1 1 1 1 1 1 1 1 1 1 1 1 1 1 1 1 1 1 1 1 1 1 1 1 1 1 1 1 1 1 1 1 1 1 1 1 1 1 1 1 1 1 1 1 1 1 1 1 1 1 1 1 1 1 1 1 1 1 1 1 1 1 1 1  0 0 0 # in R project
0 1 1 1 1 1 1 1 1 1 1 1 1 1 1 1 1 1 1 1 1 1 1 1 1 1 1 1 1 1 1 1 1 1 1 1 1 1 1 1 1 1 1 1 1 1 1 1 1 1 1 1 1 1 1 1 1 1 1 1 1 1 1 1 1 1 1 1 1 1 1 1 1 1 1 1 1 1 1 1 1 1 1 1 1 1 1 1 1 1 1 1 1 1 1 1 1 1 1 1 1 1 1 1 1 1 1 1 1 1 1 1 1 1 1 1 1 1 1 1 1 1 1 1 1 1  0 0 0 # in R/S project
# Number of years with pre-specified catches
0
# catches for years with pre-specified catches go next
# Number of future recruitments to override
-2
# Process for overiding (-1 for average otherwise index in data list)
# Which probability to product detailed results for (1=0.5; 2=0.6; etc.)
3
# Steepness sigma-R Auto-correlation
0.718 0.5 0
# Target SPR rate (FMSY Proxy); manually change to SPR_MSY if not using SPR_target
0.5
# Discount rate (for cumulative catch)
0.1
# Truncate the series when 0.4B0 is reached (1=Yes)
0
# Set F to FMSY once 0.4B0 is reached (1=Yes)
0
# Maximum possible F for projection (-1 to set to FMSY)
-1
# Defintion of recovery (1=now only;2=now or before)
2
# Projection type
4
# Definition of the 40-10 rule
10 40
# Calculate coefficients of variation (1=Yes)
0
# Number of replicates to use
10
# Random number seed
-99004
# File with multiple parameter vectors 
rebuild.SSO
# User-specific projection (1=Yes); Output replaced (1->9)
0  5
# Catches and Fs (Year; 1/2/3 (F or C or SPR); value); Final row is -1
2016 1 1
-1 -1 -1
# Fixed catch project (1=Yes); Output replaced (1->9); Approach (-1=Read in else 1-9)
0 2 -1
# Split of Fs
2011  0.000559954
 0
 0.176433
 0.00737823
 0.281607
 0.257766
 0.276256
-1  1 1 1 1 1 1 1 1 1 1 1 1
# Yrs to define T_target for projection type 4 (a.k.a. 5 pre-specified inputs)
2022 2023 2024 2025 2026 
# Year for probability of recovery
2026 2027 2028 2029 2030 2031 2032 2033
# Time varying weight-at-age (1=Yes;0=No)
0
# File with time series of weight-at-age data
none
# Use bisection (0) or linear interpolation (1)
1
# Target Depletion
0.4
# CV of implementation error
0
