#Title, #runnumber: 255 yelloweye_data.ss yelloweye_control.ss 5515.42 2344.86 746.272 StartTime: Thu Jun 15 14:49:01 2017
SSv3_default_rebuild.dat
# Number of sexes
1
# Age range to consider (minimum age; maximum age)
0 100
# Number of fleets
12
# First year of projection (Yinit)
2011
# First Year of rebuilding period (Ydecl)
2013
# Number of simulations
1000
# Maximum number of years
500
# Conduct projections with multiple starting values (0=No;else yes)
0
# Number of parameter vectors
1000
# Is the maximum age a plus-group (1=Yes;2=No)
1
# Generate future recruitments using historical recruitments (1)  historical recruits/spawner (2)  or a stock-recruitment (3)
3
# Constant fishing mortality (1) or constant Catch (2) projections
1
# Fishing mortality based on SPR (1) or actual rate (2)
1
# Pre-specify the year of recovery (or -1) to ignore
-1
# Fecundity-at-age
# 0 1 2 3 4 5 6 7 8 9 10 11 12 13 14 15 16 17 18 19 20 21 22 23 24 25 26 27 28 29 30 31 32 33 34 35 36 37 38 39 40 41 42 43 44 45 46 47 48 49 50 51 52 53 54 55 56 57 58 59 60 61 62 63 64 65 66 67 68 69 70 71 72 73 74 75 76 77 78 79 80 81 82 83 84 85 86 87 88 89 90 91 92 93 94 95 96 97 98 99 100 #runnumber: 255 yelloweye_data.ss yelloweye_control.ss 5515.42 2344.86 746.272
 0 0 3.42093e-008 4.88477e-007 4.64744e-006 3.28013e-005 0.000180762 0.000790093 0.00274745 0.00769323 0.01779 0.0350453 0.0606137 0.094482 0.135608 0.182326 0.232782 0.285267 0.338389 0.391123 0.442784 0.49295 0.541393 0.588011 0.632777 0.675706 0.716835 0.756208 0.793869 0.829863 0.864233 0.897022 0.928271 0.958022 0.986318 1.0132 1.03872 1.06291 1.08583 1.10752 1.12804 1.14742 1.16572 1.18298 1.19925 1.21459 1.22902 1.24261 1.25539 1.2674 1.27869 1.28929 1.29924 1.30858 1.31734 1.32556 1.33326 1.34048 1.34724 1.35358 1.35951 1.36507 1.37027 1.37514 1.3797 1.38396 1.38795 1.39168 1.39517 1.39843 1.40148 1.4044 1.40714 1.40969 1.41208 1.41431 1.4164 1.41835 1.42017 1.42187 1.42346 1.42495 1.42633 1.42763 1.42884 1.42997 1.43103 1.43201 1.43293 1.43379 1.4346 1.43535 1.43605 1.4367 1.43731 1.43788 1.43841 1.43891 1.43937 1.43981 1.44047 #female fecundity; weighted by N in year Y_init across morphs and areas
# Age specific selectivity and weight adjusted for discard and discard mortality
 #wt and selex for gender,fleet: 1 1
 0.00972995 0.0142263 0.0499044 0.107229 0.185342 0.280723 0.389032 0.506407 0.629792 0.756953 0.886448 1.01757 1.15021 1.28463 1.4212 1.56015 1.70143 1.84465 1.98912 2.13394 2.2781 2.42063 2.56062 2.69733 2.83015 2.95864 3.08248 3.20147 3.31549 3.42451 3.52852 3.62759 3.72181 3.81128 3.89613 3.9765 4.05256 4.12447 4.19238 4.25646 4.31689 4.37384 4.42746 4.47792 4.52538 4.56999 4.61192 4.65129 4.68825 4.72293 4.75547 4.78598 4.81458 4.84138 4.8665 4.89002 4.91205 4.93267 4.95198 4.97005 4.98695 5.00277 5.01756 5.0314 5.04434 5.05644 5.06776 5.07833 5.08822 5.09746 5.10617 5.1144 5.12209 5.12927 5.13598 5.14225 5.14811 5.15358 5.15869 5.16346 5.16792 5.17209 5.17598 5.17961 5.183 5.18617 5.18912 5.19189 5.19446 5.19687 5.19912 5.20122 5.20318 5.20501 5.20672 5.20831 5.2098 5.21119 5.21249 5.2137 5.21555
 0 0 0 0 0 0 0 0 0 0 0 0 0 0 0 0 0 0 0 0 0 0 0 0 0 0 0 0 0 0 0 0 0 0 0 0 0 0 0 0 0 0 0 0 0 0 0 0 0 0 0 0 0 0 0 0 0 0 0 0 0 0 0 0 0 0 0 0 0 0 0 0 0 0 0 0 0 0 0 0 0 0 0 0 0 0 0 0 0 0 0 0 0 0 0 0 0 0 0 1 0
 #wt and selex for gender,fleet: 1 3
 0.00971036 0.0136843 0.0440599 0.0946596 0.164511 0.251142 0.351186 0.461432 0.579181 0.702401 0.829816 0.960876 1.09554 1.23393 1.37604 1.52154 1.66975 1.81968 1.97017 2.12007 2.26828 2.41388 2.55611 2.69438 2.82826 2.95745 3.08174 3.20102 3.31522 3.42434 3.52842 3.62753 3.72177 3.81125 3.89611 3.9765 4.05256 4.12446 4.19237 4.25646 4.31689 4.37383 4.42745 4.47792 4.52538 4.56999 4.61192 4.65129 4.68825 4.72293 4.75547 4.78598 4.81458 4.84138 4.8665 4.89002 4.91205 4.93267 4.95198 4.97005 4.98695 5.00277 5.01756 5.0314 5.04434 5.05644 5.06776 5.07833 5.08822 5.09746 5.10617 5.1144 5.12209 5.12927 5.13598 5.14225 5.14811 5.15358 5.15869 5.16346 5.16792 5.17209 5.17598 5.17961 5.183 5.18617 5.18912 5.19189 5.19446 5.19687 5.19912 5.20122 5.20318 5.20501 5.20672 5.20831 5.2098 5.21119 5.21249 5.2137 5.21555
 0 0 0 0 0 0 0 0 0 0 0 0 0 0 0 0 0 0 0 0 0 0 0 0 0 0 0 0 0 0 0 0 0 0 0 0 0 0 0 0 0 0 0 0 0 0 0 0 0 0 0 0 0 0 0 0 0 0 0 0 0 0 0 0 0 0 0 0 0 0 0 0 0 0 0 0 0 0 0 0 0 0 0 0 0 0 0 0 0 0 0 0 0 0 0 0 0 0 0 1 0
 #wt and selex for gender,fleet: 1 4
 0.00969834 0.0133551 0.0401402 0.0865051 0.152107 0.235415 0.333889 0.444766 0.565447 0.693652 0.827481 0.965436 1.10642 1.24969 1.39474 1.54119 1.68865 1.83661 1.98449 2.13159 2.27717 2.42049 2.56087 2.69772 2.83056 2.959 3.08277 3.20169 3.31565 3.42462 3.5286 3.62765 3.72185 3.8113 3.89614 3.97652 4.05257 4.12447 4.19238 4.25646 4.31689 4.37384 4.42746 4.47792 4.52538 4.57 4.61192 4.65129 4.68825 4.72293 4.75547 4.78598 4.81458 4.84138 4.8665 4.89002 4.91205 4.93267 4.95198 4.97005 4.98695 5.00277 5.01756 5.0314 5.04434 5.05644 5.06776 5.07833 5.08822 5.09746 5.10617 5.1144 5.12209 5.12927 5.13598 5.14225 5.14811 5.15358 5.15869 5.16346 5.16792 5.17209 5.17598 5.17961 5.183 5.18617 5.18912 5.19189 5.19446 5.19687 5.19912 5.20122 5.20318 5.20501 5.20672 5.20831 5.2098 5.21119 5.21249 5.2137 5.21555
 0 0 0 0 0 0 0 0 0 0 0 0 0 0 0 0 0 0 0 0 0 0 0 0 0 0 0 0 0 0 0 0 0 0 0 0 0 0 0 0 0 0 0 0 0 0 0 0 0 0 0 0 0 0 0 0 0 0 0 0 0 0 0 0 0 0 0 0 0 0 0 0 0 0 0 0 0 0 0 0 0 0 0 0 0 0 0 0 0 0 0 0 0 0 0 0 0 0 0 1 0
 #wt and selex for gender,fleet: 1 5
 0.00971657 0.0138573 0.0462313 0.100111 0.174954 0.268186 0.376115 0.495141 0.622168 0.754709 0.890844 1.02917 1.16875 1.30902 1.44974 1.59083 1.73224 1.87388 2.01549 2.15672 2.29702 2.43581 2.57244 2.70629 2.83679 2.96347 3.08594 3.20391 3.3172 3.42569 3.52934 3.62816 3.7222 3.81154 3.89631 3.97663 4.05265 4.12453 4.19242 4.25649 4.31692 4.37385 4.42747 4.47793 4.52539 4.57 4.61192 4.65129 4.68825 4.72293 4.75547 4.78598 4.81458 4.84138 4.8665 4.89002 4.91205 4.93267 4.95198 4.97005 4.98695 5.00277 5.01756 5.0314 5.04434 5.05644 5.06776 5.07833 5.08822 5.09746 5.10617 5.1144 5.12209 5.12927 5.13598 5.14225 5.14811 5.15358 5.15869 5.16346 5.16792 5.17209 5.17598 5.17961 5.183 5.18617 5.18912 5.19189 5.19446 5.19687 5.19912 5.20122 5.20318 5.20501 5.20672 5.20831 5.2098 5.21119 5.21249 5.2137 5.21555
 0 0 0 0 0 0 0 0 0 0 0 0 0 0 0 0 0 0 0 0 0 0 0 0 0 0 0 0 0 0 0 0 0 0 0 0 0 0 0 0 0 0 0 0 0 0 0 0 0 0 0 0 0 0 0 0 0 0 0 0 0 0 0 0 0 0 0 0 0 0 0 0 0 0 0 0 0 0 0 0 0 0 0 0 0 0 0 0 0 0 0 0 0 0 0 0 0 0 0 1 0
 #wt and selex for gender,fleet: 1 6
 0.00967793 0.0128001 0.0322329 0.067721 0.121271 0.193883 0.445094 2.1538 2.2414 2.25954 2.27938 2.30233 2.32858 2.35836 2.39199 2.42985 2.47234 2.51986 2.57279 2.63142 2.69588 2.76616 2.84203 2.92302 3.00847 3.09754 3.18922 3.2825 3.37633 3.46975 3.5619 3.65205 3.73963 3.8242 3.90547 3.98324 4.0574 4.12792 4.19482 4.25818 4.31807 4.37462 4.42795 4.4782 4.5255 4.56999 4.61182 4.65112 4.68803 4.72267 4.75517 4.78565 4.81423 4.84102 4.86611 4.88963 4.91164 4.93226 4.95156 4.96962 4.98652 5.00233 5.01712 5.03096 5.0439 5.05599 5.0673 5.07788 5.08776 5.097 5.10571 5.11394 5.12162 5.1288 5.13551 5.14178 5.14764 5.1531 5.15821 5.16299 5.16744 5.17161 5.17549 5.17912 5.18251 5.18568 5.18864 5.1914 5.19398 5.19638 5.19863 5.20073 5.20269 5.20452 5.20623 5.20782 5.20931 5.2107 5.212 5.21321 5.21506
 0 0 0 0 0 0 0 0 0 0 0 0 0 0 0 0 0 0 0 0 0 0 0 0 0 0 0 0 0 0 0 0 0 0 0 0 0 0 0 0 0 0 0 0 0 0 0 0 0 0 0 0 0 0 0 0 0 0 0 0 0 0 0 0 0 0 0 0 0 0 0 0 0 0 0 0 0 0 0 0 0 0 0 0 0 0 0 0 0 0 0 0 0 0 0 0 0 0 0 1 0
 #wt and selex for gender,fleet: 1 7
 0.00968045 0.0128702 0.0337639 0.478342 0.520858 0.548226 0.584309 0.629224 0.685186 0.755065 0.841239 0.944728 1.06471 1.19867 1.34308 1.49426 1.64903 1.80496 1.96026 2.11368 2.26431 2.41149 2.5547 2.69357 2.8278 2.9572 3.0816 3.20094 3.31517 3.42431 3.52841 3.62752 3.72177 3.81125 3.89611 3.9765 4.05256 4.12446 4.19237 4.25646 4.31689 4.37383 4.42745 4.47792 4.52538 4.56999 4.61192 4.65129 4.68825 4.72293 4.75547 4.78598 4.81458 4.84138 4.86649 4.89002 4.91205 4.93267 4.95198 4.97005 4.98695 5.00277 5.01756 5.0314 5.04434 5.05644 5.06776 5.07833 5.08822 5.09746 5.10617 5.1144 5.12209 5.12927 5.13598 5.14225 5.14811 5.15358 5.15869 5.16346 5.16792 5.17209 5.17597 5.17961 5.183 5.18617 5.18912 5.19188 5.19446 5.19687 5.19912 5.20122 5.20318 5.20501 5.20672 5.20831 5.2098 5.21119 5.21249 5.2137 5.21555
 0 0 0 0 0 0 0 0 0 0 0 0 0 0 0 0 0 0 0 0 0 0 0 0 0 0 0 0 0 0 0 0 0 0 0 0 0 0 0 0 0 0 0 0 0 0 0 0 0 0 0 0 0 0 0 0 0 0 0 0 0 0 0 0 0 0 0 0 0 0 0 0 0 0 0 0 0 0 0 0 0 0 0 0 0 0 0 0 0 0 0 0 0 0 0 0 0 0 0 1 0
# M and current age-structure in year Yinit: 2011
 # gender = 1
 0.0439034 0.0439034 0.0439034 0.0439034 0.0439034 0.0439034 0.0439034 0.0439034 0.0439034 0.0439034 0.0439034 0.0439034 0.0439034 0.0439034 0.0439034 0.0439034 0.0439034 0.0439034 0.0439034 0.0439034 0.0439034 0.0439034 0.0439034 0.0439034 0.0439034 0.0439034 0.0439034 0.0439034 0.0439034 0.0439034 0.0439034 0.0439034 0.0439034 0.0439034 0.0439034 0.0439034 0.0439034 0.0439034 0.0439034 0.0439034 0.0439034 0.0439034 0.0439034 0.0439034 0.0439034 0.0439034 0.0439034 0.0439034 0.0439034 0.0439034 0.0439034 0.0439034 0.0439034 0.0439034 0.0439034 0.0439034 0.0439034 0.0439034 0.0439034 0.0439034 0.0439034 0.0439034 0.0439034 0.0439034 0.0439034 0.0439034 0.0439034 0.0439034 0.0439034 0.0439034 0.0439034 0.0439034 0.0439034 0.0439034 0.0439034 0.0439034 0.0439034 0.0439034 0.0439034 0.0439034 0.0439034 0.0439034 0.0439034 0.0439034 0.0439034 0.0439034 0.0439034 0.0439034 0.0439034 0.0439034 0.0439034 0.0439034 0.0439034 0.0439034 0.0439034 0.0439034 0.0439034 0.0439034 0.0439034 0.0439034 0.0439034
 262.475 289.806 239.669 299.79 198.356 143.078 104.886 78.3849 162.212 303.803 108.186 80.6056 145.069 71.6858 42.4206 35.8352 37.2539 83.7892 99.7611 35.9633 27.1115 27.6761 28.8851 29.4586 30.6105 30.2433 34.351 41.6745 34.0575 39.7112 28.4266 20.8446 14.7253 11.3459 12.1795 11.6245 11.1123 7.1217 6.75335 8.28377 12.5869 8.83843 6.61145 4.93008 3.80385 3.0997 2.37273 1.94029 1.84489 1.9801 2.21948 2.34223 2.1884 1.90049 1.63844 1.45465 1.35523 1.33152 1.37624 1.48742 1.65583 1.83691 1.924 1.82587 1.60829 1.38894 1.21312 1.0822 0.986183 0.913747 0.857318 0.811841 0.774184 0.741911 0.712459 0.683617 0.65391 0.623159 0.592108 0.562018 0.533999 0.50872 0.48629 0.466545 0.449012 0.433124 0.418363 0.404297 0.390576 0.376985 0.363401 0.349772 0.336126 0.322581 0.309145 0.29576 0.282777 0.270263 0.258251 0.246766 5.47965
# Age-structure at Ydeclare= 2013
 138.68 126.927 240.41 265.439 219.512 274.557 181.636 130.986 95.9822 71.6904 148.263 277.508 98.7706 73.5593 132.342 65.378 38.6777 32.6648 33.9491 76.3364 90.8645 32.7483 24.6825 25.1917 26.2879 26.8062 27.8511 27.5144 31.2489 37.9084 30.9779 36.1186 25.8537 18.9573 13.3916 10.318 11.0759 10.571 10.1051 6.47608 6.14104 7.53261 11.4455 8.03681 6.01175 4.48286 3.45876 2.81848 2.15746 1.76424 1.6775 1.80043 2.01809 2.12969 1.98981 1.72803 1.48976 1.32264 1.23225 1.21069 1.25136 1.35244 1.50557 1.67022 1.7494 1.66017 1.46234 1.26289 1.10303 0.983993 0.896687 0.830824 0.779516 0.738165 0.703926 0.674581 0.647802 0.621578 0.594567 0.566606 0.538373 0.511013 0.485538 0.462553 0.442158 0.424205 0.408264 0.393818 0.380396 0.367607 0.355131 0.342773 0.330422 0.318029 0.305622 0.293306 0.28109 0.268919 0.257114 0.245736 5.44156
# Year for Tmin Age-structure (set to Ydecl by SS)
2013
#  recruitment and biomass
# Number of historical assessment years
129
# Historical data
# year recruitment spawner in B0 in R project in R/S project
1888  1889 1890 1891 1892 1893 1894 1895 1896 1897 1898 1899 1900 1901 1902 1903 1904 1905 1906 1907 1908 1909 1910 1911 1912 1913 1914 1915 1916 1917 1918 1919 1920 1921 1922 1923 1924 1925 1926 1927 1928 1929 1930 1931 1932 1933 1934 1935 1936 1937 1938 1939 1940 1941 1942 1943 1944 1945 1946 1947 1948 1949 1950 1951 1952 1953 1954 1955 1956 1957 1958 1959 1960 1961 1962 1963 1964 1965 1966 1967 1968 1969 1970 1971 1972 1973 1974 1975 1976 1977 1978 1979 1980 1981 1982 1983 1984 1985 1986 1987 1988 1989 1990 1991 1992 1993 1994 1995 1996 1997 1998 1999 2000 2001 2002 2003 2004 2005 2006 2007 2008 2009 2010 2011 2012 2013 2014 2015 2016 #years (with first value representing R0)
223.226 221.222 221.157 221.09 221.021 220.942 220.862 220.78 220.701 220.621 220.54 220.458 220.372 220.287 220.205 220.112 220.022 219.936 219.856 219.79 219.734 219.684 219.645 219.61 219.579 219.529 219.442 219.277 218.997 218.551 217.708 216.546 215.094 213.314 211.223 208.877 206.356 203.767 201.261 198.994 197.127 195.809 195.117 194.993 195.288 195.69 195.81 195.294 194.018 192.146 190.158 188.625 188.087 188.942 191.634 196.88 205.709 219.583 239.414 263.982 285.333 286.191 260.003 222.938 190.413 167.431 153.853 148.622 151.281 161.438 177.227 192.912 194.922 174.123 146.206 127.981 126.194 144.318 175.826 200.538 240.625 297.401 364.647 473.721 282.753 207.777 196.265 272.648 252.477 232.927 190.106 215.113 264.151 310.918 373.109 273.918 286.705 202.531 153.633 134.995 113.826 98.7998 84.7621 75.2242 91.4783 235.25 184.977 77.5783 70.7698 79.6931 128.347 247.792 131.446 168.513 452.193 230.815 106.669 136.545 178.228 236.448 342 261.666 302.812 262.475 132.624 138.68 141.559 157.357 182.408  #recruits; first value is R0 (virgin)
2344.86  2344.86 2344.85 2344.84 2344.83 2343.96 2343.12 2342.28 2342.08 2342.05 2342.02 2342 2341.94 2341.83 2341.68 2341.46 2341.18 2340.81 2340.4 2339.92 2339.38 2338.56 2337.91 2337.21 2336.46 2335.67 2334.83 2333.94 2332.88 2331.41 2329.56 2323.57 2320.7 2318.04 2315.48 2313.45 2311.25 2307.92 2303.87 2298.17 2291 2283.99 2277.85 2270.99 2266.14 2261.54 2256.9 2251.12 2245.22 2237.3 2229.85 2221.74 2214.84 2205.61 2193.36 2180.42 2158.49 2135.24 2101.59 2070.66 2055.49 2038.99 2026.06 2011.76 1994.49 1979.88 1969.05 1956.39 1944.79 1933.49 1920.32 1908.9 1899.89 1893.36 1890.58 1886.45 1885.6 1887.21 1869.38 1865.67 1858.45 1850.68 1824.67 1807.94 1784.75 1755 1722.16 1685.5 1649.56 1607.85 1566.97 1500.83 1437.3 1388.25 1324.37 1217.74 1120.43 1067.76 991.188 948.323 900.083 857.112 802.383 763.714 699.179 640.224 583.891 554.889 525.206 491.358 452.517 441.352 420.518 425.981 429.982 444.778 460.274 476.608 493.177 510.749 527.671 545.748 564.318 585.149 607.494 631.362 657.413 685.726 715.014 #spbio; first value is SSB_virgin (virgin)
1 0 0 0 0 0 0 0 0 0 0 0 0 0 0 0 0 0 0 0 0 0 0 0 0 0 0 0 0 0 0 0 0 0 0 0 0 0 0 0 0 0 0 0 0 0 0 0 0 0 0 0 0 0 0 0 0 0 0 0 0 0 0 0 0 0 0 0 0 0 0 0 0 0 0 0 0 0 0 0 0 0 0 0 0 0 0 0 0 0 0 0 0 0 0 0 0 0 0 0 0 0 0 0 0 0 0 0 0 0 0 0 0 0 0 0 0 0 0 0 0 0 0 0 0 0 0 0 0  # in Bzero
0 1 1 1 1 1 1 1 1 1 1 1 1 1 1 1 1 1 1 1 1 1 1 1 1 1 1 1 1 1 1 1 1 1 1 1 1 1 1 1 1 1 1 1 1 1 1 1 1 1 1 1 1 1 1 1 1 1 1 1 1 1 1 1 1 1 1 1 1 1 1 1 1 1 1 1 1 1 1 1 1 1 1 1 1 1 1 1 1 1 1 1 1 1 1 1 1 1 1 1 1 1 1 1 1 1 1 1 1 1 1 1 1 1 1 1 1 1 1 1 1 1 1 1 1 1  0 0 0 # in R project
0 1 1 1 1 1 1 1 1 1 1 1 1 1 1 1 1 1 1 1 1 1 1 1 1 1 1 1 1 1 1 1 1 1 1 1 1 1 1 1 1 1 1 1 1 1 1 1 1 1 1 1 1 1 1 1 1 1 1 1 1 1 1 1 1 1 1 1 1 1 1 1 1 1 1 1 1 1 1 1 1 1 1 1 1 1 1 1 1 1 1 1 1 1 1 1 1 1 1 1 1 1 1 1 1 1 1 1 1 1 1 1 1 1 1 1 1 1 1 1 1 1 1 1 1 1  0 0 0 # in R/S project
# Number of years with pre-specified catches
0
# catches for years with pre-specified catches go next
# Number of future recruitments to override
-2
# Process for overiding (-1 for average otherwise index in data list)
# Which probability to product detailed results for (1=0.5; 2=0.6; etc.)
3
# Steepness sigma-R Auto-correlation
0.718 0.5 0
# Target SPR rate (FMSY Proxy); manually change to SPR_MSY if not using SPR_target
0.5
# Discount rate (for cumulative catch)
0.1
# Truncate the series when 0.4B0 is reached (1=Yes)
0
# Set F to FMSY once 0.4B0 is reached (1=Yes)
0
# Maximum possible F for projection (-1 to set to FMSY)
-1
# Defintion of recovery (1=now only;2=now or before)
2
# Projection type
4
# Definition of the 40-10 rule
10 40
# Calculate coefficients of variation (1=Yes)
0
# Number of replicates to use
10
# Random number seed
-99004
# File with multiple parameter vectors 
rebuild.SSO
# User-specific projection (1=Yes); Output replaced (1->9)
0  5
# Catches and Fs (Year; 1/2/3 (F or C or SPR); value); Final row is -1
2016 1 1
-1 -1 -1
# Fixed catch project (1=Yes); Output replaced (1->9); Approach (-1=Read in else 1-9)
0 2 -1
# Split of Fs
2011  0.00059853
 0
 0.189597
 0.0059878
 0.23244
 0.322103
 0.249274
-1  1 1 1 1 1 1 1 1 1 1 1 1
# Yrs to define T_target for projection type 4 (a.k.a. 5 pre-specified inputs)
2022 2023 2024 2025 2026 
# Year for probability of recovery
2026 2027 2028 2029 2030 2031 2032 2033
# Time varying weight-at-age (1=Yes;0=No)
0
# File with time series of weight-at-age data
none
# Use bisection (0) or linear interpolation (1)
1
# Target Depletion
0.4
# CV of implementation error
0
