#Title, #runnumber: 256 yelloweye_data.ss yelloweye_control.ss 5463.59 2252.78 645.271 StartTime: Thu Jun 15 14:18:58 2017
SSv3_default_rebuild.dat
# Number of sexes
1
# Age range to consider (minimum age; maximum age)
0 100
# Number of fleets
12
# First year of projection (Yinit)
2011
# First Year of rebuilding period (Ydecl)
2013
# Number of simulations
1000
# Maximum number of years
500
# Conduct projections with multiple starting values (0=No;else yes)
0
# Number of parameter vectors
1000
# Is the maximum age a plus-group (1=Yes;2=No)
1
# Generate future recruitments using historical recruitments (1)  historical recruits/spawner (2)  or a stock-recruitment (3)
3
# Constant fishing mortality (1) or constant Catch (2) projections
1
# Fishing mortality based on SPR (1) or actual rate (2)
1
# Pre-specify the year of recovery (or -1) to ignore
-1
# Fecundity-at-age
# 0 1 2 3 4 5 6 7 8 9 10 11 12 13 14 15 16 17 18 19 20 21 22 23 24 25 26 27 28 29 30 31 32 33 34 35 36 37 38 39 40 41 42 43 44 45 46 47 48 49 50 51 52 53 54 55 56 57 58 59 60 61 62 63 64 65 66 67 68 69 70 71 72 73 74 75 76 77 78 79 80 81 82 83 84 85 86 87 88 89 90 91 92 93 94 95 96 97 98 99 100 #runnumber: 256 yelloweye_data.ss yelloweye_control.ss 5463.59 2252.78 645.271
 0 0 8.14291e-008 9.0712e-007 7.21714e-006 4.44318e-005 0.00021967 0.000881124 0.00287272 0.00769116 0.0172771 0.0334489 0.0573121 0.088967 0.127591 0.171759 0.219816 0.27018 0.321518 0.372812 0.423348 0.472668 0.520504 0.56672 0.611262 0.654126 0.695333 0.734917 0.772913 0.809359 0.844291 0.877744 0.909751 0.940345 0.969562 0.997436 1.024 1.0493 1.07336 1.09624 1.11796 1.13857 1.15811 1.17663 1.19416 1.21074 1.22643 1.24124 1.25524 1.26845 1.28092 1.29267 1.30375 1.3142 1.32403 1.33329 1.34201 1.35021 1.35793 1.36519 1.37201 1.37842 1.38445 1.39011 1.39543 1.40043 1.40512 1.40953 1.41366 1.41754 1.42119 1.42469 1.42798 1.43107 1.43397 1.43668 1.43923 1.44162 1.44386 1.44596 1.44793 1.44978 1.45151 1.45313 1.45466 1.45608 1.45742 1.45867 1.45985 1.46095 1.46198 1.46295 1.46385 1.4647 1.4655 1.46624 1.46694 1.4676 1.46821 1.46878 1.46968 #female fecundity; weighted by N in year Y_init across morphs and areas
# Age specific selectivity and weight adjusted for discard and discard mortality
 #wt and selex for gender,fleet: 1 1
 0.0108268 0.0195352 0.0502146 0.0990199 0.166293 0.250964 0.351097 0.464401 0.588545 0.721323 0.860744 1.00505 1.15271 1.30241 1.45304 1.60362 1.75334 1.90151 2.04755 2.19096 2.33134 2.46836 2.60175 2.73131 2.85688 2.97834 3.09562 3.20866 3.31744 3.42198 3.52229 3.61842 3.71041 3.79833 3.88228 3.96232 4.03857 4.11112 4.18008 4.24558 4.30772 4.36664 4.42245 4.47528 4.52525 4.57248 4.61711 4.65924 4.69899 4.73649 4.77184 4.80515 4.83652 4.86606 4.89387 4.92003 4.94464 4.96778 4.98954 5.00999 5.02921 5.04726 5.06422 5.08014 5.0951 5.10913 5.12231 5.13468 5.14628 5.15717 5.1675 5.1773 5.18649 5.19511 5.20319 5.21077 5.21787 5.22453 5.23078 5.23664 5.24213 5.24727 5.25209 5.25661 5.26085 5.26482 5.26854 5.27203 5.2753 5.27836 5.28123 5.28392 5.28644 5.2888 5.29101 5.29308 5.29502 5.29684 5.29855 5.30015 5.30264
 0 0 0 0 0 0 0 0 0 0 0 0 0 0 0 0 0 0 0 0 0 0 0 0 0 0 0 0 0 0 0 0 0 0 0 0 0 0 0 0 0 0 0 0 0 0 0 0 0 0 0 0 0 0 0 0 0 0 0 0 0 0 0 0 0 0 0 0 0 0 0 0 0 0 0 0 0 0 0 0 0 0 0 0 0 0 0 0 0 0 0 0 0 0 0 0 0 0 0 1 0
 #wt and selex for gender,fleet: 1 3
 0.0109124 0.0209966 0.0559966 0.108824 0.178919 0.263919 0.360951 0.467293 0.580637 0.699208 0.821843 0.947988 1.07755 1.21061 1.3472 1.4871 1.62978 1.77444 1.92009 2.0657 2.21027 2.3529 2.49285 2.62949 2.76239 2.89118 3.01562 3.13555 3.25087 3.36153 3.46753 3.56889 3.66568 3.75798 3.84588 3.92949 4.00894 4.08436 4.1559 4.22368 4.28787 4.3486 4.40603 4.46029 4.51153 4.5599 4.60554 4.64857 4.68912 4.72733 4.76332 4.7972 4.82909 4.85909 4.8873 4.91384 4.93878 4.96223 4.98426 5.00495 5.02439 5.04265 5.05979 5.07588 5.09099 5.10517 5.11847 5.13096 5.14267 5.15366 5.16406 5.17392 5.18316 5.19182 5.19995 5.20757 5.21471 5.22141 5.22769 5.23358 5.2391 5.24427 5.24912 5.25366 5.25792 5.26191 5.26565 5.26915 5.27244 5.27551 5.2784 5.2811 5.28363 5.286 5.28823 5.29031 5.29226 5.29409 5.2958 5.2974 5.29991
 0 0 0 0 0 0 0 0 0 0 0 0 0 0 0 0 0 0 0 0 0 0 0 0 0 0 0 0 0 0 0 0 0 0 0 0 0 0 0 0 0 0 0 0 0 0 0 0 0 0 0 0 0 0 0 0 0 0 0 0 0 0 0 0 0 0 0 0 0 0 0 0 0 0 0 0 0 0 0 0 0 0 0 0 0 0 0 0 0 0 0 0 0 0 0 0 0 0 0 1 0
 #wt and selex for gender,fleet: 1 4
 0.0108418 0.0197908 0.0512021 0.100445 0.167524 0.25101 0.348719 0.458267 0.577361 0.70393 0.83617 0.972549 1.1118 1.25288 1.395 1.53755 1.68005 1.82215 1.96348 2.10373 2.24254 2.37952 2.51426 2.64636 2.77543 2.90111 3.02308 3.1411 3.25496 3.36453 3.46972 3.57049 3.66684 3.75882 3.84649 3.92994 4.00927 4.08461 4.15608 4.22382 4.28797 4.34868 4.40608 4.46033 4.51157 4.55993 4.60556 4.64858 4.68914 4.72734 4.76333 4.79721 4.82909 4.85909 4.88731 4.91384 4.93879 4.96223 4.98426 5.00496 5.02439 5.04265 5.05979 5.07589 5.09099 5.10517 5.11847 5.13096 5.14267 5.15366 5.16406 5.17392 5.18316 5.19182 5.19995 5.20757 5.21472 5.22141 5.22769 5.23358 5.2391 5.24427 5.24912 5.25366 5.25792 5.26191 5.26565 5.26915 5.27244 5.27551 5.2784 5.2811 5.28363 5.286 5.28823 5.29031 5.29226 5.29409 5.2958 5.29741 5.29991
 0 0 0 0 0 0 0 0 0 0 0 0 0 0 0 0 0 0 0 0 0 0 0 0 0 0 0 0 0 0 0 0 0 0 0 0 0 0 0 0 0 0 0 0 0 0 0 0 0 0 0 0 0 0 0 0 0 0 0 0 0 0 0 0 0 0 0 0 0 0 0 0 0 0 0 0 0 0 0 0 0 0 0 0 0 0 0 0 0 0 0 0 0 0 0 0 0 0 0 1 0
 #wt and selex for gender,fleet: 1 5
 0.0109236 0.0212134 0.0573196 0.112589 0.186991 0.27836 0.383751 0.500196 0.625023 0.755967 0.89117 1.02914 1.1687 1.30896 1.44924 1.58908 1.72819 1.86633 2.00335 2.1391 2.27337 2.40596 2.53657 2.66489 2.79061 2.91337 3.03288 3.14884 3.26102 3.36924 3.47335 3.57328 3.66898 3.76046 3.84774 3.9309 4.01 4.08517 4.15651 4.22415 4.28823 4.34888 4.40624 4.46046 4.51167 4.56001 4.60562 4.64864 4.68918 4.72738 4.76336 4.79723 4.82911 4.85911 4.88732 4.91386 4.9388 4.96224 4.98427 5.00496 5.0244 5.04266 5.0598 5.07589 5.091 5.10517 5.11848 5.13096 5.14267 5.15366 5.16407 5.17392 5.18316 5.19183 5.19995 5.20757 5.21472 5.22142 5.2277 5.23358 5.2391 5.24427 5.24912 5.25366 5.25792 5.26191 5.26565 5.26916 5.27244 5.27552 5.2784 5.2811 5.28363 5.28601 5.28823 5.29031 5.29226 5.29409 5.2958 5.29741 5.29991
 0 0 0 0 0 0 0 0 0 0 0 0 0 0 0 0 0 0 0 0 0 0 0 0 0 0 0 0 0 0 0 0 0 0 0 0 0 0 0 0 0 0 0 0 0 0 0 0 0 0 0 0 0 0 0 0 0 0 0 0 0 0 0 0 0 0 0 0 0 0 0 0 0 0 0 0 0 0 0 0 0 0 0 0 0 0 0 0 0 0 0 0 0 0 0 0 0 0 0 1 0
 #wt and selex for gender,fleet: 1 6
 0.0114796 0.0292951 0.0796759 0.147605 0.229992 0.321186 0.416861 0.51452 0.613672 0.715528 0.822148 0.935497 1.05679 1.1862 1.32294 1.46551 1.61209 1.76086 1.9102 2.05879 2.20557 2.34974 2.49071 2.628 2.76128 2.89029 3.01485 3.13484 3.25018 3.36084 3.46683 3.56818 3.66496 3.75723 3.84512 3.92871 4.00815 4.08356 4.15508 4.22286 4.28703 4.34776 4.40517 4.45943 4.51067 4.55903 4.60466 4.64768 4.68823 4.72644 4.76242 4.7963 4.82818 4.85818 4.8864 4.91293 4.93787 4.96131 4.98334 5.00403 5.02347 5.04173 5.05887 5.07496 5.09007 5.10424 5.11755 5.13003 5.14174 5.15273 5.16313 5.17298 5.18222 5.19088 5.19901 5.20662 5.21376 5.22046 5.22674 5.23262 5.23814 5.24331 5.24815 5.25269 5.25695 5.26094 5.26468 5.26818 5.27146 5.27454 5.27742 5.28012 5.28265 5.28502 5.28725 5.28933 5.29128 5.29311 5.29482 5.29642 5.29893
 0 0 0 0 0 0 0 0 0 0 0 0 0 0 0 0 0 0 0 0 0 0 0 0 0 0 0 0 0 0 0 0 0 0 0 0 0 0 0 0 0 0 0 0 0 0 0 0 0 0 0 0 0 0 0 0 0 0 0 0 0 0 0 0 0 0 0 0 0 0 0 0 0 0 0 0 0 0 0 0 0 0 0 0 0 0 0 0 0 0 0 0 0 0 0 0 0 0 0 1 0
 #wt and selex for gender,fleet: 1 7
 0.0114582 0.0292251 0.0815118 0.154989 0.247393 0.352898 0.466364 0.583955 0.703097 0.8223 0.941026 1.05953 1.17861 1.29929 1.42253 1.54903 1.67902 1.81231 1.94829 2.08605 2.22453 2.36263 2.49932 2.63371 2.76508 2.89287 3.01667 3.1362 3.25126 3.36177 3.46767 3.56898 3.66574 3.75801 3.8459 3.9295 4.00895 4.08437 4.1559 4.22369 4.28787 4.3486 4.40603 4.46029 4.51153 4.5599 4.60554 4.64857 4.68912 4.72733 4.76332 4.7972 4.82909 4.85909 4.8873 4.91384 4.93878 4.96223 4.98426 5.00495 5.02439 5.04265 5.05979 5.07588 5.09099 5.10517 5.11847 5.13096 5.14267 5.15366 5.16406 5.17392 5.18316 5.19182 5.19995 5.20757 5.21471 5.22141 5.22769 5.23358 5.2391 5.24427 5.24912 5.25366 5.25792 5.26191 5.26565 5.26915 5.27244 5.27551 5.2784 5.2811 5.28363 5.286 5.28823 5.29031 5.29226 5.29409 5.2958 5.2974 5.29991
 0 0 0 0 0 0 0 0 0 0 0 0 0 0 0 0 0 0 0 0 0 0 0 0 0 0 0 0 0 0 0 0 0 0 0 0 0 0 0 0 0 0 0 0 0 0 0 0 0 0 0 0 0 0 0 0 0 0 0 0 0 0 0 0 0 0 0 0 0 0 0 0 0 0 0 0 0 0 0 0 0 0 0 0 0 0 0 0 0 0 0 0 0 0 0 0 0 0 0 1 0
# M and current age-structure in year Yinit: 2011
 # gender = 1
 0.0439034 0.0439034 0.0439034 0.0439034 0.0439034 0.0439034 0.0439034 0.0439034 0.0439034 0.0439034 0.0439034 0.0439034 0.0439034 0.0439034 0.0439034 0.0439034 0.0439034 0.0439034 0.0439034 0.0439034 0.0439034 0.0439034 0.0439034 0.0439034 0.0439034 0.0439034 0.0439034 0.0439034 0.0439034 0.0439034 0.0439034 0.0439034 0.0439034 0.0439034 0.0439034 0.0439034 0.0439034 0.0439034 0.0439034 0.0439034 0.0439034 0.0439034 0.0439034 0.0439034 0.0439034 0.0439034 0.0439034 0.0439034 0.0439034 0.0439034 0.0439034 0.0439034 0.0439034 0.0439034 0.0439034 0.0439034 0.0439034 0.0439034 0.0439034 0.0439034 0.0439034 0.0439034 0.0439034 0.0439034 0.0439034 0.0439034 0.0439034 0.0439034 0.0439034 0.0439034 0.0439034 0.0439034 0.0439034 0.0439034 0.0439034 0.0439034 0.0439034 0.0439034 0.0439034 0.0439034 0.0439034 0.0439034 0.0439034 0.0439034 0.0439034 0.0439034 0.0439034 0.0439034 0.0439034 0.0439034 0.0439034 0.0439034 0.0439034 0.0439034 0.0439034 0.0439034 0.0439034 0.0439034 0.0439034 0.0439034 0.0439034
 227.479 231.144 205.248 267.06 167.637 125.535 93.8366 69.4821 143.403 280.974 99.8947 71.9618 139.617 70.2625 40.985 33.3393 33.2069 68.0416 93.2151 34.3248 26.0242 27.5796 30.0308 30.531 30.9156 29.7751 33.8968 41.4778 31.759 38.5669 25.022 16.8795 12.3434 9.27857 9.79267 9.11834 8.72974 5.57405 5.19456 6.30852 9.8497 6.43039 4.83048 3.54303 2.69034 2.17126 1.64655 1.32866 1.24657 1.32326 1.47227 1.54796 1.44267 1.24893 1.07327 0.950015 0.882577 0.864808 0.89137 0.960251 1.06475 1.17631 1.23013 1.17135 1.0365 0.897282 0.784048 0.699072 0.636557 0.589384 0.552684 0.523151 0.498737 0.477858 0.458847 0.440255 0.421095 0.401234 0.381151 0.361668 0.343513 0.327125 0.312575 0.299756 0.288366 0.278038 0.268447 0.25932 0.25044 0.241671 0.232935 0.224198 0.215471 0.206824 0.198252 0.189715 0.181433 0.173445 0.165772 0.158431 3.53563
# Age-structure at Ydeclare= 2013
 117.095 109.68 208.356 211.708 187.981 244.566 153.484 114.893 85.8335 63.5111 130.975 256.414 91.0929 65.5767 127.156 63.9623 37.2967 30.3308 30.2043 61.8802 84.7653 31.211 23.6621 25.0753 27.303 27.7569 28.1056 27.0679 30.8138 37.7038 28.8681 35.0548 22.7423 15.3411 11.218 8.43227 8.8992 8.28616 7.93282 5.06507 4.72011 5.73218 8.94961 5.84262 4.38884 3.21902 2.44424 1.9726 1.49587 1.20705 1.13245 1.2021 1.33745 1.40619 1.31053 1.13452 0.974948 0.862975 0.801711 0.785565 0.809689 0.872253 0.967169 1.0685 1.11738 1.06399 0.941494 0.815039 0.712182 0.634993 0.578207 0.535358 0.502021 0.475195 0.453018 0.434053 0.416784 0.399896 0.382493 0.364452 0.34621 0.328513 0.312022 0.297137 0.283921 0.272277 0.26193 0.25255 0.243838 0.235548 0.227481 0.219516 0.211582 0.203645 0.195718 0.187864 0.180078 0.172324 0.164801 0.157545 3.50601
# Year for Tmin Age-structure (set to Ydecl by SS)
2013
#  recruitment and biomass
# Number of historical assessment years
129
# Historical data
# year recruitment spawner in B0 in R project in R/S project
1888  1889 1890 1891 1892 1893 1894 1895 1896 1897 1898 1899 1900 1901 1902 1903 1904 1905 1906 1907 1908 1909 1910 1911 1912 1913 1914 1915 1916 1917 1918 1919 1920 1921 1922 1923 1924 1925 1926 1927 1928 1929 1930 1931 1932 1933 1934 1935 1936 1937 1938 1939 1940 1941 1942 1943 1944 1945 1946 1947 1948 1949 1950 1951 1952 1953 1954 1955 1956 1957 1958 1959 1960 1961 1962 1963 1964 1965 1966 1967 1968 1969 1970 1971 1972 1973 1974 1975 1976 1977 1978 1979 1980 1981 1982 1983 1984 1985 1986 1987 1988 1989 1990 1991 1992 1993 1994 1995 1996 1997 1998 1999 2000 2001 2002 2003 2004 2005 2006 2007 2008 2009 2010 2011 2012 2013 2014 2015 2016 #years (with first value representing R0)
216.878 213.397 213.285 213.171 213.053 212.925 212.794 212.659 212.526 212.39 212.251 212.11 211.962 211.812 211.664 211.501 211.338 211.176 211.015 210.866 210.723 210.579 210.44 210.304 210.168 210.011 209.815 209.543 209.16 208.622 207.71 206.498 205.015 203.224 201.14 198.815 196.324 193.765 191.279 189.014 187.125 185.756 184.983 184.758 184.941 185.238 185.273 184.71 183.429 181.59 179.652 178.159 177.615 178.39 180.906 185.841 194.149 207.149 225.525 247.807 266.343 265.962 241.767 207.974 178.199 157.104 144.706 140.137 143.059 153.166 168.761 184.369 186.83 167.521 141.631 125.162 124.728 143.929 175.921 200.969 242.577 301.173 362.651 498.924 284.971 207.783 196.074 268.253 243.213 225.354 183.148 207.852 241.281 302.391 392.94 272.663 300.681 208.39 156.368 139.979 120.485 104.532 85.7558 73.1904 88.3795 222.196 151.589 69.6527 66.193 77.2955 126.162 238.987 117.538 155.782 418.567 204.168 94.5863 122.182 156.387 199.837 304.665 224.085 241.518 227.479 114.603 117.095 120.723 139.901 172.072  #recruits; first value is R0 (virgin)
2252.78  2252.78 2252.77 2252.76 2252.75 2251.88 2251.03 2250.2 2250 2249.97 2249.93 2249.9 2249.81 2249.67 2249.44 2249.12 2248.72 2248.19 2247.59 2246.89 2246.1 2245 2244.04 2243.01 2241.9 2240.73 2239.5 2238.2 2236.7 2234.78 2232.48 2225.99 2222.63 2219.47 2216.4 2213.85 2211.11 2207.23 2202.6 2196.32 2188.55 2180.93 2174.19 2166.73 2161.27 2156.09 2150.86 2144.49 2138.03 2129.56 2121.58 2112.97 2105.59 2095.9 2083.19 2069.82 2047.43 2023.75 1989.65 1958.36 1942.9 1926.14 1912.96 1898.41 1880.86 1865.97 1854.85 1841.86 1829.83 1817.95 1804 1791.63 1781.45 1773.57 1769.35 1763.74 1761.47 1761.82 1742.85 1738.29 1730.42 1722.19 1695.83 1678.97 1655.79 1626.29 1594.14 1558.52 1523.7 1483.57 1444.33 1379.8 1318.54 1271.73 1210.01 1104.39 1009.5 958.856 884.598 843.492 797.023 754.822 701.116 663.007 598.351 539.439 483.455 454.915 426.191 393.349 356.231 346.503 327.498 333.841 338.719 354.159 370.213 386.915 403.718 421.377 438.272 456.232 474.518 494.849 516.374 539.038 563.523 589.832 616.779 #spbio; first value is SSB_virgin (virgin)
1 0 0 0 0 0 0 0 0 0 0 0 0 0 0 0 0 0 0 0 0 0 0 0 0 0 0 0 0 0 0 0 0 0 0 0 0 0 0 0 0 0 0 0 0 0 0 0 0 0 0 0 0 0 0 0 0 0 0 0 0 0 0 0 0 0 0 0 0 0 0 0 0 0 0 0 0 0 0 0 0 0 0 0 0 0 0 0 0 0 0 0 0 0 0 0 0 0 0 0 0 0 0 0 0 0 0 0 0 0 0 0 0 0 0 0 0 0 0 0 0 0 0 0 0 0 0 0 0  # in Bzero
0 1 1 1 1 1 1 1 1 1 1 1 1 1 1 1 1 1 1 1 1 1 1 1 1 1 1 1 1 1 1 1 1 1 1 1 1 1 1 1 1 1 1 1 1 1 1 1 1 1 1 1 1 1 1 1 1 1 1 1 1 1 1 1 1 1 1 1 1 1 1 1 1 1 1 1 1 1 1 1 1 1 1 1 1 1 1 1 1 1 1 1 1 1 1 1 1 1 1 1 1 1 1 1 1 1 1 1 1 1 1 1 1 1 1 1 1 1 1 1 1 1 1 1 1 1  0 0 0 # in R project
0 1 1 1 1 1 1 1 1 1 1 1 1 1 1 1 1 1 1 1 1 1 1 1 1 1 1 1 1 1 1 1 1 1 1 1 1 1 1 1 1 1 1 1 1 1 1 1 1 1 1 1 1 1 1 1 1 1 1 1 1 1 1 1 1 1 1 1 1 1 1 1 1 1 1 1 1 1 1 1 1 1 1 1 1 1 1 1 1 1 1 1 1 1 1 1 1 1 1 1 1 1 1 1 1 1 1 1 1 1 1 1 1 1 1 1 1 1 1 1 1 1 1 1 1 1  0 0 0 # in R/S project
# Number of years with pre-specified catches
0
# catches for years with pre-specified catches go next
# Number of future recruitments to override
-2
# Process for overiding (-1 for average otherwise index in data list)
# Which probability to product detailed results for (1=0.5; 2=0.6; etc.)
3
# Steepness sigma-R Auto-correlation
0.718 0.5 0
# Target SPR rate (FMSY Proxy); manually change to SPR_MSY if not using SPR_target
0.5
# Discount rate (for cumulative catch)
0.1
# Truncate the series when 0.4B0 is reached (1=Yes)
0
# Set F to FMSY once 0.4B0 is reached (1=Yes)
0
# Maximum possible F for projection (-1 to set to FMSY)
-1
# Defintion of recovery (1=now only;2=now or before)
2
# Projection type
4
# Definition of the 40-10 rule
10 40
# Calculate coefficients of variation (1=Yes)
0
# Number of replicates to use
10
# Random number seed
-99004
# File with multiple parameter vectors 
rebuild.SSO
# User-specific projection (1=Yes); Output replaced (1->9)
0  5
# Catches and Fs (Year; 1/2/3 (F or C or SPR); value); Final row is -1
2016 1 1
-1 -1 -1
# Fixed catch project (1=Yes); Output replaced (1->9); Approach (-1=Read in else 1-9)
0 2 -1
# Split of Fs
2011  0.000643727
 0
 0.16558
 0.00680008
 0.265757
 0.243861
 0.317358
-1  1 1 1 1 1 1 1 1 1 1 1 1
# Yrs to define T_target for projection type 4 (a.k.a. 5 pre-specified inputs)
2022 2023 2024 2025 2026 
# Year for probability of recovery
2026 2027 2028 2029 2030 2031 2032 2033
# Time varying weight-at-age (1=Yes;0=No)
0
# File with time series of weight-at-age data
none
# Use bisection (0) or linear interpolation (1)
1
# Target Depletion
0.4
# CV of implementation error
0
