#Title, #runnumber: 272 yelloweye_data.ss yelloweye_control.ss 5704.23 2331.83 702.483 StartTime: Fri Jul 21 12:56:13 2017
SSv3_default_rebuild.dat
# Number of sexes
1
# Age range to consider (minimum age; maximum age)
0 100
# Number of fleets
12
# First year of projection (Yinit)
2011
# First Year of rebuilding period (Ydecl)
2013
# Number of simulations
1000
# Maximum number of years
500
# Conduct projections with multiple starting values (0=No;else yes)
0
# Number of parameter vectors
1000
# Is the maximum age a plus-group (1=Yes;2=No)
1
# Generate future recruitments using historical recruitments (1)  historical recruits/spawner (2)  or a stock-recruitment (3)
3
# Constant fishing mortality (1) or constant Catch (2) projections
1
# Fishing mortality based on SPR (1) or actual rate (2)
1
# Pre-specify the year of recovery (or -1) to ignore
-1
# Fecundity-at-age
# 0 1 2 3 4 5 6 7 8 9 10 11 12 13 14 15 16 17 18 19 20 21 22 23 24 25 26 27 28 29 30 31 32 33 34 35 36 37 38 39 40 41 42 43 44 45 46 47 48 49 50 51 52 53 54 55 56 57 58 59 60 61 62 63 64 65 66 67 68 69 70 71 72 73 74 75 76 77 78 79 80 81 82 83 84 85 86 87 88 89 90 91 92 93 94 95 96 97 98 99 100 #runnumber: 272 yelloweye_data.ss yelloweye_control.ss 5704.23 2331.83 702.483
 0 0 4.993e-008 7.43851e-007 7.77255e-006 6.1092e-005 0.00036544 0.00163699 0.00550827 0.0143964 0.0306072 0.0553337 0.0882787 0.127979 0.172441 0.219715 0.268214 0.316825 0.364851 0.411914 0.457836 0.502555 0.546061 0.58836 0.629461 0.669361 0.708054 0.745526 0.781762 0.816748 0.85047 0.882923 0.914104 0.944016 0.972669 1.00008 1.02626 1.05123 1.07504 1.09769 1.11923 1.1397 1.15912 1.17754 1.19499 1.21151 1.22714 1.24192 1.25589 1.26908 1.28153 1.29328 1.30435 1.3148 1.32464 1.3339 1.34263 1.35084 1.35857 1.36584 1.37268 1.37911 1.38515 1.39083 1.39617 1.40118 1.40589 1.41031 1.41447 1.41836 1.42202 1.42555 1.42885 1.43196 1.43487 1.4376 1.44016 1.44257 1.44482 1.44694 1.44892 1.45078 1.45252 1.45416 1.45569 1.45713 1.45848 1.45974 1.46092 1.46203 1.46307 1.46405 1.46496 1.46582 1.46662 1.46737 1.46808 1.46874 1.46936 1.46994 1.47084 #female fecundity; weighted by N in year Y_init across morphs and areas
# Age specific selectivity and weight adjusted for discard and discard mortality
 #wt and selex for gender,fleet: 1 1
 0.0110101 0.0225356 0.0616251 0.119745 0.19646 0.288822 0.393379 0.506963 0.626939 0.751242 0.878361 1.0073 1.13756 1.26901 1.40174 1.53592 1.67161 1.8087 1.94685 2.08554 2.22409 2.36174 2.49773 2.63138 2.76206 2.88927 3.01263 3.13182 3.24667 3.35705 3.46289 3.56419 3.66098 3.75332 3.84129 3.925 4.00457 4.08012 4.15179 4.21972 4.28405 4.34493 4.40251 4.45693 4.50833 4.55685 4.60264 4.64582 4.68652 4.72488 4.76101 4.79503 4.82706 4.85719 4.88554 4.9122 4.93727 4.96084 4.98298 5.00379 5.02334 5.0417 5.05895 5.07514 5.09034 5.10461 5.118 5.13057 5.14236 5.15342 5.1639 5.17383 5.18314 5.19187 5.20006 5.20774 5.21494 5.2217 5.22803 5.23396 5.23953 5.24475 5.24964 5.25422 5.25852 5.26255 5.26632 5.26986 5.27318 5.27629 5.2792 5.28193 5.28449 5.28688 5.28913 5.29124 5.29321 5.29506 5.29679 5.29841 5.30095
 0 0 0 0 0 0 0 0 0 0 0 0 0 0 0 0 0 0 0 0 0 0 0 0 0 0 0 0 0 0 0 0 0 0 0 0 0 0 0 0 0 0 0 0 0 0 0 0 0 0 0 0 0 0 0 0 0 0 0 0 0 0 0 0 0 0 0 0 0 0 0 0 0 0 0 0 0 0 0 0 0 0 0 0 0 0 0 0 0 0 0 0 0 0 0 0 0 0 0 1 0
 #wt and selex for gender,fleet: 1 3
 0.0109218 0.0210347 0.0557994 0.108351 0.178206 0.263096 0.360203 0.46683 0.580655 0.699842 0.823113 0.949771 1.07958 1.21256 1.34873 1.48793 1.62974 1.77346 1.9182 2.063 2.20688 2.34897 2.48849 2.62483 2.75752 2.88617 3.01053 3.13043 3.24575 3.35644 3.46249 3.56393 3.66081 3.75321 3.84122 3.92496 4.00454 4.0801 4.15178 4.21971 4.28405 4.34493 4.40251 4.45693 4.50833 4.55685 4.60264 4.64582 4.68652 4.72488 4.76101 4.79503 4.82706 4.85719 4.88554 4.9122 4.93727 4.96084 4.98298 5.00379 5.02334 5.0417 5.05895 5.07514 5.09034 5.10461 5.118 5.13057 5.14236 5.15342 5.1639 5.17383 5.18314 5.19187 5.20006 5.20774 5.21494 5.2217 5.22803 5.23396 5.23953 5.24475 5.24964 5.25422 5.25852 5.26255 5.26632 5.26986 5.27318 5.27629 5.2792 5.28193 5.28449 5.28689 5.28913 5.29124 5.29321 5.29506 5.29679 5.29841 5.30095
 0 0 0 0 0 0 0 0 0 0 0 0 0 0 0 0 0 0 0 0 0 0 0 0 0 0 0 0 0 0 0 0 0 0 0 0 0 0 0 0 0 0 0 0 0 0 0 0 0 0 0 0 0 0 0 0 0 0 0 0 0 0 0 0 0 0 0 0 0 0 0 0 0 0 0 0 0 0 0 0 0 0 0 0 0 0 0 0 0 0 0 0 0 0 0 0 0 0 0 1 0
 #wt and selex for gender,fleet: 1 4
 0.0108444 0.0197022 0.0504724 0.0989606 0.1653 0.248249 0.345785 0.455623 0.575502 0.703336 0.837272 0.975701 1.11724 1.26073 1.4052 1.54985 1.69404 1.83727 1.97912 2.11923 2.25732 2.39309 2.52627 2.65659 2.78379 2.90761 3.02784 3.14427 3.25673 3.36511 3.4693 3.56926 3.66498 3.75647 3.84377 3.92695 4.0061 4.08133 4.15275 4.22048 4.28466 4.34543 4.40291 4.45725 4.50859 4.55707 4.60282 4.64597 4.68665 4.72499 4.7611 4.79511 4.82713 4.85725 4.88559 4.91225 4.93731 4.96087 4.98302 5.00382 5.02337 5.04173 5.05897 5.07516 5.09036 5.10462 5.11801 5.13058 5.14237 5.15344 5.16391 5.17384 5.18315 5.19188 5.20007 5.20775 5.21495 5.22171 5.22804 5.23397 5.23954 5.24476 5.24965 5.25423 5.25853 5.26256 5.26633 5.26987 5.27319 5.27629 5.27921 5.28194 5.2845 5.28689 5.28914 5.29124 5.29322 5.29506 5.2968 5.29842 5.30096
 0 0 0 0 0 0 0 0 0 0 0 0 0 0 0 0 0 0 0 0 0 0 0 0 0 0 0 0 0 0 0 0 0 0 0 0 0 0 0 0 0 0 0 0 0 0 0 0 0 0 0 0 0 0 0 0 0 0 0 0 0 0 0 0 0 0 0 0 0 0 0 0 0 0 0 0 0 0 0 0 0 0 0 0 0 0 0 0 0 0 0 0 0 0 0 0 0 0 0 1 0
 #wt and selex for gender,fleet: 1 5
 0.0109351 0.0212869 0.0572248 0.112221 0.186287 0.277317 0.382419 0.498657 0.623372 0.754297 0.889563 1.02766 1.1674 1.30784 1.44831 1.5883 1.72749 1.86564 2.00258 2.13816 2.27219 2.40446 2.53472 2.66267 2.78801 2.91042 3.0296 3.14528 3.25723 3.36526 3.46924 3.56907 3.66472 3.75619 3.84349 3.92668 4.00586 4.08112 4.15256 4.22032 4.28452 4.3453 4.4028 4.45716 4.50851 4.557 4.60276 4.64592 4.68661 4.72495 4.76107 4.79508 4.8271 4.85723 4.88557 4.91223 4.9373 4.96086 4.983 5.00381 5.02336 5.04172 5.05896 5.07515 5.09035 5.10462 5.11801 5.13057 5.14237 5.15343 5.16391 5.17383 5.18314 5.19188 5.20007 5.20775 5.21495 5.2217 5.22803 5.23397 5.23953 5.24475 5.24964 5.25423 5.25853 5.26255 5.26633 5.26987 5.27318 5.27629 5.2792 5.28193 5.28449 5.28689 5.28914 5.29124 5.29321 5.29506 5.29679 5.29842 5.30096
 0 0 0 0 0 0 0 0 0 0 0 0 0 0 0 0 0 0 0 0 0 0 0 0 0 0 0 0 0 0 0 0 0 0 0 0 0 0 0 0 0 0 0 0 0 0 0 0 0 0 0 0 0 0 0 0 0 0 0 0 0 0 0 0 0 0 0 0 0 0 0 0 0 0 0 0 0 0 0 0 0 0 0 0 0 0 0 0 0 0 0 0 0 0 0 0 0 0 0 1 0
 #wt and selex for gender,fleet: 1 6
 0.0115024 0.0295241 0.0798157 0.1476 0.229791 0.320768 0.416218 0.513644 0.612543 0.714122 0.820442 0.933471 1.05443 1.1835 1.31989 1.46211 1.60837 1.75685 1.90593 2.05429 2.20088 2.34489 2.48573 2.62293 2.75614 2.88511 3.00965 3.12965 3.24501 3.35572 3.46177 3.5632 3.66007 3.75245 3.84045 3.92417 4.00374 4.07928 4.15095 4.21887 4.2832 4.34407 4.40164 4.45605 4.50744 4.55596 4.60174 4.64492 4.68562 4.72397 4.7601 4.79412 4.82614 4.85627 4.88461 4.91127 4.93634 4.9599 4.98205 5.00285 5.0224 5.04076 5.058 5.07419 5.08939 5.10366 5.11705 5.12962 5.14141 5.15247 5.16295 5.17287 5.18218 5.19091 5.19909 5.20677 5.21397 5.22072 5.22705 5.23298 5.23855 5.24376 5.24865 5.25323 5.25753 5.26156 5.26533 5.26887 5.27218 5.27529 5.2782 5.28093 5.28349 5.28588 5.28813 5.29023 5.2922 5.29405 5.29578 5.29741 5.29994
 0 0 0 0 0 0 0 0 0 0 0 0 0 0 0 0 0 0 0 0 0 0 0 0 0 0 0 0 0 0 0 0 0 0 0 0 0 0 0 0 0 0 0 0 0 0 0 0 0 0 0 0 0 0 0 0 0 0 0 0 0 0 0 0 0 0 0 0 0 0 0 0 0 0 0 0 0 0 0 0 0 0 0 0 0 0 0 0 0 0 0 0 0 0 0 0 0 0 0 1 0
 #wt and selex for gender,fleet: 1 7
 0.01075 0.0180363 0.0434105 0.500875 0.525927 0.555245 0.59156 0.635462 0.689279 0.755776 0.837225 0.934708 1.04772 1.17422 1.31119 1.45536 1.60375 1.75401 1.90437 2.05357 2.20067 2.34499 2.48601 2.62332 2.7566 2.88563 3.01021 3.13024 3.24564 3.35638 3.46246 3.56391 3.6608 3.7532 3.84122 3.92495 4.00454 4.0801 4.15178 4.21971 4.28405 4.34493 4.40251 4.45693 4.50833 4.55685 4.60264 4.64582 4.68652 4.72488 4.76101 4.79503 4.82706 4.85719 4.88554 4.9122 4.93727 4.96084 4.98298 5.00379 5.02334 5.0417 5.05895 5.07514 5.09034 5.10461 5.118 5.13057 5.14236 5.15342 5.1639 5.17383 5.18314 5.19187 5.20006 5.20774 5.21494 5.2217 5.22803 5.23396 5.23953 5.24475 5.24964 5.25422 5.25852 5.26255 5.26632 5.26986 5.27318 5.27629 5.2792 5.28193 5.28449 5.28688 5.28913 5.29124 5.29321 5.29506 5.29679 5.29841 5.30095
 0 0 0 0 0 0 0 0 0 0 0 0 0 0 0 0 0 0 0 0 0 0 0 0 0 0 0 0 0 0 0 0 0 0 0 0 0 0 0 0 0 0 0 0 0 0 0 0 0 0 0 0 0 0 0 0 0 0 0 0 0 0 0 0 0 0 0 0 0 0 0 0 0 0 0 0 0 0 0 0 0 0 0 0 0 0 0 0 0 0 0 0 0 0 0 0 0 0 0 1 0
# M and current age-structure in year Yinit: 2011
 # gender = 1
 0.0439034 0.0439034 0.0439034 0.0439034 0.0439034 0.0439034 0.0439034 0.0439034 0.0439034 0.0439034 0.0439034 0.0439034 0.0439034 0.0439034 0.0439034 0.0439034 0.0439034 0.0439034 0.0439034 0.0439034 0.0439034 0.0439034 0.0439034 0.0439034 0.0439034 0.0439034 0.0439034 0.0439034 0.0439034 0.0439034 0.0439034 0.0439034 0.0439034 0.0439034 0.0439034 0.0439034 0.0439034 0.0439034 0.0439034 0.0439034 0.0439034 0.0439034 0.0439034 0.0439034 0.0439034 0.0439034 0.0439034 0.0439034 0.0439034 0.0439034 0.0439034 0.0439034 0.0439034 0.0439034 0.0439034 0.0439034 0.0439034 0.0439034 0.0439034 0.0439034 0.0439034 0.0439034 0.0439034 0.0439034 0.0439034 0.0439034 0.0439034 0.0439034 0.0439034 0.0439034 0.0439034 0.0439034 0.0439034 0.0439034 0.0439034 0.0439034 0.0439034 0.0439034 0.0439034 0.0439034 0.0439034 0.0439034 0.0439034 0.0439034 0.0439034 0.0439034 0.0439034 0.0439034 0.0439034 0.0439034 0.0439034 0.0439034 0.0439034 0.0439034 0.0439034 0.0439034 0.0439034 0.0439034 0.0439034 0.0439034 0.0439034
 231.997 236.175 209.985 270.856 169.889 127.893 95.3408 70.6358 146.639 285.792 102.769 74.0655 142.647 72.8394 42.1725 34.274 34.2022 70.2158 91.8973 34.5665 26.2038 27.7776 30.5503 31.4068 31.7137 30.3829 34.842 42.9558 32.505 38.6788 25.6732 16.91 12.4071 9.41706 9.94968 9.26395 8.73501 5.57739 5.18695 6.22645 9.43738 6.4867 4.79457 3.51808 2.66753 2.15664 1.64754 1.33669 1.25824 1.33882 1.49443 1.58214 1.48695 1.29309 1.11168 0.982267 0.910257 0.889658 0.914719 0.982823 1.08622 1.19509 1.24547 1.18639 1.05359 0.915533 0.80211 0.716259 0.652702 0.604558 0.567042 0.536857 0.511934 0.490654 0.471302 0.452369 0.432818 0.412487 0.391862 0.371793 0.353042 0.336082 0.321 0.307703 0.295889 0.285192 0.27528 0.265876 0.256751 0.247763 0.238823 0.229886 0.22096 0.212109 0.203329 0.194577 0.186085 0.17789 0.170014 0.162477 3.61434
# Age-structure at Ydeclare= 2013
 120.84 112.722 212.494 216.316 192.32 248.045 155.549 117.053 87.2058 64.555 133.892 260.721 93.684 67.479 129.905 66.3117 38.3841 31.1899 31.1206 63.8836 83.6042 31.4455 23.837 25.2678 27.7893 28.5677 28.846 27.6348 31.6895 39.0679 29.562 35.1756 23.3471 15.3773 11.2822 8.56302 9.0471 8.42338 7.94227 5.07111 4.71602 5.66102 8.58019 5.89741 4.35893 3.19836 2.42508 1.96059 1.49775 1.21516 1.14382 1.21707 1.35851 1.43824 1.3517 1.17547 1.01055 0.892914 0.827453 0.808726 0.831506 0.893413 0.987403 1.08637 1.13216 1.07846 0.957738 0.832239 0.729135 0.651094 0.593319 0.549554 0.515451 0.488013 0.465357 0.446013 0.428421 0.411211 0.393439 0.374957 0.356209 0.337965 0.320921 0.305504 0.291794 0.279707 0.268968 0.259244 0.250235 0.241686 0.233392 0.225221 0.217095 0.208971 0.200857 0.192811 0.18483 0.176874 0.169155 0.161705 3.58776
# Year for Tmin Age-structure (set to Ydecl by SS)
2013
#  recruitment and biomass
# Number of historical assessment years
129
# Historical data
# year recruitment spawner in B0 in R project in R/S project
1888  1889 1890 1891 1892 1893 1894 1895 1896 1897 1898 1899 1900 1901 1902 1903 1904 1905 1906 1907 1908 1909 1910 1911 1912 1913 1914 1915 1916 1917 1918 1919 1920 1921 1922 1923 1924 1925 1926 1927 1928 1929 1930 1931 1932 1933 1934 1935 1936 1937 1938 1939 1940 1941 1942 1943 1944 1945 1946 1947 1948 1949 1950 1951 1952 1953 1954 1955 1956 1957 1958 1959 1960 1961 1962 1963 1964 1965 1966 1967 1968 1969 1970 1971 1972 1973 1974 1975 1976 1977 1978 1979 1980 1981 1982 1983 1984 1985 1986 1987 1988 1989 1990 1991 1992 1993 1994 1995 1996 1997 1998 1999 2000 2001 2002 2003 2004 2005 2006 2007 2008 2009 2010 2011 2012 2013 2014 2015 2016 #years (with first value representing R0)
218.605 215.872 215.782 215.691 215.596 215.491 215.382 215.271 215.161 215.049 214.934 214.816 214.691 214.564 214.437 214.296 214.153 214.011 213.871 213.742 213.618 213.493 213.375 213.257 213.137 212.994 212.807 212.538 212.152 211.604 210.668 209.419 207.889 206.043 203.902 201.525 198.991 196.405 193.909 191.652 189.787 188.454 187.728 187.55 187.775 188.094 188.128 187.533 186.195 184.286 182.283 180.739 180.167 180.936 183.465 188.418 196.713 209.596 227.63 249.243 267.015 266.65 243.359 210.342 180.948 160.077 147.938 143.764 147.264 158.088 174.254 189.647 190.681 169.864 143.172 126.218 125.326 143.746 174.241 198.432 239.449 296.581 362.185 472.302 277.351 204.227 192.807 263.425 242.262 224.393 182.234 205.052 237.654 305.723 389.296 276.328 309.069 213.121 159.183 143.646 124.28 106.792 86.7808 74.0082 89.2767 219.44 156.555 71.7686 68.0814 79.5789 130.856 244.282 121.013 160.295 425.776 208.774 96.1533 124.138 159.322 202.52 308.994 229.257 246.775 231.997 117.781 120.84 124.69 144.535 175.921  #recruits; first value is R0 (virgin)
2331.83  2331.83 2331.82 2331.79 2331.73 2330.78 2329.85 2328.9 2328.59 2328.42 2328.23 2328.02 2327.72 2327.34 2326.87 2326.3 2325.63 2324.85 2323.99 2323.04 2322 2320.65 2319.46 2318.19 2316.85 2315.45 2313.98 2312.44 2310.7 2309.06 2307.03 2300.75 2297.68 2294.82 2292.06 2289.84 2287.43 2283.87 2279.54 2273.51 2265.96 2258.55 2252.02 2244.72 2239.42 2234.35 2229.17 2222.79 2216.25 2207.6 2199.43 2190.57 2182.97 2173.02 2160 2146.36 2123.55 2099.47 2064.81 2033.05 2017.47 2000.1 1986.6 1971.92 1954.28 1939.24 1928.35 1915.62 1904.25 1893.33 1880.57 1869.41 1860.43 1853.47 1849.78 1844.02 1840.92 1840.1 1819.17 1813.06 1803.76 1794.36 1766.8 1749.21 1725.28 1694.86 1661.57 1624.75 1589.04 1548.24 1509.13 1445.04 1383.43 1337.78 1276.44 1170.27 1073.05 1020.82 942.575 898.964 846.395 799.151 738.566 697.831 631.654 572.122 516.213 488.182 459.244 425.395 386.347 376.362 356.163 362.807 368.089 384.128 400.899 418.456 436.085 454.562 472.396 491.687 511.81 534.702 559.33 585.357 613.063 642.27 671.691 #spbio; first value is SSB_virgin (virgin)
1 0 0 0 0 0 0 0 0 0 0 0 0 0 0 0 0 0 0 0 0 0 0 0 0 0 0 0 0 0 0 0 0 0 0 0 0 0 0 0 0 0 0 0 0 0 0 0 0 0 0 0 0 0 0 0 0 0 0 0 0 0 0 0 0 0 0 0 0 0 0 0 0 0 0 0 0 0 0 0 0 0 0 0 0 0 0 0 0 0 0 0 0 0 0 0 0 0 0 0 0 0 0 0 0 0 0 0 0 0 0 0 0 0 0 0 0 0 0 0 0 0 0 0 0 0 0 0 0  # in Bzero
0 1 1 1 1 1 1 1 1 1 1 1 1 1 1 1 1 1 1 1 1 1 1 1 1 1 1 1 1 1 1 1 1 1 1 1 1 1 1 1 1 1 1 1 1 1 1 1 1 1 1 1 1 1 1 1 1 1 1 1 1 1 1 1 1 1 1 1 1 1 1 1 1 1 1 1 1 1 1 1 1 1 1 1 1 1 1 1 1 1 1 1 1 1 1 1 1 1 1 1 1 1 1 1 1 1 1 1 1 1 1 1 1 1 1 1 1 1 1 1 1 1 1 1 1 1  0 0 0 # in R project
0 1 1 1 1 1 1 1 1 1 1 1 1 1 1 1 1 1 1 1 1 1 1 1 1 1 1 1 1 1 1 1 1 1 1 1 1 1 1 1 1 1 1 1 1 1 1 1 1 1 1 1 1 1 1 1 1 1 1 1 1 1 1 1 1 1 1 1 1 1 1 1 1 1 1 1 1 1 1 1 1 1 1 1 1 1 1 1 1 1 1 1 1 1 1 1 1 1 1 1 1 1 1 1 1 1 1 1 1 1 1 1 1 1 1 1 1 1 1 1 1 1 1 1 1 1  0 0 0 # in R/S project
# Number of years with pre-specified catches
0
# catches for years with pre-specified catches go next
# Number of future recruitments to override
-2
# Process for overiding (-1 for average otherwise index in data list)
# Which probability to product detailed results for (1=0.5; 2=0.6; etc.)
3
# Steepness sigma-R Auto-correlation
0.718 0.5 0
# Target SPR rate (FMSY Proxy); manually change to SPR_MSY if not using SPR_target
0.5
# Discount rate (for cumulative catch)
0.1
# Truncate the series when 0.4B0 is reached (1=Yes)
0
# Set F to FMSY once 0.4B0 is reached (1=Yes)
0
# Maximum possible F for projection (-1 to set to FMSY)
-1
# Defintion of recovery (1=now only;2=now or before)
2
# Projection type
4
# Definition of the 40-10 rule
10 40
# Calculate coefficients of variation (1=Yes)
0
# Number of replicates to use
10
# Random number seed
-99004
# File with multiple parameter vectors 
rebuild.SSO
# User-specific projection (1=Yes); Output replaced (1->9)
0  5
# Catches and Fs (Year; 1/2/3 (F or C or SPR); value); Final row is -1
2016 1 1
-1 -1 -1
# Fixed catch project (1=Yes); Output replaced (1->9); Approach (-1=Read in else 1-9)
0 2 -1
# Split of Fs
2011  0.000559724
 0
 0.176332
 0.00738414
 0.282024
 0.25786
 0.27584
-1  1 1 1 1 1 1 1 1 1 1 1 1
# Yrs to define T_target for projection type 4 (a.k.a. 5 pre-specified inputs)
2022 2023 2024 2025 2026 
# Year for probability of recovery
2026 2027 2028 2029 2030 2031 2032 2033
# Time varying weight-at-age (1=Yes;0=No)
0
# File with time series of weight-at-age data
none
# Use bisection (0) or linear interpolation (1)
1
# Target Depletion
0.4
# CV of implementation error
0
