#Title, #runnumber: 271 yelloweye_data.ss yelloweye_control.ss 5889.96 2235.59 764.884 StartTime: Fri Jul 21 13:48:28 2017
SSv3_default_rebuild.dat
# Number of sexes
1
# Age range to consider (minimum age; maximum age)
0 100
# Number of fleets
12
# First year of projection (Yinit)
2011
# First Year of rebuilding period (Ydecl)
2013
# Number of simulations
1000
# Maximum number of years
500
# Conduct projections with multiple starting values (0=No;else yes)
0
# Number of parameter vectors
1000
# Is the maximum age a plus-group (1=Yes;2=No)
1
# Generate future recruitments using historical recruitments (1)  historical recruits/spawner (2)  or a stock-recruitment (3)
3
# Constant fishing mortality (1) or constant Catch (2) projections
1
# Fishing mortality based on SPR (1) or actual rate (2)
1
# Pre-specify the year of recovery (or -1) to ignore
-1
# Fecundity-at-age
# 0 1 2 3 4 5 6 7 8 9 10 11 12 13 14 15 16 17 18 19 20 21 22 23 24 25 26 27 28 29 30 31 32 33 34 35 36 37 38 39 40 41 42 43 44 45 46 47 48 49 50 51 52 53 54 55 56 57 58 59 60 61 62 63 64 65 66 67 68 69 70 71 72 73 74 75 76 77 78 79 80 81 82 83 84 85 86 87 88 89 90 91 92 93 94 95 96 97 98 99 100 #runnumber: 271 yelloweye_data.ss yelloweye_control.ss 5889.96 2235.59 764.884
 0 0 3.59614e-008 4.24013e-007 3.6174e-006 2.40486e-005 0.000129113 0.000564668 0.00200447 0.00579647 0.0138974 0.0283561 0.0506182 0.081072 0.119026 0.163024 0.211278 0.262036 0.313817 0.365496 0.416304 0.465764 0.513615 0.559741 0.604117 0.646765 0.687728 0.727061 0.764812 0.801031 0.835759 0.869036 0.900896 0.931376 0.960508 0.988326 1.01486 1.04016 1.06424 1.08716 1.10894 1.12963 1.14927 1.16789 1.18554 1.20225 1.21806 1.23303 1.24717 1.26053 1.27315 1.28506 1.2963 1.3069 1.3169 1.32631 1.33519 1.34354 1.35141 1.35882 1.36579 1.37234 1.37851 1.38431 1.38976 1.39489 1.39971 1.40423 1.40848 1.41248 1.41623 1.41984 1.42323 1.42642 1.42941 1.43221 1.43485 1.43732 1.43964 1.44182 1.44386 1.44578 1.44758 1.44927 1.45085 1.45233 1.45373 1.45504 1.45626 1.45741 1.45849 1.4595 1.46045 1.46134 1.46218 1.46296 1.46369 1.46438 1.46502 1.46563 1.46658 #female fecundity; weighted by N in year Y_init across morphs and areas
# Age specific selectivity and weight adjusted for discard and discard mortality
 #wt and selex for gender,fleet: 1 1
 0.0114444 0.0267162 0.0692338 0.130395 0.209367 0.302683 0.406686 0.518195 0.634685 0.754301 0.875857 0.998828 1.12326 1.24954 1.37816 1.50947 1.64351 1.77998 1.91826 2.05751 2.19677 2.33512 2.47166 2.60565 2.73648 2.86367 2.98689 3.10589 3.2205 3.33064 3.43627 3.53739 3.63405 3.72631 3.81426 3.89799 3.97763 4.0533 4.12513 4.19326 4.25783 4.31897 4.37684 4.43156 4.48329 4.53216 4.5783 4.62185 4.66293 4.70166 4.73818 4.77258 4.80499 4.8355 4.86423 4.89126 4.9167 4.94063 4.96313 4.98429 5.00417 5.02287 5.04043 5.05694 5.07245 5.08701 5.10069 5.11354 5.1256 5.13692 5.14765 5.15781 5.16735 5.1763 5.1847 5.19258 5.19998 5.20692 5.21343 5.21954 5.22527 5.23065 5.23569 5.24042 5.24486 5.24902 5.25292 5.25658 5.26002 5.26323 5.26625 5.26908 5.27174 5.27423 5.27656 5.27875 5.2808 5.28272 5.28453 5.28622 5.28888
 0 0 0 0 0 0 0 0 0 0 0 0 0 0 0 0 0 0 0 0 0 0 0 0 0 0 0 0 0 0 0 0 0 0 0 0 0 0 0 0 0 0 0 0 0 0 0 0 0 0 0 0 0 0 0 0 0 0 0 0 0 0 0 0 0 0 0 0 0 0 0 0 0 0 0 0 0 0 0 0 0 0 0 0 0 0 0 0 0 0 0 0 0 0 0 0 0 0 0 1 0
 #wt and selex for gender,fleet: 1 3
 0.0112515 0.0236402 0.0598493 0.1132 0.183185 0.267456 0.363234 0.467903 0.57924 0.695541 0.815736 0.939391 1.06654 1.19739 1.33202 1.47021 1.61137 1.75464 1.89899 2.04333 2.18666 2.32809 2.4669 2.60249 2.73442 2.86235 2.98605 3.10536 3.22017 3.33043 3.43614 3.53731 3.634 3.72628 3.81424 3.89798 3.97763 4.0533 4.12513 4.19326 4.25783 4.31897 4.37684 4.43156 4.48329 4.53216 4.5783 4.62185 4.66293 4.70166 4.73818 4.77258 4.80499 4.8355 4.86423 4.89126 4.9167 4.94063 4.96313 4.98429 5.00418 5.02287 5.04044 5.05694 5.07245 5.08701 5.10069 5.11354 5.1256 5.13692 5.14765 5.15781 5.16735 5.1763 5.1847 5.19258 5.19998 5.20692 5.21343 5.21954 5.22527 5.23065 5.23569 5.24042 5.24486 5.24902 5.25292 5.25658 5.26002 5.26324 5.26625 5.26908 5.27174 5.27423 5.27656 5.27875 5.2808 5.28273 5.28453 5.28622 5.28888
 0 0 0 0 0 0 0 0 0 0 0 0 0 0 0 0 0 0 0 0 0 0 0 0 0 0 0 0 0 0 0 0 0 0 0 0 0 0 0 0 0 0 0 0 0 0 0 0 0 0 0 0 0 0 0 0 0 0 0 0 0 0 0 0 0 0 0 0 0 0 0 0 0 0 0 0 0 0 0 0 0 0 0 0 0 0 0 0 0 0 0 0 0 0 0 0 0 0 0 1 0
 #wt and selex for gender,fleet: 1 4
 0.0111395 0.0217456 0.0537957 0.103483 0.171187 0.255842 0.355575 0.468175 0.591384 0.723061 0.86126 1.00426 1.15055 1.29885 1.44803 1.59716 1.74542 1.89213 2.03672 2.1787 2.31768 2.45334 2.58542 2.71372 2.83809 2.95843 3.07467 3.18675 3.29468 3.39845 3.49809 3.59364 3.68515 3.77269 3.85633 3.93616 4.01227 4.08476 4.15373 4.2193 4.28157 4.34066 4.39669 4.44977 4.50004 4.5476 4.59257 4.63507 4.67521 4.71311 4.74887 4.7826 4.8144 4.84436 4.8726 4.89919 4.92422 4.94778 4.96995 4.99081 5.01043 5.02887 5.04621 5.06251 5.07783 5.09222 5.10574 5.11844 5.13037 5.14157 5.1522 5.16229 5.17176 5.18065 5.18899 5.19682 5.20417 5.21106 5.21753 5.2236 5.22929 5.23464 5.23965 5.24435 5.24875 5.25289 5.25677 5.26041 5.26382 5.26702 5.27002 5.27283 5.27547 5.27794 5.28026 5.28244 5.28448 5.28639 5.28818 5.28986 5.2925
 0 0 0 0 0 0 0 0 0 0 0 0 0 0 0 0 0 0 0 0 0 0 0 0 0 0 0 0 0 0 0 0 0 0 0 0 0 0 0 0 0 0 0 0 0 0 0 0 0 0 0 0 0 0 0 0 0 0 0 0 0 0 0 0 0 0 0 0 0 0 0 0 0 0 0 0 0 0 0 0 0 0 0 0 0 0 0 0 0 0 0 0 0 0 0 0 0 0 0 1 0
 #wt and selex for gender,fleet: 1 5
 0.0111769 0.0224041 0.0561922 0.10793 0.177879 0.264628 0.365979 0.47949 0.602779 0.73367 0.870249 1.01087 1.15413 1.29887 1.44408 1.58894 1.73279 1.87506 2.01533 2.15324 2.28852 2.42096 2.55037 2.67661 2.79956 2.91908 3.03508 3.14745 3.25611 3.36099 3.46203 3.55919 3.65246 3.74184 3.82735 3.90904 3.98696 4.0612 4.13183 4.19896 4.26269 4.32313 4.38041 4.43465 4.48597 4.53449 4.58034 4.62364 4.66451 4.70307 4.73943 4.77371 4.806 4.83642 4.86506 4.89202 4.9174 4.94127 4.96372 4.98484 5.00469 5.02335 5.04089 5.05736 5.07285 5.08739 5.10105 5.11388 5.12593 5.13724 5.14795 5.15811 5.16764 5.17658 5.18498 5.19286 5.20025 5.20719 5.21369 5.2198 5.22553 5.2309 5.23594 5.24067 5.2451 5.24926 5.25316 5.25682 5.26025 5.26347 5.26648 5.26931 5.27196 5.27445 5.27679 5.27897 5.28102 5.28295 5.28475 5.28644 5.2891
 0 0 0 0 0 0 0 0 0 0 0 0 0 0 0 0 0 0 0 0 0 0 0 0 0 0 0 0 0 0 0 0 0 0 0 0 0 0 0 0 0 0 0 0 0 0 0 0 0 0 0 0 0 0 0 0 0 0 0 0 0 0 0 0 0 0 0 0 0 0 0 0 0 0 0 0 0 0 0 0 0 0 0 0 0 0 0 0 0 0 0 0 0 0 0 0 0 0 0 1 0
 #wt and selex for gender,fleet: 1 6
 0.0118063 0.0314393 0.0797362 0.145578 0.226241 0.316778 0.413097 0.512424 0.613547 0.716856 0.823857 0.936346 1.05568 1.18236 1.31596 1.45532 1.59886 1.74486 1.89176 2.03821 2.18313 2.32568 2.46523 2.60128 2.73349 2.86159 2.98537 3.10471 3.21953 3.32979 3.43548 3.53663 3.6333 3.72556 3.8135 3.89723 3.97686 4.05251 4.12433 4.19245 4.257 4.31814 4.37599 4.43071 4.48243 4.53129 4.57742 4.62096 4.66204 4.70077 4.73727 4.77167 4.80407 4.83459 4.86331 4.89034 4.91577 4.9397 4.9622 4.98335 5.00324 5.02193 5.03949 5.056 5.0715 5.08606 5.09974 5.11259 5.12465 5.13597 5.14669 5.15685 5.16638 5.17533 5.18373 5.19161 5.199 5.20594 5.21245 5.21856 5.22429 5.22966 5.2347 5.23943 5.24386 5.24802 5.25193 5.25558 5.25902 5.26223 5.26525 5.26808 5.27073 5.27322 5.27555 5.27774 5.27979 5.28172 5.28352 5.28521 5.28787
 0 0 0 0 0 0 0 0 0 0 0 0 0 0 0 0 0 0 0 0 0 0 0 0 0 0 0 0 0 0 0 0 0 0 0 0 0 0 0 0 0 0 0 0 0 0 0 0 0 0 0 0 0 0 0 0 0 0 0 0 0 0 0 0 0 0 0 0 0 0 0 0 0 0 0 0 0 0 0 0 0 0 0 0 0 0 0 0 0 0 0 0 0 0 0 0 0 0 0 1 0
 #wt and selex for gender,fleet: 1 7
 0.0110189 0.019568 0.0459004 0.488784 0.52007 0.550143 0.586318 0.629741 0.682913 0.748757 0.829656 0.926699 1.03927 1.16519 1.30132 1.44437 1.59143 1.74023 1.88909 2.03682 2.18252 2.32553 2.46535 2.60157 2.73388 2.86204 2.98587 3.10526 3.22011 3.3304 3.43612 3.5373 3.63399 3.72628 3.81423 3.89798 3.97762 4.0533 4.12513 4.19326 4.25783 4.31897 4.37684 4.43156 4.48329 4.53216 4.5783 4.62185 4.66293 4.70166 4.73818 4.77258 4.80499 4.8355 4.86423 4.89126 4.9167 4.94063 4.96313 4.98429 5.00418 5.02287 5.04044 5.05694 5.07245 5.08701 5.10069 5.11354 5.1256 5.13692 5.14765 5.15781 5.16735 5.1763 5.1847 5.19258 5.19998 5.20692 5.21343 5.21954 5.22527 5.23065 5.23569 5.24042 5.24486 5.24902 5.25292 5.25658 5.26002 5.26324 5.26625 5.26908 5.27174 5.27423 5.27656 5.27875 5.2808 5.28273 5.28453 5.28622 5.28888
 0 0 0 0 0 0 0 0 0 0 0 0 0 0 0 0 0 0 0 0 0 0 0 0 0 0 0 0 0 0 0 0 0 0 0 0 0 0 0 0 0 0 0 0 0 0 0 0 0 0 0 0 0 0 0 0 0 0 0 0 0 0 0 0 0 0 0 0 0 0 0 0 0 0 0 0 0 0 0 0 0 0 0 0 0 0 0 0 0 0 0 0 0 0 0 0 0 0 0 1 0
# M and current age-structure in year Yinit: 2011
 # gender = 1
 0.0439034 0.0439034 0.0439034 0.0439034 0.0439034 0.0439034 0.0439034 0.0439034 0.0439034 0.0439034 0.0439034 0.0439034 0.0439034 0.0439034 0.0439034 0.0439034 0.0439034 0.0439034 0.0439034 0.0439034 0.0439034 0.0439034 0.0439034 0.0439034 0.0439034 0.0439034 0.0439034 0.0439034 0.0439034 0.0439034 0.0439034 0.0439034 0.0439034 0.0439034 0.0439034 0.0439034 0.0439034 0.0439034 0.0439034 0.0439034 0.0439034 0.0439034 0.0439034 0.0439034 0.0439034 0.0439034 0.0439034 0.0439034 0.0439034 0.0439034 0.0439034 0.0439034 0.0439034 0.0439034 0.0439034 0.0439034 0.0439034 0.0439034 0.0439034 0.0439034 0.0439034 0.0439034 0.0439034 0.0439034 0.0439034 0.0439034 0.0439034 0.0439034 0.0439034 0.0439034 0.0439034 0.0439034 0.0439034 0.0439034 0.0439034 0.0439034 0.0439034 0.0439034 0.0439034 0.0439034 0.0439034 0.0439034 0.0439034 0.0439034 0.0439034 0.0439034 0.0439034 0.0439034 0.0439034 0.0439034 0.0439034 0.0439034 0.0439034 0.0439034 0.0439034 0.0439034 0.0439034 0.0439034 0.0439034 0.0439034 0.0439034
 172.5 162.9 153.732 144.88 136.423 128.228 120.422 112.948 105.859 99.1607 93.7653 88.6065 86.1759 83.0721 82.1805 80.5975 78.4123 75.737 73.548 70.5665 66.928 62.1454 57.3619 52.1576 46.9712 41.7971 37.0643 32.4587 28.4296 24.808 21.506 18.6211 16.1666 14.0639 12.2408 10.6865 9.35811 8.22788 7.26414 6.44224 5.7391 5.13661 4.62422 4.18042 3.79961 3.47113 3.18997 2.94178 2.72496 2.5342 2.36443 2.21293 2.07661 1.95315 1.8406 1.73706 1.64156 1.55314 1.47069 1.39401 1.32236 1.25489 1.19135 1.13171 1.07533 1.02291 0.973377 0.925909 0.880807 0.837583 0.796458 0.757194 0.719705 0.684018 0.649989 0.617597 0.586727 0.557397 0.529542 0.503145 0.478162 0.454573 0.432253 0.411173 0.39125 0.372388 0.354523 0.337606 0.32157 0.306373 0.291969 0.278305 0.265338 0.253061 0.241353 0.230229 0.21966 0.209613 0.200061 0.190979 4.17612
# Age-structure at Ydeclare= 2013
 176.522 167.106 157.998 149.203 140.801 132.682 124.917 117.376 110.174 103.263 96.7056 90.5184 85.5388 80.7926 78.5471 75.6974 74.87 73.4169 71.4185 68.9759 66.9779 64.2593 60.9432 56.5861 52.2286 47.4883 42.7648 38.0527 33.7427 29.5487 25.8799 22.5823 19.5759 16.9493 14.7147 12.8005 11.1409 9.72607 8.51694 7.48819 6.61101 5.86293 5.22296 4.6746 4.20826 3.80435 3.45777 3.15882 2.90294 2.67707 2.47976 2.30615 2.15165 2.01378 1.88973 1.77738 1.67495 1.58073 1.49382 1.41336 1.33833 1.26855 1.20335 1.14195 1.08412 1.02986 0.978554 0.930843 0.885771 0.842575 0.801533 0.762198 0.724774 0.689044 0.654929 0.622454 0.591487 0.562011 0.533919 0.507229 0.481881 0.45786 0.435126 0.41366 0.393349 0.374167 0.356037 0.338873 0.322615 0.307221 0.292629 0.278799 0.265692 0.253258 0.241458 0.230286 0.219632 0.209509 0.199891 0.190748 4.15614
# Year for Tmin Age-structure (set to Ydecl by SS)
2013
#  recruitment and biomass
# Number of historical assessment years
129
# Historical data
# year recruitment spawner in B0 in R project in R/S project
1888  1889 1890 1891 1892 1893 1894 1895 1896 1897 1898 1899 1900 1901 1902 1903 1904 1905 1906 1907 1908 1909 1910 1911 1912 1913 1914 1915 1916 1917 1918 1919 1920 1921 1922 1923 1924 1925 1926 1927 1928 1929 1930 1931 1932 1933 1934 1935 1936 1937 1938 1939 1940 1941 1942 1943 1944 1945 1946 1947 1948 1949 1950 1951 1952 1953 1954 1955 1956 1957 1958 1959 1960 1961 1962 1963 1964 1965 1966 1967 1968 1969 1970 1971 1972 1973 1974 1975 1976 1977 1978 1979 1980 1981 1982 1983 1984 1985 1986 1987 1988 1989 1990 1991 1992 1993 1994 1995 1996 1997 1998 1999 2000 2001 2002 2003 2004 2005 2006 2007 2008 2009 2010 2011 2012 2013 2014 2015 2016 #years (with first value representing R0)
217.553 217.554 217.554 217.554 217.553 217.544 217.536 217.527 217.524 217.522 217.521 217.519 217.518 217.515 217.513 217.51 217.507 217.503 217.5 217.496 217.491 217.484 217.479 217.474 217.469 217.463 217.457 217.45 217.442 217.435 217.425 217.375 217.355 217.338 217.321 217.31 217.297 217.274 217.243 217.196 217.135 217.075 217.025 216.968 216.932 216.9 216.87 216.83 216.791 216.735 216.687 216.636 216.601 216.545 216.461 216.373 216.192 215.997 215.687 215.404 215.299 215.175 215.095 215.002 214.876 214.777 214.723 214.64 214.563 214.478 214.353 214.231 214.118 214.019 213.955 213.869 213.824 213.821 213.576 213.535 213.465 213.402 213.11 212.953 212.717 212.399 212.044 211.635 211.232 210.73 210.213 209.215 208.128 207.201 205.819 203.201 200.374 198.536 195.619 193.685 191.227 188.761 185.325 182.596 177.784 172.615 166.878 163.213 159.187 154.436 148.788 147.247 144.541 146.092 147.628 150.654 153.718 156.779 159.732 162.624 165.279 167.842 170.211 172.5 174.606 176.522 178.313 180.002 181.539  #recruits; first value is R0 (virgin)
2235.59  2235.59 2235.58 2235.55 2235.5 2234.56 2233.65 2232.72 2232.42 2232.27 2232.1 2231.95 2231.75 2231.53 2231.27 2230.98 2230.65 2230.28 2229.88 2229.46 2229.01 2228.29 2227.77 2227.23 2226.65 2226.05 2225.42 2224.75 2223.92 2223.21 2222.15 2216.95 2214.92 2213.11 2211.43 2210.3 2208.99 2206.58 2203.44 2198.68 2192.46 2186.46 2181.4 2175.7 2172.13 2168.97 2165.94 2161.99 2158.21 2152.71 2148.02 2143.04 2139.64 2134.28 2126.25 2117.87 2100.77 2082.65 2054.43 2029.28 2020.04 2009.26 2002.38 1994.48 1983.76 1975.44 1970.89 1964.01 1957.65 1950.62 1940.45 1930.53 1921.52 1913.62 1908.61 1901.79 1898.32 1898.05 1879.11 1875.95 1870.58 1865.83 1843.9 1832.34 1815.19 1792.49 1767.68 1739.92 1713.29 1681.12 1649.01 1590.08 1529.84 1481.55 1414.27 1300.16 1193.38 1131.53 1043.63 991.268 930.574 875.422 806.652 757.789 681.86 612.157 546.142 509.055 472.128 432.963 391.637 381.223 363.738 373.636 383.763 404.714 427.409 451.724 476.915 503.414 529.519 556.513 583.202 610.725 637.721 663.818 689.63 715.378 740.068 #spbio; first value is SSB_virgin (virgin)
1 0 0 0 0 0 0 0 0 0 0 0 0 0 0 0 0 0 0 0 0 0 0 0 0 0 0 0 0 0 0 0 0 0 0 0 0 0 0 0 0 0 0 0 0 0 0 0 0 0 0 0 0 0 0 0 0 0 0 0 0 0 0 0 0 0 0 0 0 0 0 0 0 0 0 0 0 0 0 0 0 0 0 0 0 0 0 0 0 0 0 0 0 0 0 0 0 0 0 0 0 0 0 0 0 0 0 0 0 0 0 0 0 0 0 0 0 0 0 0 0 0 0 0 0 0 0 0 0  # in Bzero
0 1 1 1 1 1 1 1 1 1 1 1 1 1 1 1 1 1 1 1 1 1 1 1 1 1 1 1 1 1 1 1 1 1 1 1 1 1 1 1 1 1 1 1 1 1 1 1 1 1 1 1 1 1 1 1 1 1 1 1 1 1 1 1 1 1 1 1 1 1 1 1 1 1 1 1 1 1 1 1 1 1 1 1 1 1 1 1 1 1 1 1 1 1 1 1 1 1 1 1 1 1 1 1 1 1 1 1 1 1 1 1 1 1 1 1 1 1 1 1 1 1 1 1 1 1  0 0 0 # in R project
0 1 1 1 1 1 1 1 1 1 1 1 1 1 1 1 1 1 1 1 1 1 1 1 1 1 1 1 1 1 1 1 1 1 1 1 1 1 1 1 1 1 1 1 1 1 1 1 1 1 1 1 1 1 1 1 1 1 1 1 1 1 1 1 1 1 1 1 1 1 1 1 1 1 1 1 1 1 1 1 1 1 1 1 1 1 1 1 1 1 1 1 1 1 1 1 1 1 1 1 1 1 1 1 1 1 1 1 1 1 1 1 1 1 1 1 1 1 1 1 1 1 1 1 1 1  0 0 0 # in R/S project
# Number of years with pre-specified catches
0
# catches for years with pre-specified catches go next
# Number of future recruitments to override
-2
# Process for overiding (-1 for average otherwise index in data list)
# Which probability to product detailed results for (1=0.5; 2=0.6; etc.)
3
# Steepness sigma-R Auto-correlation
0.718 0.5 0
# Target SPR rate (FMSY Proxy); manually change to SPR_MSY if not using SPR_target
0.5
# Discount rate (for cumulative catch)
0.1
# Truncate the series when 0.4B0 is reached (1=Yes)
0
# Set F to FMSY once 0.4B0 is reached (1=Yes)
0
# Maximum possible F for projection (-1 to set to FMSY)
-1
# Defintion of recovery (1=now only;2=now or before)
2
# Projection type
4
# Definition of the 40-10 rule
10 40
# Calculate coefficients of variation (1=Yes)
0
# Number of replicates to use
10
# Random number seed
-99004
# File with multiple parameter vectors 
rebuild.SSO
# User-specific projection (1=Yes); Output replaced (1->9)
0  5
# Catches and Fs (Year; 1/2/3 (F or C or SPR); value); Final row is -1
2016 1 1
-1 -1 -1
# Fixed catch project (1=Yes); Output replaced (1->9); Approach (-1=Read in else 1-9)
0 2 -1
# Split of Fs
2011  0.000559162
 0
 0.179792
 0.00789331
 0.273124
 0.247925
 0.290707
-1  1 1 1 1 1 1 1 1 1 1 1 1
# Yrs to define T_target for projection type 4 (a.k.a. 5 pre-specified inputs)
2022 2023 2024 2025 2026 
# Year for probability of recovery
2026 2027 2028 2029 2030 2031 2032 2033
# Time varying weight-at-age (1=Yes;0=No)
0
# File with time series of weight-at-age data
none
# Use bisection (0) or linear interpolation (1)
1
# Target Depletion
0.4
# CV of implementation error
0
