#Title, #runnumber: 206 yelloweye_data.ss yelloweye_control.ss 4775.07 1135.72 327.273 StartTime: Fri Jul 21 14:26:30 2017
SSv3_default_rebuild.dat
# Number of sexes
2
# Age range to consider (minimum age; maximum age)
0 100
# Number of fleets
12
# First year of projection (Yinit)
2011
# First Year of rebuilding period (Ydecl)
2013
# Number of simulations
1000
# Maximum number of years
500
# Conduct projections with multiple starting values (0=No;else yes)
0
# Number of parameter vectors
1000
# Is the maximum age a plus-group (1=Yes;2=No)
1
# Generate future recruitments using historical recruitments (1)  historical recruits/spawner (2)  or a stock-recruitment (3)
3
# Constant fishing mortality (1) or constant Catch (2) projections
1
# Fishing mortality based on SPR (1) or actual rate (2)
1
# Pre-specify the year of recovery (or -1) to ignore
-1
# Fecundity-at-age
# 0 1 2 3 4 5 6 7 8 9 10 11 12 13 14 15 16 17 18 19 20 21 22 23 24 25 26 27 28 29 30 31 32 33 34 35 36 37 38 39 40 41 42 43 44 45 46 47 48 49 50 51 52 53 54 55 56 57 58 59 60 61 62 63 64 65 66 67 68 69 70 71 72 73 74 75 76 77 78 79 80 81 82 83 84 85 86 87 88 89 90 91 92 93 94 95 96 97 98 99 100 #runnumber: 206 yelloweye_data.ss yelloweye_control.ss 4775.07 1135.72 327.273
 0 0 8.4783e-008 8.2751e-007 6.10664e-006 3.59756e-005 0.000173247 0.000684126 0.00221375 0.00592605 0.0133938 0.026211 0.045528 0.0717492 0.104497 0.142785 0.185296 0.230634 0.277519 0.324894 0.371955 0.418138 0.463078 0.506566 0.548497 0.588839 0.627601 0.664816 0.700528 0.734783 0.767627 0.799104 0.829255 0.858119 0.885733 0.912132 0.937351 0.961424 0.984387 1.00627 1.02712 1.04696 1.06582 1.08376 1.10079 1.11695 1.13228 1.14682 1.1606 1.17364 1.18599 1.19768 1.20873 1.21917 1.22905 1.23837 1.24718 1.2555 1.26334 1.27075 1.27773 1.28432 1.29053 1.29638 1.3019 1.30709 1.31199 1.3166 1.32094 1.32503 1.32888 1.3326 1.33611 1.3394 1.3425 1.34542 1.34817 1.35075 1.35318 1.35547 1.35762 1.35964 1.36154 1.36333 1.36501 1.36659 1.36808 1.36948 1.37079 1.37202 1.37319 1.37428 1.3753 1.37626 1.37717 1.37802 1.37882 1.37957 1.38028 1.38094 1.382 #female fecundity; weighted by N in year Y_init across morphs and areas
# Age specific selectivity and weight adjusted for discard and discard mortality
 #wt and selex for gender,fleet: 1 1
 0.0142004 0.0356454 0.078449 0.138538 0.214849 0.304897 0.405927 0.515373 0.631031 0.751096 0.874133 0.999043 1.12503 1.25155 1.37829 1.5051 1.63188 1.75859 1.88513 2.01133 2.13696 2.2617 2.38517 2.50696 2.62666 2.74387 2.85823 2.96943 3.07721 3.1814 3.28184 3.37845 3.47118 3.56004 3.64505 3.72625 3.80372 3.87755 3.94782 4.01466 4.07818 4.13848 4.1957 4.24996 4.30137 4.35006 4.39614 4.43975 4.48098 4.51996 4.55679 4.59158 4.62443 4.65543 4.68469 4.71229 4.73832 4.76286 4.786 4.8078 4.82835 4.84771 4.86594 4.88311 4.89928 4.9145 4.92883 4.94232 4.95501 4.96696 4.97831 4.9891 4.99925 5.00879 5.01777 5.02622 5.03416 5.04163 5.04865 5.05525 5.06146 5.0673 5.07279 5.07795 5.0828 5.08736 5.09164 5.09567 5.09945 5.10301 5.10635 5.10949 5.11245 5.11522 5.11783 5.12028 5.12258 5.12475 5.12678 5.12869 5.13174
 0 0 0 0 0 0 0 0 0 0 0 0 0 0 0 0 0 0 0 0 0 0 0 0 0 0 0 0 0 0 0 0 0 0 0 0 0 0 0 0 0 0 0 0 0 0 0 0 0 0 0 0 0 0 0 0 0 0 0 0 0 0 0 0 0 0 0 0 0 0 0 0 0 0 0 0 0 0 0 0 0 0 0 0 0 0 0 0 0 0 0 0 0 0 0 0 0 0 0 1 0
 #wt and selex for gender,fleet: 1 3
 0.0140215 0.0340899 0.0743668 0.130746 0.202121 0.286214 0.380539 0.4828 0.591048 0.70374 0.819775 0.938491 1.0596 1.18303 1.3088 1.43684 1.56692 1.69863 1.83137 1.96446 2.09712 2.22864 2.35832 2.48558 2.60993 2.73097 2.84841 2.96204 3.07171 3.17732 3.27884 3.37625 3.46958 3.55887 3.64419 3.72562 3.80326 3.87721 3.94757 4.01448 4.07804 4.13838 4.19562 4.24989 4.30132 4.35002 4.39612 4.43973 4.48097 4.51995 4.55678 4.59157 4.62442 4.65542 4.68468 4.71228 4.73831 4.76286 4.786 4.8078 4.82835 4.84771 4.86594 4.88311 4.89928 4.9145 4.92883 4.94232 4.95501 4.96696 4.97831 4.9891 4.99925 5.00879 5.01777 5.02622 5.03416 5.04163 5.04865 5.05526 5.06146 5.0673 5.07279 5.07795 5.0828 5.08736 5.09164 5.09567 5.09945 5.10301 5.10635 5.1095 5.11245 5.11522 5.11783 5.12028 5.12258 5.12475 5.12678 5.12869 5.13174
 0 0 0 0 0 0 0 0 0 0 0 0 0 0 0 0 0 0 0 0 0 0 0 0 0 0 0 0 0 0 0 0 0 0 0 0 0 0 0 0 0 0 0 0 0 0 0 0 0 0 0 0 0 0 0 0 0 0 0 0 0 0 0 0 0 0 0 0 0 0 0 0 0 0 0 0 0 0 0 0 0 0 0 0 0 0 0 0 0 0 0 0 0 0 0 0 0 0 0 1 0
 #wt and selex for gender,fleet: 1 4
 0.0135707 0.0301793 0.0650914 0.115913 0.182355 0.263191 0.35671 0.461023 0.574265 0.694692 0.820729 0.950981 1.08423 1.21942 1.35563 1.4921 1.62816 1.76325 1.89693 2.02881 2.15857 2.28594 2.41069 2.53264 2.65159 2.76741 2.87995 2.98909 3.09475 3.19682 3.29527 3.39004 3.48112 3.56851 3.65224 3.73234 3.80888 3.8819 3.95151 4.01778 4.08082 4.14073 4.19762 4.25159 4.30277 4.35127 4.39719 4.44066 4.48178 4.52066 4.5574 4.59212 4.62491 4.65586 4.68507 4.71264 4.73863 4.76315 4.78626 4.80804 4.82857 4.84791 4.86613 4.88329 4.89944 4.91466 4.92898 4.94246 4.95514 4.96708 4.97843 4.98921 4.99936 5.0089 5.01788 5.02632 5.03426 5.04173 5.04875 5.05535 5.06156 5.0674 5.07288 5.07804 5.08289 5.08745 5.09173 5.09576 5.09954 5.1031 5.10644 5.10958 5.11253 5.11531 5.11791 5.12036 5.12267 5.12483 5.12686 5.12877 5.13182
 0 0 0 0 0 0 0 0 0 0 0 0 0 0 0 0 0 0 0 0 0 0 0 0 0 0 0 0 0 0 0 0 0 0 0 0 0 0 0 0 0 0 0 0 0 0 0 0 0 0 0 0 0 0 0 0 0 0 0 0 0 0 0 0 0 0 0 0 0 0 0 0 0 0 0 0 0 0 0 0 0 0 0 0 0 0 0 0 0 0 0 0 0 0 0 0 0 0 0 1 0
 #wt and selex for gender,fleet: 1 5
 0.0140091 0.0341143 0.0751293 0.133537 0.208662 0.298443 0.400382 0.512006 0.631078 0.75567 0.884171 1.01526 1.14784 1.28106 1.41421 1.54674 1.67824 1.80838 1.93692 2.06367 2.18848 2.31121 2.43171 2.54986 2.66549 2.77846 2.8886 2.99576 3.0998 3.20059 3.29801 3.392 3.48247 3.56941 3.65281 3.73266 3.80902 3.88192 3.95144 4.01766 4.08066 4.14055 4.19743 4.25141 4.30259 4.35109 4.39702 4.4405 4.48163 4.52052 4.55727 4.592 4.62479 4.65576 4.68498 4.71254 4.73855 4.76307 4.78619 4.80797 4.8285 4.84785 4.86607 4.88323 4.89939 4.91461 4.92893 4.94241 4.9551 4.96704 4.97839 4.98917 4.99932 5.00886 5.01784 5.02629 5.03423 5.04169 5.04872 5.05532 5.06153 5.06736 5.07285 5.07801 5.08286 5.08741 5.0917 5.09572 5.09951 5.10307 5.10641 5.10955 5.1125 5.11528 5.11788 5.12033 5.12264 5.1248 5.12683 5.12874 5.13179
 0 0 0 0 0 0 0 0 0 0 0 0 0 0 0 0 0 0 0 0 0 0 0 0 0 0 0 0 0 0 0 0 0 0 0 0 0 0 0 0 0 0 0 0 0 0 0 0 0 0 0 0 0 0 0 0 0 0 0 0 0 0 0 0 0 0 0 0 0 0 0 0 0 0 0 0 0 0 0 0 0 0 0 0 0 0 0 0 0 0 0 0 0 0 0 0 0 0 0 1 0
 #wt and selex for gender,fleet: 1 6
 0.0164243 0.0489754 0.103534 0.174146 0.256547 0.346127 0.439428 0.534363 0.630276 0.727778 0.828234 0.933152 1.04371 1.16046 1.28329 1.41144 1.54375 1.67887 1.8154 1.9521 2.0879 2.22193 2.35353 2.48219 2.60751 2.72922 2.84709 2.961 3.07083 3.17654 3.27812 3.37555 3.46889 3.55818 3.64349 3.72492 3.80254 3.87648 3.94684 4.01373 4.07728 4.13761 4.19485 4.24911 4.30053 4.34922 4.39531 4.43892 4.48015 4.51913 4.55596 4.59074 4.62359 4.65459 4.68384 4.71144 4.73747 4.76201 4.78515 4.80695 4.8275 4.84685 4.86508 4.88225 4.89842 4.91364 4.92797 4.94146 4.95415 4.96609 4.97744 4.98823 4.99837 5.00791 5.01689 5.02533 5.03327 5.04074 5.04776 5.05436 5.06057 5.0664 5.07189 5.07704 5.08189 5.08645 5.09073 5.09476 5.09854 5.1021 5.10544 5.10858 5.11153 5.11431 5.11691 5.11936 5.12166 5.12383 5.12586 5.12777 5.13082
 0 0 0 0 0 0 0 0 0 0 0 0 0 0 0 0 0 0 0 0 0 0 0 0 0 0 0 0 0 0 0 0 0 0 0 0 0 0 0 0 0 0 0 0 0 0 0 0 0 0 0 0 0 0 0 0 0 0 0 0 0 0 0 0 0 0 0 0 0 0 0 0 0 0 0 0 0 0 0 0 0 0 0 0 0 0 0 0 0 0 0 0 0 0 0 0 0 0 0 1 0
 #wt and selex for gender,fleet: 1 7
 0.0162711 0.0489089 0.105984 0.182624 0.275085 0.378511 0.488746 0.602654 0.718053 0.833564 0.948478 1.06265 1.17637 1.29019 1.40475 1.52066 1.63833 1.75795 1.87943 2.00243 2.12643 2.25075 2.37466 2.49742 2.61836 2.73689 2.85251 2.96485 3.07361 3.17861 3.2797 3.37683 3.46996 3.55913 3.64436 3.72574 3.80334 3.87726 3.94761 4.0145 4.07805 4.13839 4.19563 4.2499 4.30132 4.35002 4.39612 4.43973 4.48097 4.51995 4.55678 4.59157 4.62442 4.65542 4.68468 4.71228 4.73831 4.76286 4.786 4.8078 4.82835 4.84771 4.86594 4.88311 4.89928 4.9145 4.92883 4.94232 4.95501 4.96696 4.97831 4.9891 4.99925 5.00879 5.01777 5.02622 5.03416 5.04163 5.04865 5.05526 5.06146 5.0673 5.07279 5.07795 5.0828 5.08736 5.09164 5.09567 5.09945 5.10301 5.10635 5.1095 5.11245 5.11522 5.11783 5.12028 5.12258 5.12475 5.12678 5.12869 5.13174
 0 0 0 0 0 0 0 0 0 0 0 0 0 0 0 0 0 0 0 0 0 0 0 0 0 0 0 0 0 0 0 0 0 0 0 0 0 0 0 0 0 0 0 0 0 0 0 0 0 0 0 0 0 0 0 0 0 0 0 0 0 0 0 0 0 0 0 0 0 0 0 0 0 0 0 0 0 0 0 0 0 0 0 0 0 0 0 0 0 0 0 0 0 0 0 0 0 0 0 1 0
 #wt and selex for gender,fleet: 2 1
 0.0137306 0.0345023 0.0761875 0.135046 0.210211 0.299386 0.399958 0.509467 0.625788 0.747174 0.872246 0.99996 1.12959 1.26071 1.3931 1.52674 1.66163 1.7978 1.93516 2.07349 2.21244 2.35154 2.49022 2.62788 2.76391 2.89775 3.0289 3.15695 3.28155 3.40245 3.51948 3.6325 3.74144 3.84629 3.94703 4.04371 4.13637 4.2251 4.30996 4.39105 4.46849 4.54236 4.61279 4.67989 4.74377 4.80456 4.86237 4.91732 4.96953 5.01911 5.06617 5.11082 5.15318 5.19333 5.2314 5.26746 5.30163 5.33398 5.36462 5.39361 5.42105 5.44701 5.47157 5.49479 5.51676 5.53752 5.55715 5.5757 5.59323 5.60979 5.62558 5.64063 5.65485 5.66828 5.68096 5.69294 5.70424 5.71492 5.725 5.73451 5.74349 5.75197 5.75997 5.76752 5.77464 5.78137 5.78771 5.7937 5.79935 5.80467 5.8097 5.81445 5.81892 5.82314 5.82712 5.83088 5.83442 5.83777 5.84092 5.84389 5.84879
 0 0 0 0 0 0 0 0 0 0 0 0 0 0 0 0 0 0 0 0 0 0 0 0 0 0 0 0 0 0 0 0 0 0 0 0 0 0 0 0 0 0 0 0 0 0 0 0 0 0 0 0 0 0 0 0 0 0 0 0 0 0 0 0 0 0 0 0 0 0 0 0 0 0 0 0 0 0 0 0 0 0 0 0 0 0 0 0 0 0 0 0 0 0 0 0 0 0 0 1 0
 #wt and selex for gender,fleet: 2 3
 0.0135579 0.0329967 0.0722217 0.127442 0.19774 0.281011 0.374903 0.477226 0.586112 0.700105 0.818211 0.939918 1.06511 1.1939 1.32641 1.46265 1.60234 1.74496 1.88976 2.03583 2.18224 2.32807 2.47252 2.6149 2.75463 2.89127 3.02447 3.15397 3.27959 3.40118 3.51866 3.63198 3.74112 3.84608 3.9469 4.04363 4.13633 4.22507 4.30994 4.39104 4.46848 4.54236 4.61279 4.67988 4.74377 4.80456 4.86237 4.91732 4.96953 5.01911 5.06617 5.11082 5.15318 5.19333 5.2314 5.26746 5.30163 5.33398 5.36462 5.39361 5.42105 5.44701 5.47157 5.49479 5.51676 5.53752 5.55715 5.5757 5.59323 5.60979 5.62558 5.64063 5.65485 5.66828 5.68096 5.69294 5.70424 5.71492 5.725 5.73451 5.74349 5.75197 5.75997 5.76752 5.77464 5.78137 5.78771 5.7937 5.79935 5.80468 5.8097 5.81445 5.81892 5.82314 5.82713 5.83088 5.83442 5.83777 5.84092 5.84389 5.84879
 0 0 0 0 0 0 0 0 0 0 0 0 0 0 0 0 0 0 0 0 0 0 0 0 0 0 0 0 0 0 0 0 0 0 0 0 0 0 0 0 0 0 0 0 0 0 0 0 0 0 0 0 0 0 0 0 0 0 0 0 0 0 0 0 0 0 0 0 0 0 0 0 0 0 0 0 0 0 0 0 0 0 0 0 0 0 0 0 0 0 0 0 0 0 0 0 0 0 0 1 0
 #wt and selex for gender,fleet: 2 4
 0.0131225 0.0292116 0.0632228 0.113025 0.178526 0.258691 0.351978 0.456638 0.570914 0.693145 0.821819 0.955583 1.09325 1.23377 1.37625 1.51991 1.6641 1.80827 1.95194 2.09472 2.23629 2.37634 2.5146 2.6508 2.78469 2.91601 3.04453 3.17002 3.29227 3.41109 3.52634 3.63788 3.74562 3.8495 3.94948 4.04557 4.13778 4.22616 4.31076 4.39166 4.46894 4.5427 4.61305 4.68008 4.74392 4.80467 4.86246 4.91739 4.96958 5.01915 5.0662 5.11085 5.1532 5.19335 5.23141 5.26747 5.30164 5.33399 5.36462 5.39362 5.42105 5.44701 5.47157 5.4948 5.51676 5.53752 5.55715 5.5757 5.59323 5.60979 5.62558 5.64063 5.65485 5.66828 5.68096 5.69294 5.70424 5.71492 5.725 5.73451 5.74349 5.75197 5.75997 5.76752 5.77464 5.78137 5.78771 5.7937 5.79934 5.80467 5.8097 5.81444 5.81892 5.82314 5.82712 5.83088 5.83442 5.83777 5.84092 5.84389 5.84879
 0 0 0 0 0 0 0 0 0 0 0 0 0 0 0 0 0 0 0 0 0 0 0 0 0 0 0 0 0 0 0 0 0 0 0 0 0 0 0 0 0 0 0 0 0 0 0 0 0 0 0 0 0 0 0 0 0 0 0 0 0 0 0 0 0 0 0 0 0 0 0 0 0 0 0 0 0 0 0 0 0 0 0 0 0 0 0 0 0 0 0 0 0 0 0 0 0 0 0 1 0
 #wt and selex for gender,fleet: 2 5
 0.0135459 0.0330208 0.0729688 0.130191 0.204218 0.293181 0.394741 0.506546 0.626445 0.752578 0.88338 1.01756 1.15407 1.29206 1.43086 1.56996 1.70897 1.84762 1.98569 2.12304 2.2595 2.39492 2.52911 2.66184 2.79286 2.92188 3.04861 3.17274 3.29399 3.41211 3.52687 3.6381 3.74564 3.8494 3.94933 4.0454 4.13761 4.226 4.31061 4.39153 4.46883 4.54261 4.61297 4.68002 4.74387 4.80463 4.86243 4.91737 4.96956 5.01913 5.06619 5.11084 5.15319 5.19334 5.2314 5.26747 5.30163 5.33399 5.36462 5.39361 5.42105 5.44701 5.47157 5.4948 5.51676 5.53752 5.55715 5.5757 5.59323 5.60979 5.62558 5.64063 5.65485 5.66828 5.68096 5.69294 5.70425 5.71492 5.725 5.73451 5.74349 5.75197 5.75997 5.76752 5.77464 5.78137 5.78771 5.7937 5.79935 5.80468 5.8097 5.81445 5.81892 5.82314 5.82713 5.83088 5.83443 5.83777 5.84092 5.84389 5.84879
 0 0 0 0 0 0 0 0 0 0 0 0 0 0 0 0 0 0 0 0 0 0 0 0 0 0 0 0 0 0 0 0 0 0 0 0 0 0 0 0 0 0 0 0 0 0 0 0 0 0 0 0 0 0 0 0 0 0 0 0 0 0 0 0 0 0 0 0 0 0 0 0 0 0 0 0 0 0 0 0 0 0 0 0 0 0 0 0 0 0 0 0 0 0 0 0 0 0 0 1 0
 #wt and selex for gender,fleet: 2 6
 0.0158783 0.0473919 0.10049 0.169561 0.250523 0.338896 0.431309 0.525768 0.621794 0.720259 0.822829 0.931281 1.04696 1.17047 1.30157 1.43933 1.58233 1.72898 1.87774 2.02722 2.17631 2.32409 2.46988 2.61311 2.75337 2.89031 3.02368 3.15326 3.27891 3.40051 3.51798 3.63128 3.74041 3.84536 3.94616 4.04287 4.13556 4.22428 4.30915 4.39024 4.46767 4.54154 4.61196 4.67905 4.74293 4.80372 4.86152 4.91647 4.96868 5.01825 5.06531 5.10996 5.15231 5.19247 5.23053 5.2666 5.30076 5.33311 5.36375 5.39274 5.42018 5.44614 5.4707 5.49392 5.51588 5.53665 5.55627 5.57482 5.59235 5.60892 5.6247 5.63975 5.65397 5.66739 5.68007 5.69204 5.70334 5.71401 5.72409 5.7336 5.74258 5.75105 5.75905 5.7666 5.77372 5.78044 5.78678 5.79277 5.79841 5.80374 5.80877 5.81351 5.81798 5.8222 5.82618 5.82994 5.83348 5.83682 5.83997 5.84294 5.84784
 0 0 0 0 0 0 0 0 0 0 0 0 0 0 0 0 0 0 0 0 0 0 0 0 0 0 0 0 0 0 0 0 0 0 0 0 0 0 0 0 0 0 0 0 0 0 0 0 0 0 0 0 0 0 0 0 0 0 0 0 0 0 0 0 0 0 0 0 0 0 0 0 0 0 0 0 0 0 0 0 0 0 0 0 0 0 0 0 0 0 0 0 0 0 0 0 0 0 0 1 0
 #wt and selex for gender,fleet: 2 7
 0.0157303 0.0473299 0.10289 0.177899 0.26883 0.370997 0.480351 0.593819 0.709267 0.825374 0.94153 1.05774 1.17449 1.29256 1.41282 1.53602 1.66267 1.79295 1.92666 2.06326 2.20195 2.34179 2.48177 2.62096 2.75849 2.89367 3.02592 3.15484 3.28009 3.40147 3.51882 3.63207 3.74117 3.84611 3.94692 4.04364 4.13633 4.22507 4.30994 4.39104 4.46848 4.54236 4.61279 4.67989 4.74377 4.80456 4.86237 4.91732 4.96953 5.01911 5.06617 5.11082 5.15318 5.19333 5.2314 5.26746 5.30163 5.33398 5.36462 5.39361 5.42105 5.44701 5.47157 5.49479 5.51676 5.53752 5.55715 5.5757 5.59323 5.60979 5.62558 5.64063 5.65485 5.66828 5.68096 5.69294 5.70424 5.71492 5.725 5.73451 5.74349 5.75197 5.75997 5.76752 5.77464 5.78137 5.78771 5.7937 5.79935 5.80468 5.8097 5.81445 5.81892 5.82314 5.82713 5.83088 5.83442 5.83777 5.84092 5.84389 5.84879
 0 0 0 0 0 0 0 0 0 0 0 0 0 0 0 0 0 0 0 0 0 0 0 0 0 0 0 0 0 0 0 0 0 0 0 0 0 0 0 0 0 0 0 0 0 0 0 0 0 0 0 0 0 0 0 0 0 0 0 0 0 0 0 0 0 0 0 0 0 0 0 0 0 0 0 0 0 0 0 0 0 0 0 0 0 0 0 0 0 0 0 0 0 0 0 0 0 0 0 1 0
# M and current age-structure in year Yinit: 2011
 # gender = 1
 0.0439034 0.0439034 0.0439034 0.0439034 0.0439034 0.0439034 0.0439034 0.0439034 0.0439034 0.0439034 0.0439034 0.0439034 0.0439034 0.0439034 0.0439034 0.0439034 0.0439034 0.0439034 0.0439034 0.0439034 0.0439034 0.0439034 0.0439034 0.0439034 0.0439034 0.0439034 0.0439034 0.0439034 0.0439034 0.0439034 0.0439034 0.0439034 0.0439034 0.0439034 0.0439034 0.0439034 0.0439034 0.0439034 0.0439034 0.0439034 0.0439034 0.0439034 0.0439034 0.0439034 0.0439034 0.0439034 0.0439034 0.0439034 0.0439034 0.0439034 0.0439034 0.0439034 0.0439034 0.0439034 0.0439034 0.0439034 0.0439034 0.0439034 0.0439034 0.0439034 0.0439034 0.0439034 0.0439034 0.0439034 0.0439034 0.0439034 0.0439034 0.0439034 0.0439034 0.0439034 0.0439034 0.0439034 0.0439034 0.0439034 0.0439034 0.0439034 0.0439034 0.0439034 0.0439034 0.0439034 0.0439034 0.0439034 0.0439034 0.0439034 0.0439034 0.0439034 0.0439034 0.0439034 0.0439034 0.0439034 0.0439034 0.0439034 0.0439034 0.0439034 0.0439034 0.0439034 0.0439034 0.0439034 0.0439034 0.0439034 0.0439034
 124.368 112.752 114.537 141.676 85.9818 69.9342 53.0708 40.0056 73.0181 135.897 59.0412 39.3659 79.2156 38.0906 23.4381 20.156 19.9603 36.6747 52.8965 22.7185 16.8102 16.6739 17.6312 17.9573 18.0924 18.5984 21.6557 22.6125 18.3265 19.2275 14.8508 9.65799 7.81027 6.05513 5.85662 5.32517 4.59489 3.27063 2.99248 3.35272 4.14467 3.30987 2.5079 1.92393 1.50748 1.24058 1.01205 0.857398 0.797684 0.799905 0.818462 0.810793 0.760542 0.685131 0.609269 0.549415 0.512119 0.496872 0.500655 0.519153 0.543516 0.559194 0.553472 0.525679 0.484985 0.442047 0.402812 0.369532 0.342451 0.320359 0.302115 0.28664 0.273189 0.26122 0.250197 0.239685 0.229356 0.219123 0.209054 0.199331 0.19014 0.181615 0.173771 0.166582 0.159954 0.153766 0.147913 0.142303 0.136864 0.131555 0.126356 0.121258 0.116269 0.111418 0.106689 0.102042 0.0975798 0.0933006 0.0892037 0.0852874 1.89812
 # gender = 2
 0.0467927 0.0467927 0.0467927 0.0467927 0.0467927 0.0467927 0.0467927 0.0467927 0.0467927 0.0467927 0.0467927 0.0467927 0.0467927 0.0467927 0.0467927 0.0467927 0.0467927 0.0467927 0.0467927 0.0467927 0.0467927 0.0467927 0.0467927 0.0467927 0.0467927 0.0467927 0.0467927 0.0467927 0.0467927 0.0467927 0.0467927 0.0467927 0.0467927 0.0467927 0.0467927 0.0467927 0.0467927 0.0467927 0.0467927 0.0467927 0.0467927 0.0467927 0.0467927 0.0467927 0.0467927 0.0467927 0.0467927 0.0467927 0.0467927 0.0467927 0.0467927 0.0467927 0.0467927 0.0467927 0.0467927 0.0467927 0.0467927 0.0467927 0.0467927 0.0467927 0.0467927 0.0467927 0.0467927 0.0467927 0.0467927 0.0467927 0.0467927 0.0467927 0.0467927 0.0467927 0.0467927 0.0467927 0.0467927 0.0467927 0.0467927 0.0467927 0.0467927 0.0467927 0.0467927 0.0467927 0.0467927 0.0467927 0.0467927 0.0467927 0.0467927 0.0467927 0.0467927 0.0467927 0.0467927 0.0467927 0.0467927 0.0467927 0.0467927 0.0467927 0.0467927 0.0467927 0.0467927 0.0467927 0.0467927 0.0467927 0.0467927
 124.368 112.427 113.877 140.453 84.9937 68.9309 52.158 39.2033 71.3446 132.392 57.3482 38.1232 76.4853 36.6669 22.4933 19.2833 19.0345 34.854 50.0836 21.4219 15.7779 15.5698 16.3705 16.5707 16.5852 16.9308 19.5727 20.2897 16.3266 17.0116 13.0546 8.43991 6.78942 5.23959 5.0479 4.57453 3.9361 2.79508 2.55232 2.85485 3.52443 2.81151 2.12853 1.63191 1.27815 1.05158 0.857718 0.726556 0.675849 0.677573 0.693047 0.686203 0.643229 0.578936 0.514274 0.463157 0.431078 0.41755 0.419959 0.43461 0.454039 0.466085 0.46023 0.43605 0.401282 0.36481 0.331554 0.303347 0.280351 0.261542 0.245959 0.232702 0.221148 0.210848 0.201361 0.192335 0.183504 0.1748 0.166275 0.158076 0.150347 0.143191 0.136612 0.130588 0.125039 0.119867 0.114984 0.110319 0.105812 0.10143 0.0971562 0.0929814 0.0889114 0.0849677 0.0811362 0.0773878 0.0737978 0.0703651 0.0670877 0.0639632 1.33495
# Age-structure at Ydeclare= 2013
 61.1958 60.0919 113.912 103.271 104.9 129.741 78.723 64.0093 48.5521 36.578 66.7179 124.086 53.8733 35.8979 72.1974 34.6997 21.3434 18.349 18.1663 33.3723 48.1265 20.6676 15.2914 15.1665 16.0364 16.3324 16.4546 16.9142 19.6938 20.5631 16.6648 17.4833 13.503 8.78107 7.10081 5.50488 5.32421 4.8409 4.17689 2.973 2.72008 3.04743 3.76715 3.00829 2.27932 1.74853 1.37001 1.12742 0.919711 0.779156 0.724878 0.726885 0.743738 0.73676 0.69109 0.62256 0.553623 0.499232 0.465341 0.451485 0.45492 0.471726 0.493863 0.508107 0.502907 0.477651 0.440675 0.401659 0.366008 0.335768 0.311161 0.291087 0.274509 0.260449 0.248227 0.237351 0.227335 0.217783 0.208398 0.1991 0.189951 0.181116 0.172765 0.16502 0.157892 0.15136 0.145338 0.139716 0.134397 0.1293 0.124358 0.119535 0.114811 0.110179 0.105646 0.101238 0.0969405 0.0927189 0.088664 0.0847759 1.88325
 61.1958 59.9185 113.256 102.379 103.694 127.88 77.3689 62.7256 47.4395 35.6348 64.8052 120.17 52.0177 34.5576 69.2933 33.2036 20.3612 17.4504 17.2213 31.5286 45.2995 19.3739 14.2686 14.0797 14.8032 14.9837 14.9964 15.3084 17.6966 18.3441 14.7604 15.3791 11.8013 7.6293 6.13708 4.73598 4.56255 4.13456 3.55741 2.5261 2.30662 2.57995 3.18495 2.54062 1.92339 1.47459 1.1549 0.950154 0.774973 0.65645 0.610625 0.612173 0.626145 0.619954 0.581123 0.523034 0.464612 0.418428 0.389446 0.377223 0.379397 0.392632 0.410183 0.421065 0.415774 0.393929 0.362519 0.329569 0.299525 0.274043 0.253268 0.236276 0.222198 0.210221 0.199783 0.190478 0.181908 0.173753 0.165775 0.157912 0.150211 0.142804 0.135822 0.129357 0.123414 0.117972 0.112959 0.108287 0.103876 0.0996617 0.0955901 0.0916316 0.0877704 0.083999 0.0803222 0.0767595 0.0732982 0.069912 0.0666688 0.0635678 1.32439
# Year for Tmin Age-structure (set to Ydecl by SS)
2013
#  recruitment and biomass
# Number of historical assessment years
129
# Historical data
# year recruitment spawner in B0 in R project in R/S project
1888  1889 1890 1891 1892 1893 1894 1895 1896 1897 1898 1899 1900 1901 1902 1903 1904 1905 1906 1907 1908 1909 1910 1911 1912 1913 1914 1915 1916 1917 1918 1919 1920 1921 1922 1923 1924 1925 1926 1927 1928 1929 1930 1931 1932 1933 1934 1935 1936 1937 1938 1939 1940 1941 1942 1943 1944 1945 1946 1947 1948 1949 1950 1951 1952 1953 1954 1955 1956 1957 1958 1959 1960 1961 1962 1963 1964 1965 1966 1967 1968 1969 1970 1971 1972 1973 1974 1975 1976 1977 1978 1979 1980 1981 1982 1983 1984 1985 1986 1987 1988 1989 1990 1991 1992 1993 1994 1995 1996 1997 1998 1999 2000 2001 2002 2003 2004 2005 2006 2007 2008 2009 2010 2011 2012 2013 2014 2015 2016 #years (with first value representing R0)
239.486 236.753 236.659 236.563 236.463 236.352 236.238 236.12 236.003 235.883 235.758 235.628 235.487 235.34 235.192 235.03 234.858 234.678 234.49 234.299 234.098 233.88 233.651 233.406 233.152 232.875 232.568 232.216 231.803 231.313 230.526 229.535 228.379 227.005 225.408 223.611 221.65 219.586 217.513 215.531 213.745 212.253 211.104 210.254 209.627 209.036 208.282 207.209 205.796 204.161 202.588 201.388 200.879 201.31 202.999 206.38 211.819 219.615 229.243 239.216 246.572 246.822 237.022 218.891 198.571 181.779 171.142 167.206 169.873 178.178 189.238 198.049 198.626 188.145 172.022 159.923 159.596 174.069 196.187 217.945 252.752 297.445 352.112 392.831 281.222 220.677 210.702 257.035 257.198 242.976 214.794 235.985 247.836 323.141 354.675 287.059 302.043 248.034 184.133 156.254 136.661 119.51 101.824 93.4692 116.195 251.186 163.025 83.574 79.8976 88.2523 136.575 270.847 128.477 184.034 404.758 207.889 108.917 138.208 174.247 204.997 323.253 250.099 235.626 248.735 125.578 122.392 126.101 148.142 190.456  #recruits; first value is R0 (virgin)
1135.72  1135.72 1135.71 1135.7 1135.67 1135.21 1134.77 1134.31 1134.16 1134.09 1134 1133.91 1133.79 1133.64 1133.46 1133.23 1132.96 1132.64 1132.28 1131.88 1131.44 1130.84 1130.31 1129.75 1129.15 1128.52 1127.85 1127.15 1126.36 1125.6 1124.66 1121.68 1120.23 1118.87 1117.56 1116.51 1115.35 1113.64 1111.55 1108.65 1105.01 1101.45 1098.32 1094.84 1092.36 1090.02 1087.67 1084.8 1081.91 1078.08 1074.53 1070.71 1067.53 1063.26 1057.54 1051.51 1041.08 1030.03 1013.88 999.081 991.987 984.005 977.84 971.077 962.835 955.745 950.499 944.154 938.171 932.039 924.616 917.594 911.341 905.94 902.174 897.642 894.718 893.25 882.493 879.077 874.273 869.474 855.998 847.326 835.707 821.148 805.412 788.121 771.325 751.938 732.883 701.351 670.269 646.205 614.24 560.902 512.015 484.888 446.012 423.869 397.879 374.696 345.193 324.951 292.379 262.856 234.956 220.642 206.477 190.688 173.146 169.125 160.882 164.911 168.349 176.837 185.653 194.807 204.022 213.639 222.868 232.558 242.312 252.926 263.95 275.349 287.474 300.364 313.477 #spbio; first value is SSB_virgin (virgin)
1 0 0 0 0 0 0 0 0 0 0 0 0 0 0 0 0 0 0 0 0 0 0 0 0 0 0 0 0 0 0 0 0 0 0 0 0 0 0 0 0 0 0 0 0 0 0 0 0 0 0 0 0 0 0 0 0 0 0 0 0 0 0 0 0 0 0 0 0 0 0 0 0 0 0 0 0 0 0 0 0 0 0 0 0 0 0 0 0 0 0 0 0 0 0 0 0 0 0 0 0 0 0 0 0 0 0 0 0 0 0 0 0 0 0 0 0 0 0 0 0 0 0 0 0 0 0 0 0  # in Bzero
0 1 1 1 1 1 1 1 1 1 1 1 1 1 1 1 1 1 1 1 1 1 1 1 1 1 1 1 1 1 1 1 1 1 1 1 1 1 1 1 1 1 1 1 1 1 1 1 1 1 1 1 1 1 1 1 1 1 1 1 1 1 1 1 1 1 1 1 1 1 1 1 1 1 1 1 1 1 1 1 1 1 1 1 1 1 1 1 1 1 1 1 1 1 1 1 1 1 1 1 1 1 1 1 1 1 1 1 1 1 1 1 1 1 1 1 1 1 1 1 1 1 1 1 1 1  0 0 0 # in R project
0 1 1 1 1 1 1 1 1 1 1 1 1 1 1 1 1 1 1 1 1 1 1 1 1 1 1 1 1 1 1 1 1 1 1 1 1 1 1 1 1 1 1 1 1 1 1 1 1 1 1 1 1 1 1 1 1 1 1 1 1 1 1 1 1 1 1 1 1 1 1 1 1 1 1 1 1 1 1 1 1 1 1 1 1 1 1 1 1 1 1 1 1 1 1 1 1 1 1 1 1 1 1 1 1 1 1 1 1 1 1 1 1 1 1 1 1 1 1 1 1 1 1 1 1 1  0 0 0 # in R/S project
# Number of years with pre-specified catches
0
# catches for years with pre-specified catches go next
# Number of future recruitments to override
-2
# Process for overiding (-1 for average otherwise index in data list)
# Which probability to product detailed results for (1=0.5; 2=0.6; etc.)
3
# Steepness sigma-R Auto-correlation
0.718 0.5 0
# Target SPR rate (FMSY Proxy); manually change to SPR_MSY if not using SPR_target
0.5
# Discount rate (for cumulative catch)
0.1
# Truncate the series when 0.4B0 is reached (1=Yes)
0
# Set F to FMSY once 0.4B0 is reached (1=Yes)
0
# Maximum possible F for projection (-1 to set to FMSY)
-1
# Defintion of recovery (1=now only;2=now or before)
2
# Projection type
4
# Definition of the 40-10 rule
10 40
# Calculate coefficients of variation (1=Yes)
0
# Number of replicates to use
10
# Random number seed
-99004
# File with multiple parameter vectors 
rebuild.SSO
# User-specific projection (1=Yes); Output replaced (1->9)
0  5
# Catches and Fs (Year; 1/2/3 (F or C or SPR); value); Final row is -1
2016 1 1
-1 -1 -1
# Fixed catch project (1=Yes); Output replaced (1->9); Approach (-1=Read in else 1-9)
0 2 -1
# Split of Fs
2011  0.000501418
 0
 0.154909
 0.00702888
 0.272595
 0.244039
 0.320926
-1  1 1 1 1 1 1 1 1 1 1 1 1
# Yrs to define T_target for projection type 4 (a.k.a. 5 pre-specified inputs)
2022 2023 2024 2025 2026 
# Year for probability of recovery
2026 2027 2028 2029 2030 2031 2032 2033
# Time varying weight-at-age (1=Yes;0=No)
0
# File with time series of weight-at-age data
none
# Use bisection (0) or linear interpolation (1)
1
# Target Depletion
0.4
# CV of implementation error
0
