#Title, #runnumber: 255 yelloweye_data.ss yelloweye_control.ss 5562.6 2284.15 718.756 StartTime: Thu Jun 15 14:42:50 2017
SSv3_default_rebuild.dat
# Number of sexes
1
# Age range to consider (minimum age; maximum age)
0 100
# Number of fleets
12
# First year of projection (Yinit)
2011
# First Year of rebuilding period (Ydecl)
2013
# Number of simulations
1000
# Maximum number of years
500
# Conduct projections with multiple starting values (0=No;else yes)
0
# Number of parameter vectors
1000
# Is the maximum age a plus-group (1=Yes;2=No)
1
# Generate future recruitments using historical recruitments (1)  historical recruits/spawner (2)  or a stock-recruitment (3)
3
# Constant fishing mortality (1) or constant Catch (2) projections
1
# Fishing mortality based on SPR (1) or actual rate (2)
1
# Pre-specify the year of recovery (or -1) to ignore
-1
# Fecundity-at-age
# 0 1 2 3 4 5 6 7 8 9 10 11 12 13 14 15 16 17 18 19 20 21 22 23 24 25 26 27 28 29 30 31 32 33 34 35 36 37 38 39 40 41 42 43 44 45 46 47 48 49 50 51 52 53 54 55 56 57 58 59 60 61 62 63 64 65 66 67 68 69 70 71 72 73 74 75 76 77 78 79 80 81 82 83 84 85 86 87 88 89 90 91 92 93 94 95 96 97 98 99 100 #runnumber: 255 yelloweye_data.ss yelloweye_control.ss 5562.6 2284.15 718.756
 0 0 7.35003e-008 8.46853e-007 6.90549e-006 4.33205e-005 0.000217292 0.000880792 0.00289146 0.00777206 0.0174926 0.0338892 0.0580638 0.090095 0.129129 0.173709 0.222157 0.272875 0.324522 0.376078 0.426834 0.476336 0.524321 0.570656 0.615293 0.65823 0.69949 0.739108 0.777122 0.81357 0.848489 0.881914 0.91388 0.944421 0.973573 1.00137 1.02785 1.05306 1.07702 1.09979 1.12139 1.14189 1.16131 1.1797 1.1971 1.21355 1.2291 1.24379 1.25766 1.27074 1.28307 1.2947 1.30566 1.31598 1.32569 1.33483 1.34343 1.35152 1.35913 1.36628 1.37299 1.37931 1.38524 1.3908 1.39603 1.40094 1.40555 1.40987 1.41393 1.41773 1.4213 1.42474 1.42796 1.43098 1.43381 1.43647 1.43896 1.44129 1.44348 1.44553 1.44745 1.44925 1.45094 1.45252 1.454 1.45539 1.45669 1.45791 1.45905 1.46012 1.46113 1.46206 1.46294 1.46377 1.46454 1.46526 1.46594 1.46657 1.46716 1.46772 1.46859 #female fecundity; weighted by N in year Y_init across morphs and areas
# Age specific selectivity and weight adjusted for discard and discard mortality
 #wt and selex for gender,fleet: 1 1
 0.0108123 0.0214787 0.0610659 0.120107 0.198074 0.291727 0.397366 0.511675 0.631963 0.756192 0.882941 1.01138 1.14118 1.27239 1.40525 1.53997 1.67661 1.815 1.95468 2.095 2.23517 2.37434 2.51169 2.64649 2.7781 2.90603 3.02991 3.14946 3.26451 3.37496 3.48077 3.58194 3.67852 3.77059 3.85824 3.94158 4.02073 4.09583 4.16702 4.23446 4.29827 4.35862 4.41566 4.46953 4.52038 4.56835 4.61358 4.65621 4.69637 4.73419 4.76979 4.80329 4.8348 4.86443 4.89229 4.91848 4.94308 4.96619 4.9879 5.00828 5.02742 5.04538 5.06224 5.07806 5.09291 5.10683 5.11989 5.13214 5.14363 5.1544 5.1646 5.17425 5.18329 5.19177 5.19972 5.20717 5.21415 5.2207 5.22683 5.23257 5.23795 5.243 5.24772 5.25215 5.25629 5.26018 5.26381 5.26722 5.27041 5.2734 5.2762 5.27883 5.28128 5.28358 5.28574 5.28775 5.28964 5.29141 5.29307 5.29462 5.29704
 0 0 0 0 0 0 0 0 0 0 0 0 0 0 0 0 0 0 0 0 0 0 0 0 0 0 0 0 0 0 0 0 0 0 0 0 0 0 0 0 0 0 0 0 0 0 0 0 0 0 0 0 0 0 0 0 0 0 0 0 0 0 0 0 0 0 0 0 0 0 0 0 0 0 0 0 0 0 0 0 0 0 0 0 0 0 0 0 0 0 0 0 0 0 0 0 0 0 0 1 0
 #wt and selex for gender,fleet: 1 3
 0.0107253 0.0199266 0.0545577 0.107345 0.177726 0.263299 0.361109 0.46836 0.582686 0.702265 0.825896 0.95299 1.08342 1.21728 1.35458 1.49514 1.63843 1.78367 1.92989 2.07605 2.22114 2.36425 2.50462 2.64165 2.77485 2.90389 3.02852 3.14857 3.26394 3.3746 3.48054 3.5818 3.67844 3.77054 3.8582 3.94155 4.02071 4.09582 4.16702 4.23445 4.29827 4.35862 4.41566 4.46953 4.52037 4.56834 4.61358 4.65621 4.69637 4.73419 4.76979 4.80329 4.8348 4.86443 4.89229 4.91848 4.94308 4.96619 4.9879 5.00828 5.02742 5.04538 5.06224 5.07806 5.09291 5.10683 5.11989 5.13214 5.14363 5.1544 5.1646 5.17425 5.18329 5.19177 5.19972 5.20717 5.21415 5.2207 5.22683 5.23257 5.23795 5.243 5.24772 5.25215 5.25629 5.26018 5.26381 5.26722 5.27041 5.2734 5.2762 5.27883 5.28128 5.28358 5.28574 5.28775 5.28964 5.29141 5.29307 5.29462 5.29704
 0 0 0 0 0 0 0 0 0 0 0 0 0 0 0 0 0 0 0 0 0 0 0 0 0 0 0 0 0 0 0 0 0 0 0 0 0 0 0 0 0 0 0 0 0 0 0 0 0 0 0 0 0 0 0 0 0 0 0 0 0 0 0 0 0 0 0 0 0 0 0 0 0 0 0 0 0 0 0 0 0 0 0 0 0 0 0 0 0 0 0 0 0 0 0 0 0 0 0 1 0
 #wt and selex for gender,fleet: 1 4
 0.0106763 0.0190453 0.0507068 0.100399 0.167946 0.251668 0.349159 0.457899 0.575548 0.700062 0.829732 0.963204 1.09947 1.23785 1.37788 1.51925 1.66166 1.80474 1.94804 2.09098 2.23294 2.37326 2.5113 2.64646 2.77825 2.90624 3.03011 3.14964 3.26465 3.37507 3.48085 3.582 3.67857 3.77062 3.85826 3.94159 4.02074 4.09584 4.16703 4.23446 4.29827 4.35863 4.41566 4.46953 4.52038 4.56835 4.61358 4.65621 4.69637 4.73419 4.76979 4.80329 4.8348 4.86443 4.89229 4.91848 4.94308 4.96619 4.9879 5.00828 5.02742 5.04538 5.06224 5.07806 5.09291 5.10683 5.11989 5.13214 5.14363 5.1544 5.1646 5.17425 5.18329 5.19177 5.19972 5.20717 5.21415 5.2207 5.22683 5.23257 5.23795 5.243 5.24772 5.25215 5.25629 5.26018 5.26381 5.26722 5.27041 5.2734 5.2762 5.27883 5.28128 5.28358 5.28574 5.28775 5.28964 5.29141 5.29307 5.29462 5.29704
 0 0 0 0 0 0 0 0 0 0 0 0 0 0 0 0 0 0 0 0 0 0 0 0 0 0 0 0 0 0 0 0 0 0 0 0 0 0 0 0 0 0 0 0 0 0 0 0 0 0 0 0 0 0 0 0 0 0 0 0 0 0 0 0 0 0 0 0 0 0 0 0 0 0 0 0 0 0 0 0 0 0 0 0 0 0 0 0 0 0 0 0 0 0 0 0 0 0 0 1 0
 #wt and selex for gender,fleet: 1 5
 0.0105657 0.0169983 0.0398478 0.0786744 0.135776 0.865181 1.49394 1.53163 1.56811 1.60674 1.6476 1.6913 1.73871 1.79081 1.84856 1.91291 1.98459 2.06414 2.15174 2.24718 2.34978 2.4585 2.57197 2.68863 2.80691 2.92533 3.0426 3.15768 3.26976 3.37828 3.48285 3.58324 3.67934 3.7711 3.85855 3.94177 4.02085 4.09591 4.16707 4.23449 4.29829 4.35864 4.41567 4.46953 4.52038 4.56835 4.61358 4.65621 4.69637 4.73419 4.76979 4.80329 4.8348 4.86443 4.89229 4.91848 4.94308 4.96619 4.9879 5.00828 5.02742 5.04538 5.06224 5.07806 5.09291 5.10683 5.11989 5.13214 5.14363 5.1544 5.1646 5.17425 5.18329 5.19177 5.19972 5.20717 5.21415 5.2207 5.22683 5.23257 5.23795 5.243 5.24772 5.25215 5.25629 5.26018 5.26381 5.26722 5.27041 5.2734 5.2762 5.27883 5.28128 5.28358 5.28574 5.28775 5.28964 5.29141 5.29307 5.29462 5.29704
 0 0 0 0 0 0 0 0 0 0 0 0 0 0 0 0 0 0 0 0 0 0 0 0 0 0 0 0 0 0 0 0 0 0 0 0 0 0 0 0 0 0 0 0 0 0 0 0 0 0 0 0 0 0 0 0 0 0 0 0 0 0 0 0 0 0 0 0 0 0 0 0 0 0 0 0 0 0 0 0 0 0 0 0 0 0 0 0 0 0 0 0 0 0 0 0 0 0 0 1 0
 #wt and selex for gender,fleet: 1 6
 0.0112207 0.0277199 0.0782624 0.14632 0.228863 0.320041 0.415452 0.512684 0.611468 0.713259 0.820269 0.934491 1.05706 1.18801 1.32637 1.47052 1.61854 1.76857 1.91899 2.06849 2.21603 2.36084 2.50234 2.64006 2.77369 2.90297 3.02772 3.14783 3.26323 3.3739 3.47983 3.58107 3.6777 3.76978 3.85743 3.94077 4.01992 4.09501 4.1662 4.23362 4.29743 4.35777 4.4148 4.46866 4.51951 4.56747 4.6127 4.65532 4.69548 4.73329 4.76889 4.80239 4.8339 4.86353 4.89138 4.91757 4.94217 4.96528 4.98698 5.00737 5.0265 5.04447 5.06132 5.07714 5.09199 5.10591 5.11897 5.13122 5.1427 5.15347 5.16367 5.17332 5.18236 5.19084 5.19878 5.20623 5.21321 5.21975 5.22588 5.23162 5.237 5.24204 5.24676 5.25118 5.25533 5.25921 5.26285 5.26625 5.26944 5.27243 5.27523 5.27785 5.28031 5.28261 5.28476 5.28678 5.28867 5.29044 5.29209 5.29364 5.29606
 0 0 0 0 0 0 0 0 0 0 0 0 0 0 0 0 0 0 0 0 0 0 0 0 0 0 0 0 0 0 0 0 0 0 0 0 0 0 0 0 0 0 0 0 0 0 0 0 0 0 0 0 0 0 0 0 0 0 0 0 0 0 0 0 0 0 0 0 0 0 0 0 0 0 0 0 0 0 0 0 0 0 0 0 0 0 0 0 0 0 0 0 0 0 0 0 0 0 0 1 0
 #wt and selex for gender,fleet: 1 7
 0.0105764 0.0172164 0.0420366 0.501874 0.525795 0.554627 0.590909 0.635133 0.689567 0.756945 0.839518 0.938342 1.05285 1.18092 1.31946 1.46512 1.61488 1.76638 1.91785 2.06802 2.21598 2.36103 2.50267 2.64049 2.77418 2.9035 3.0283 3.14844 3.26387 3.37456 3.48052 3.58179 3.67843 3.77053 3.8582 3.94155 4.02071 4.09582 4.16702 4.23445 4.29827 4.35862 4.41566 4.46953 4.52037 4.56834 4.61358 4.65621 4.69637 4.73419 4.76979 4.80329 4.8348 4.86443 4.89229 4.91847 4.94308 4.96619 4.9879 5.00828 5.02742 5.04538 5.06224 5.07806 5.09291 5.10683 5.11989 5.13214 5.14363 5.1544 5.16459 5.17425 5.18329 5.19177 5.19972 5.20717 5.21415 5.2207 5.22683 5.23257 5.23795 5.243 5.24772 5.25215 5.25629 5.26018 5.26381 5.26722 5.27041 5.2734 5.2762 5.27883 5.28128 5.28358 5.28574 5.28775 5.28964 5.29141 5.29307 5.29462 5.29704
 0 0 0 0 0 0 0 0 0 0 0 0 0 0 0 0 0 0 0 0 0 0 0 0 0 0 0 0 0 0 0 0 0 0 0 0 0 0 0 0 0 0 0 0 0 0 0 0 0 0 0 0 0 0 0 0 0 0 0 0 0 0 0 0 0 0 0 0 0 0 0 0 0 0 0 0 0 0 0 0 0 0 0 0 0 0 0 0 0 0 0 0 0 0 0 0 0 0 0 1 0
# M and current age-structure in year Yinit: 2011
 # gender = 1
 0.0439034 0.0439034 0.0439034 0.0439034 0.0439034 0.0439034 0.0439034 0.0439034 0.0439034 0.0439034 0.0439034 0.0439034 0.0439034 0.0439034 0.0439034 0.0439034 0.0439034 0.0439034 0.0439034 0.0439034 0.0439034 0.0439034 0.0439034 0.0439034 0.0439034 0.0439034 0.0439034 0.0439034 0.0439034 0.0439034 0.0439034 0.0439034 0.0439034 0.0439034 0.0439034 0.0439034 0.0439034 0.0439034 0.0439034 0.0439034 0.0439034 0.0439034 0.0439034 0.0439034 0.0439034 0.0439034 0.0439034 0.0439034 0.0439034 0.0439034 0.0439034 0.0439034 0.0439034 0.0439034 0.0439034 0.0439034 0.0439034 0.0439034 0.0439034 0.0439034 0.0439034 0.0439034 0.0439034 0.0439034 0.0439034 0.0439034 0.0439034 0.0439034 0.0439034 0.0439034 0.0439034 0.0439034 0.0439034 0.0439034 0.0439034 0.0439034 0.0439034 0.0439034 0.0439034 0.0439034 0.0439034 0.0439034 0.0439034 0.0439034 0.0439034 0.0439034 0.0439034 0.0439034 0.0439034 0.0439034 0.0439034 0.0439034 0.0439034 0.0439034 0.0439034 0.0439034 0.0439034 0.0439034 0.0439034 0.0439034 0.0439034
 231.399 226.868 197.114 247.471 163.611 122.741 92.4831 69.9076 141.09 279.969 105.415 76.1415 144.568 77.2642 45.046 37.2956 37.656 80.1843 106.135 38.1298 29.0981 30.8501 33.4908 34.1572 34.6686 33.1774 37.6918 45.6706 35.766 41.781 28.2071 18.9365 13.581 10.4201 11.1038 10.5004 9.92944 6.24321 5.80226 7.01311 10.7463 7.22486 5.41894 4.00306 3.0616 2.48658 1.89739 1.54274 1.45951 1.56276 1.7544 1.85919 1.73986 1.50806 1.29647 1.14794 1.06681 1.04567 1.07818 1.16214 1.2896 1.42554 1.48953 1.41483 1.24944 1.08105 0.945042 0.843364 0.768728 0.712475 0.668733 0.633548 0.604481 0.579648 0.557059 0.53497 0.512186 0.488527 0.46455 0.441217 0.419381 0.399563 0.381861 0.366177 0.35218 0.339461 0.327648 0.31643 0.30555 0.29485 0.284231 0.273637 0.263064 0.252574 0.242139 0.231694 0.221508 0.211638 0.202125 0.193011 4.26483
# Age-structure at Ydeclare= 2013
 125.656 115.797 211.946 207.793 180.534 226.636 149.809 112.349 84.6069 63.9074 128.877 255.545 96.1585 69.421 131.756 70.394 41.0297 33.9628 34.2848 72.9952 96.6087 34.7043 26.4823 28.0753 30.4773 31.0827 31.5471 30.1893 34.2962 41.5551 32.5422 38.0141 25.6634 17.2285 12.3557 9.47991 10.1017 9.55268 9.03314 5.67958 5.27838 6.37982 9.77575 6.57227 4.92942 3.6414 2.78497 2.26188 1.72592 1.40331 1.32759 1.42151 1.59582 1.69113 1.58257 1.37173 1.17927 1.04416 0.970363 0.951132 0.980706 1.05707 1.173 1.29665 1.35486 1.28691 1.13647 0.983306 0.859597 0.767112 0.699224 0.648056 0.608269 0.576265 0.549826 0.527238 0.506691 0.486599 0.465876 0.444356 0.422546 0.401323 0.381461 0.363435 0.347334 0.333068 0.320337 0.308768 0.298023 0.287819 0.277924 0.268191 0.258532 0.248896 0.239279 0.229737 0.220246 0.210745 0.20148 0.192503 4.23864
# Year for Tmin Age-structure (set to Ydecl by SS)
2013
#  recruitment and biomass
# Number of historical assessment years
129
# Historical data
# year recruitment spawner in B0 in R project in R/S project
1888  1889 1890 1891 1892 1893 1894 1895 1896 1897 1898 1899 1900 1901 1902 1903 1904 1905 1906 1907 1908 1909 1910 1911 1912 1913 1914 1915 1916 1917 1918 1919 1920 1921 1922 1923 1924 1925 1926 1927 1928 1929 1930 1931 1932 1933 1934 1935 1936 1937 1938 1939 1940 1941 1942 1943 1944 1945 1946 1947 1948 1949 1950 1951 1952 1953 1954 1955 1956 1957 1958 1959 1960 1961 1962 1963 1964 1965 1966 1967 1968 1969 1970 1971 1972 1973 1974 1975 1976 1977 1978 1979 1980 1981 1982 1983 1984 1985 1986 1987 1988 1989 1990 1991 1992 1993 1994 1995 1996 1997 1998 1999 2000 2001 2002 2003 2004 2005 2006 2007 2008 2009 2010 2011 2012 2013 2014 2015 2016 #years (with first value representing R0)
219.131 216.709 216.631 216.551 216.469 216.377 216.282 216.185 216.091 215.996 215.898 215.799 215.693 215.587 215.482 215.364 215.245 215.128 215.014 214.911 214.813 214.717 214.625 214.532 214.435 214.315 214.15 213.902 213.538 213.008 212.087 210.85 209.327 207.48 205.327 202.921 200.341 197.69 195.116 192.77 190.815 189.401 188.611 188.394 188.61 188.95 189.027 188.485 187.197 185.326 183.348 181.821 181.269 182.069 184.65 189.701 198.203 211.527 230.449 253.634 273.452 274.04 249.591 214.824 184.141 162.454 149.775 145.209 148.423 159.144 175.63 192.071 194.328 173.358 145.7 128.067 127.003 145.961 177.918 202.62 243.492 300.815 363.294 485.641 282.574 206.792 195.304 270.661 247.74 225.409 181.086 201.213 238.414 301.111 377.77 274.123 297.796 210.416 160.066 146.134 127.234 111.478 92.763 79.8453 96.4253 249.665 176.909 78.4365 73.6993 84.6881 138.438 247.113 124.245 164.283 416.881 200.813 95.1465 120.407 152.898 195.033 282.315 215.205 237.051 231.399 120.994 125.656 130.374 150.577 178.6  #recruits; first value is R0 (virgin)
2284.15  2284.15 2284.14 2284.13 2284.11 2283.23 2282.37 2281.53 2281.34 2281.33 2281.31 2281.31 2281.26 2281.16 2281 2280.77 2280.47 2280.08 2279.63 2279.11 2278.52 2277.63 2276.91 2276.14 2275.31 2274.42 2273.49 2272.51 2271.34 2269.76 2267.81 2261.61 2258.61 2255.84 2253.16 2251.04 2248.72 2245.26 2241.06 2235.18 2227.82 2220.63 2214.37 2207.39 2202.46 2197.82 2193.1 2187.23 2181.27 2173.23 2165.69 2157.47 2150.5 2141.16 2128.74 2115.63 2093.44 2070.12 2036.46 2005.47 1990.27 1973.72 1960.73 1946.32 1928.91 1914.15 1903.18 1890.29 1878.38 1866.69 1852.94 1840.82 1830.94 1823.39 1819.52 1814.3 1812.43 1813.17 1794.65 1790.45 1782.94 1775.06 1749.13 1732.68 1709.91 1680.77 1648.81 1613.26 1578.53 1538.33 1498.99 1434.48 1372.36 1324.69 1262.04 1156.96 1061.06 1009.07 932.683 889.809 841.204 797.803 742.865 703.458 638.196 578.816 521.895 493.12 464.945 432.226 395.324 387.073 369.183 377.643 384.712 402.104 420.203 439.087 458.16 478.082 497.269 517.486 537.987 560.449 583.949 608.396 634.368 661.903 689.726 #spbio; first value is SSB_virgin (virgin)
1 0 0 0 0 0 0 0 0 0 0 0 0 0 0 0 0 0 0 0 0 0 0 0 0 0 0 0 0 0 0 0 0 0 0 0 0 0 0 0 0 0 0 0 0 0 0 0 0 0 0 0 0 0 0 0 0 0 0 0 0 0 0 0 0 0 0 0 0 0 0 0 0 0 0 0 0 0 0 0 0 0 0 0 0 0 0 0 0 0 0 0 0 0 0 0 0 0 0 0 0 0 0 0 0 0 0 0 0 0 0 0 0 0 0 0 0 0 0 0 0 0 0 0 0 0 0 0 0  # in Bzero
0 1 1 1 1 1 1 1 1 1 1 1 1 1 1 1 1 1 1 1 1 1 1 1 1 1 1 1 1 1 1 1 1 1 1 1 1 1 1 1 1 1 1 1 1 1 1 1 1 1 1 1 1 1 1 1 1 1 1 1 1 1 1 1 1 1 1 1 1 1 1 1 1 1 1 1 1 1 1 1 1 1 1 1 1 1 1 1 1 1 1 1 1 1 1 1 1 1 1 1 1 1 1 1 1 1 1 1 1 1 1 1 1 1 1 1 1 1 1 1 1 1 1 1 1 1  0 0 0 # in R project
0 1 1 1 1 1 1 1 1 1 1 1 1 1 1 1 1 1 1 1 1 1 1 1 1 1 1 1 1 1 1 1 1 1 1 1 1 1 1 1 1 1 1 1 1 1 1 1 1 1 1 1 1 1 1 1 1 1 1 1 1 1 1 1 1 1 1 1 1 1 1 1 1 1 1 1 1 1 1 1 1 1 1 1 1 1 1 1 1 1 1 1 1 1 1 1 1 1 1 1 1 1 1 1 1 1 1 1 1 1 1 1 1 1 1 1 1 1 1 1 1 1 1 1 1 1  0 0 0 # in R/S project
# Number of years with pre-specified catches
0
# catches for years with pre-specified catches go next
# Number of future recruitments to override
-2
# Process for overiding (-1 for average otherwise index in data list)
# Which probability to product detailed results for (1=0.5; 2=0.6; etc.)
3
# Steepness sigma-R Auto-correlation
0.718 0.5 0
# Target SPR rate (FMSY Proxy); manually change to SPR_MSY if not using SPR_target
0.5
# Discount rate (for cumulative catch)
0.1
# Truncate the series when 0.4B0 is reached (1=Yes)
0
# Set F to FMSY once 0.4B0 is reached (1=Yes)
0
# Maximum possible F for projection (-1 to set to FMSY)
-1
# Defintion of recovery (1=now only;2=now or before)
2
# Projection type
4
# Definition of the 40-10 rule
10 40
# Calculate coefficients of variation (1=Yes)
0
# Number of replicates to use
10
# Random number seed
-99004
# File with multiple parameter vectors 
rebuild.SSO
# User-specific projection (1=Yes); Output replaced (1->9)
0  5
# Catches and Fs (Year; 1/2/3 (F or C or SPR); value); Final row is -1
2016 1 1
-1 -1 -1
# Fixed catch project (1=Yes); Output replaced (1->9); Approach (-1=Read in else 1-9)
0 2 -1
# Split of Fs
2011  0.000578633
 0
 0.183459
 0.00660763
 0.289881
 0.244906
 0.274567
-1  1 1 1 1 1 1 1 1 1 1 1 1
# Yrs to define T_target for projection type 4 (a.k.a. 5 pre-specified inputs)
2022 2023 2024 2025 2026 
# Year for probability of recovery
2026 2027 2028 2029 2030 2031 2032 2033
# Time varying weight-at-age (1=Yes;0=No)
0
# File with time series of weight-at-age data
none
# Use bisection (0) or linear interpolation (1)
1
# Target Depletion
0.4
# CV of implementation error
0
